-5.000000000000000000e+00 -1.853500000000000020e-08
-4.980000000000000426e+00 -1.783000000000000150e-08
-4.960000000000000853e+00 -1.661999999999999927e-08
-4.940000000000001279e+00 -1.637999999999999844e-08
-4.920000000000001705e+00 -1.599499999999999864e-08
-4.900000000000002132e+00 -1.574999999999999876e-08
-4.880000000000002558e+00 -1.553999999999999886e-08
-4.860000000000002984e+00 -1.506000000000000052e-08
-4.840000000000003411e+00 -1.498500000000000150e-08
-4.820000000000003837e+00 -1.537000000000000131e-08
-4.800000000000004263e+00 -1.475500000000000044e-08
-4.780000000000004690e+00 -1.425999999999999997e-08
-4.760000000000005116e+00 -1.405999999999999984e-08
-4.740000000000005542e+00 -1.389499999999999968e-08
-4.720000000000005969e+00 -1.349499999999999941e-08
-4.700000000000006395e+00 -1.298999999999999919e-08
-4.680000000000006821e+00 -1.267499999999999935e-08
-4.660000000000007248e+00 -1.245000000000000064e-08
-4.640000000000007674e+00 -1.252000000000000061e-08
-4.620000000000008100e+00 -1.229999999999999930e-08
-4.600000000000008527e+00 -1.194500000000000042e-08
-4.580000000000008953e+00 -1.202500000000000014e-08
-4.560000000000009379e+00 -1.177499999999999956e-08
-4.540000000000009805e+00 -1.138500000000000070e-08
-4.520000000000010232e+00 -1.084500000000000050e-08
-4.500000000000010658e+00 -1.061499999999999943e-08
-4.480000000000011084e+00 -1.050999999999999948e-08
-4.460000000000011511e+00 -1.035500000000000074e-08
-4.440000000000011937e+00 -1.026000000000000055e-08
-4.420000000000012363e+00 -1.007499999999999923e-08
-4.400000000000012790e+00 -9.954900000000000024e-09
-4.380000000000013216e+00 -9.778900000000000632e-09
-4.360000000000013642e+00 -9.586899999999999640e-09
-4.340000000000014069e+00 -9.447800000000000400e-09
-4.320000000000014495e+00 -9.268199999999999903e-09
-4.300000000000014921e+00 -9.152200000000000717e-09
-4.280000000000015348e+00 -8.967199999999999392e-09
-4.260000000000015774e+00 -8.842099999999999482e-09
-4.240000000000016200e+00 -8.678400000000000141e-09
-4.220000000000016627e+00 -8.582400000000000472e-09
-4.200000000000017053e+00 -8.416499999999999629e-09
-4.180000000000017479e+00 -8.259100000000000152e-09
-4.160000000000017906e+00 -8.079000000000000742e-09
-4.140000000000018332e+00 -7.960800000000000055e-09
-4.120000000000018758e+00 -7.932200000000000381e-09
-4.100000000000019185e+00 -7.819400000000000522e-09
-4.080000000000019611e+00 -7.616999999999999649e-09
-4.060000000000020037e+00 -7.554700000000000806e-09
-4.040000000000020464e+00 -7.449400000000000352e-09
-4.020000000000020890e+00 -7.235199999999999996e-09
-4.000000000000021316e+00 -7.145900000000000315e-09
-3.980000000000021743e+00 -6.996700000000000044e-09
-3.960000000000022169e+00 -6.904900000000000010e-09
-3.940000000000022595e+00 -6.802799999999999711e-09
-3.920000000000023022e+00 -6.718900000000000031e-09
-3.900000000000023448e+00 -6.646799999999999836e-09
-3.880000000000023874e+00 -6.464499999999999752e-09
-3.860000000000024301e+00 -6.381900000000000058e-09
-3.840000000000024727e+00 -6.265999999999999662e-09
-3.820000000000025153e+00 -6.128000000000000345e-09
-3.800000000000025580e+00 -6.130400000000000254e-09
-3.780000000000026006e+00 -6.038400000000000158e-09
-3.760000000000026432e+00 -5.885799999999999672e-09
-3.740000000000026859e+00 -5.813900000000000365e-09
-3.720000000000027285e+00 -5.747299999999999788e-09
-3.700000000000027711e+00 -5.607499999999999920e-09
-3.680000000000028137e+00 -5.483799999999999613e-09
-3.660000000000028564e+00 -5.367799999999999600e-09
-3.640000000000028990e+00 -5.264800000000000266e-09
-3.620000000000029416e+00 -5.110400000000000054e-09
-3.600000000000029843e+00 -5.054299999999999803e-09
-3.580000000000030269e+00 -4.957400000000000272e-09
-3.560000000000030695e+00 -4.826900000000000361e-09
-3.540000000000031122e+00 -4.746400000000000070e-09
-3.520000000000031548e+00 -4.709400000000000302e-09
-3.500000000000031974e+00 -4.641400000000000123e-09
-3.480000000000032401e+00 -4.587499999999999720e-09
-3.460000000000032827e+00 -4.529999999999999866e-09
-3.440000000000033253e+00 -4.478399999999999755e-09
-3.420000000000033680e+00 -4.399000000000000215e-09
-3.400000000000034106e+00 -4.354900000000000337e-09
-3.380000000000034532e+00 -4.274800000000000169e-09
-3.360000000000034959e+00 -4.212299999999999609e-09
-3.340000000000035385e+00 -4.069300000000000413e-09
-3.320000000000035811e+00 -3.982900000000000381e-09
-3.300000000000036238e+00 -3.899499999999999614e-09
-3.280000000000036664e+00 -3.878299999999999728e-09
-3.260000000000037090e+00 -3.806900000000000161e-09
-3.240000000000037517e+00 -3.819400000000000273e-09
-3.220000000000037943e+00 -3.783499999999999601e-09
-3.200000000000038369e+00 -3.697400000000000074e-09
-3.180000000000038796e+00 -3.533399999999999813e-09
-3.160000000000039222e+00 -3.460400000000000169e-09
-3.140000000000039648e+00 -3.334900000000000137e-09
-3.120000000000040075e+00 -3.267899999999999851e-09
-3.100000000000040501e+00 -3.272900000000000144e-09
-3.080000000000040927e+00 -3.227499999999999867e-09
-3.060000000000041354e+00 -3.168900000000000090e-09
-3.040000000000041780e+00 -3.095499999999999909e-09
-3.020000000000042206e+00 -3.004999999999999859e-09
-3.000000000000042633e+00 -2.943900000000000143e-09
-2.980000000000043059e+00 -2.850500000000000031e-09
-2.960000000000043485e+00 -2.801499999999999890e-09
-2.940000000000043912e+00 -2.736000000000000065e-09
-2.920000000000044338e+00 -2.678899999999999920e-09
-2.900000000000044764e+00 -2.643000000000000075e-09
-2.880000000000045191e+00 -2.592399999999999857e-09
-2.860000000000045617e+00 -2.558000000000000059e-09
-2.840000000000046043e+00 -2.508999999999999918e-09
-2.820000000000046469e+00 -2.461999999999999977e-09
-2.800000000000046896e+00 -2.391000000000000119e-09
-2.780000000000047322e+00 -2.357000000000000029e-09
-2.760000000000047748e+00 -2.335900000000000174e-09
-2.740000000000048175e+00 -2.275899999999999968e-09
-2.720000000000048601e+00 -2.211999999999999806e-09
-2.700000000000049027e+00 -2.176999999999999824e-09
-2.680000000000049454e+00 -2.141999999999999841e-09
-2.660000000000049880e+00 -2.083999999999999834e-09
-2.640000000000050306e+00 -2.029400000000000044e-09
-2.620000000000050733e+00 -1.997500000000000185e-09
-2.600000000000051159e+00 -1.941399999999999934e-09
-2.580000000000051585e+00 -1.927000000000000066e-09
-2.560000000000052012e+00 -1.859500000000000041e-09
-2.540000000000052438e+00 -1.834500000000000024e-09
-2.520000000000052864e+00 -1.799400000000000011e-09
-2.500000000000053291e+00 -1.730900000000000092e-09
-2.480000000000053717e+00 -1.693499999999999994e-09
-2.460000000000054143e+00 -1.642500000000000067e-09
-2.440000000000054570e+00 -1.600899999999999921e-09
-2.420000000000054996e+00 -1.597499999999999912e-09
-2.400000000000055422e+00 -1.546000000000000038e-09
-2.380000000000055849e+00 -1.515999999999999935e-09
-2.360000000000056275e+00 -1.501999999999999983e-09
-2.340000000000056701e+00 -1.437500000000000051e-09
-2.320000000000057128e+00 -1.416000000000000073e-09
-2.300000000000057554e+00 -1.397999999999999929e-09
-2.280000000000057980e+00 -1.376499999999999951e-09
-2.260000000000058407e+00 -1.394500000000000096e-09
-2.240000000000058833e+00 -1.349499999999999941e-09
-2.220000000000059259e+00 -1.306499999999999986e-09
-2.200000000000059686e+00 -1.275999999999999936e-09
-2.180000000000060112e+00 -1.257899999999999968e-09
-2.160000000000060538e+00 -1.206499999999999918e-09
-2.140000000000060965e+00 -1.203999999999999978e-09
-2.120000000000061391e+00 -1.208900000000000034e-09
-2.100000000000061817e+00 -1.122999999999999948e-09
-2.080000000000062244e+00 -1.149000000000000065e-09
-2.060000000000062670e+00 -1.117499999999999915e-09
-2.040000000000063096e+00 -1.057499999999999915e-09
-2.020000000000063523e+00 -1.041000000000000024e-09
-2.000000000000063949e+00 -1.028499999999999912e-09
-1.980000000000064375e+00 -1.048999999999999996e-09
-1.960000000000064801e+00 -1.011500000000000074e-09
-1.940000000000065228e+00 -9.934499999999999143e-10
-1.920000000000065654e+00 -9.812299999999999296e-10
-1.900000000000066080e+00 -9.376299999999999975e-10
-1.880000000000066507e+00 -9.379200000000000037e-10
-1.860000000000066933e+00 -9.104599999999999765e-10
-1.840000000000067359e+00 -8.884899999999999996e-10
-1.820000000000067786e+00 -8.697899999999999505e-10
-1.800000000000068212e+00 -8.413400000000000125e-10
-1.780000000000068638e+00 -8.232899999999999560e-10
-1.760000000000069065e+00 -8.043600000000000017e-10
-1.740000000000069491e+00 -8.003600000000000155e-10
-1.720000000000069917e+00 -7.781799999999999949e-10
-1.700000000000070344e+00 -7.445900000000000106e-10
-1.680000000000070770e+00 -7.058499999999999975e-10
-1.660000000000071196e+00 -7.131000000000000501e-10
-1.640000000000071623e+00 -6.880000000000000023e-10
-1.620000000000072049e+00 -6.753600000000000336e-10
-1.600000000000072475e+00 -6.816099999999999861e-10
-1.580000000000072902e+00 -6.577099999999999963e-10
-1.560000000000073328e+00 -6.463899999999999775e-10
-1.540000000000073754e+00 -6.213600000000000132e-10
-1.520000000000074181e+00 -5.974000000000000257e-10
-1.500000000000074607e+00 -5.815400000000000411e-10
-1.480000000000075033e+00 -5.728399999999999575e-10
-1.460000000000075460e+00 -5.547100000000000418e-10
-1.440000000000075886e+00 -5.341600000000000455e-10
-1.420000000000076312e+00 -5.165100000000000082e-10
-1.400000000000076739e+00 -4.999099999999999829e-10
-1.380000000000077165e+00 -4.851000000000000102e-10
-1.360000000000077591e+00 -4.675099999999999707e-10
-1.340000000000078018e+00 -4.549000000000000008e-10
-1.320000000000078444e+00 -4.453999999999999819e-10
-1.300000000000078870e+00 -4.384000000000000060e-10
-1.280000000000079297e+00 -4.429500000000000058e-10
-1.260000000000079723e+00 -4.334000000000000233e-10
-1.240000000000080149e+00 -4.221499999999999846e-10
-1.220000000000080576e+00 -4.022900000000000139e-10
-1.200000000000081002e+00 -3.878399999999999759e-10
-1.180000000000081428e+00 -3.749499999999999822e-10
-1.160000000000081855e+00 -3.624999999999999890e-10
-1.140000000000082281e+00 -3.492399999999999748e-10
-1.120000000000082707e+00 -3.371500000000000196e-10
-1.100000000000083134e+00 -3.228999999999999913e-10
-1.080000000000083560e+00 -3.123500000000000122e-10
-1.060000000000083986e+00 -3.036000000000000166e-10
-1.040000000000084412e+00 -2.944500000000000017e-10
-1.020000000000084839e+00 -2.844400000000000021e-10
-1.000000000000085265e+00 -2.754099999999999826e-10
-9.800000000000856915e-01 -2.614899999999999935e-10
-9.600000000000861178e-01 -2.525500000000000223e-10
-9.400000000000865441e-01 -2.412399999999999859e-10
-9.200000000000869704e-01 -2.300000000000000071e-10
-9.000000000000873968e-01 -2.188000000000000096e-10
-8.800000000000878231e-01 -2.102000000000000083e-10
-8.600000000000882494e-01 -1.985500000000000020e-10
-8.400000000000886757e-01 -1.889500000000000041e-10
-8.200000000000891021e-01 -1.895500000000000072e-10
-8.000000000000895284e-01 -1.689499999999999956e-10
-7.800000000000899547e-01 -1.729999999999999971e-10
-7.600000000000903810e-01 -1.518999999999999873e-10
-7.400000000000908074e-01 -1.386500000000000072e-10
-7.200000000000912337e-01 -1.414499999999999872e-10
-7.000000000000916600e-01 -1.216499999999999883e-10
-6.800000000000920863e-01 -1.139500000000000046e-10
-6.600000000000925127e-01 -1.083000000000000034e-10
-6.400000000000929390e-01 -1.038999999999999979e-10
-6.200000000000933653e-01 -9.220000000000000214e-11
-6.000000000000937916e-01 -8.504800000000000192e-11
-5.800000000000942180e-01 -7.910099999999999909e-11
-5.600000000000946443e-01 -7.370099999999999706e-11
-5.400000000000950706e-01 -7.495200000000000132e-11
-5.200000000000954969e-01 -6.895100000000000054e-11
-5.000000000000959233e-01 -5.720100000000000234e-11
-4.800000000000963496e-01 -5.124999999999999751e-11
-4.600000000000967759e-01 -5.010100000000000230e-11
-4.400000000000972022e-01 -4.670099999999999982e-11
-4.200000000000976286e-01 -3.730000000000000303e-11
-4.000000000000980549e-01 -3.264999999999999840e-11
-3.800000000000984812e-01 -2.919999999999999998e-11
-3.600000000000989075e-01 -2.975000000000000066e-11
-3.400000000000993339e-01 -2.170000000000000003e-11
-3.200000000000997602e-01 -2.154999999999999925e-11
-3.000000000001001865e-01 -1.790000000000000087e-11
-2.800000000001006129e-01 -1.210000000000000054e-11
-2.600000000001010392e-01 -9.399999999999999528e-12
-2.400000000001014655e-01 -6.499899999999999799e-12
-2.200000000001018918e-01 -4.549900000000000232e-12
-2.000000000001023182e-01 -1.800000000000000004e-12
-1.800000000001027445e-01 4.500000000000000010e-13
-1.600000000001031708e-01 2.499999999999999849e-12
-1.400000000001035971e-01 4.449999999999999820e-12
-1.200000000001040235e-01 6.350000000000000205e-12
-1.000000000001044498e-01 8.050000000000000636e-12
-8.000000000010487611e-02 9.150000000000000392e-12
-6.000000000010530243e-02 1.160000000000000066e-11
-4.000000000010572876e-02 1.350000000000000023e-11
-2.000000000010615508e-02 1.515000000000000067e-11
-1.065814103640150279e-13 1.695000000000000028e-11
1.999999999989299226e-02 1.885000000000000147e-11
3.999999999989256594e-02 2.045000000000000111e-11
5.999999999989213961e-02 2.229999999999999989e-11
7.999999999989171329e-02 2.420000000000000109e-11
9.999999999989128696e-02 2.735000000000000120e-11
1.199999999998908606e-01 2.929900000000000269e-11
1.399999999998904343e-01 3.210099999999999983e-11
1.599999999998900080e-01 3.280100000000000129e-11
1.799999999998895817e-01 3.545099999999999990e-11
1.999999999998891553e-01 3.774899999999999677e-11
2.199999999998887290e-01 4.029999999999999913e-11
2.399999999998883027e-01 4.305000000000000256e-11
2.599999999998878764e-01 4.659899999999999723e-11
2.799999999998874500e-01 4.999899999999999971e-11
2.999999999998870237e-01 5.350000000000000266e-11
3.199999999998865974e-01 5.715099999999999993e-11
3.399999999998861711e-01 6.134799999999999588e-11
3.599999999998857447e-01 6.565099999999999642e-11
3.799999999998853184e-01 6.955100000000000364e-11
3.999999999998848921e-01 7.440100000000000498e-11
4.199999999998844658e-01 7.935000000000000257e-11
4.399999999998840394e-01 8.409999999999999910e-11
4.599999999998836131e-01 8.875000000000000372e-11
4.799999999998831868e-01 9.454900000000000355e-11
4.999999999998827604e-01 1.005000000000000019e-10
5.199999999998823341e-01 1.064999999999999941e-10
5.399999999998819078e-01 1.110499999999999939e-10
5.599999999998814815e-01 1.181999999999999899e-10
5.799999999998810551e-01 1.251500000000000021e-10
5.999999999998806288e-01 1.325000000000000077e-10
6.199999999998802025e-01 1.405000000000000060e-10
6.399999999998797762e-01 1.483999999999999994e-10
6.599999999998793498e-01 1.571499999999999950e-10
6.799999999998789235e-01 1.663000000000000099e-10
6.999999999998784972e-01 1.753000000000000047e-10
7.199999999998780709e-01 1.851500000000000017e-10
7.399999999998776445e-01 1.953500000000000027e-10
7.599999999998772182e-01 2.055999999999999931e-10
7.799999999998767919e-01 2.167000000000000117e-10
7.999999999998763656e-01 2.276999999999999995e-10
8.199999999998759392e-01 2.390999999999999808e-10
8.399999999998755129e-01 2.504499999999999985e-10
8.599999999998750866e-01 2.626399999999999843e-10
8.799999999998746603e-01 2.758000000000000195e-10
8.999999999998742339e-01 2.874000000000000105e-10
9.199999999998738076e-01 3.005999999999999753e-10
9.399999999998733813e-01 3.150999999999999769e-10
9.599999999998729550e-01 3.304399999999999984e-10
9.799999999998725286e-01 3.455899999999999926e-10
9.999999999998721023e-01 3.610599999999999919e-10
1.019999999999871676e+00 3.783900000000000241e-10
1.039999999999871250e+00 3.951999999999999898e-10
1.059999999999870823e+00 4.132899999999999759e-10
1.079999999999870397e+00 4.305399999999999939e-10
1.099999999999869971e+00 4.492500000000000254e-10
1.119999999999869544e+00 4.673100000000000127e-10
1.139999999999869118e+00 4.747600000000000232e-10
1.159999999999868692e+00 4.847900000000000392e-10
1.179999999999868265e+00 5.034600000000000378e-10
1.199999999999867839e+00 5.219100000000000103e-10
1.219999999999867413e+00 5.412599999999999486e-10
1.239999999999866986e+00 5.605900000000000256e-10
1.259999999999866560e+00 5.812000000000000196e-10
1.279999999999866134e+00 6.012899999999999988e-10
1.299999999999865707e+00 6.195400000000000133e-10
1.319999999999865281e+00 6.393999999999999840e-10
1.339999999999864855e+00 6.614899999999999563e-10
1.359999999999864428e+00 6.834800000000000014e-10
1.379999999999864002e+00 7.036100000000000136e-10
1.399999999999863576e+00 7.280499999999999829e-10
1.419999999999863149e+00 7.529499999999999693e-10
1.439999999999862723e+00 7.792100000000000420e-10
1.459999999999862297e+00 8.065499999999999703e-10
1.479999999999861870e+00 8.351999999999999696e-10
1.499999999999861444e+00 8.637899999999999712e-10
1.519999999999861018e+00 8.932300000000000267e-10
1.539999999999860592e+00 9.223099999999999925e-10
1.559999999999860165e+00 9.525199999999999326e-10
1.579999999999859739e+00 9.828199999999999210e-10
1.599999999999859313e+00 1.014499999999999961e-09
1.619999999999858886e+00 1.045499999999999957e-09
1.639999999999858460e+00 1.073500000000000067e-09
1.659999999999858034e+00 1.087000000000000072e-09
1.679999999999857607e+00 1.116999999999999968e-09
1.699999999999857181e+00 1.148499999999999911e-09
1.719999999999856755e+00 1.182999999999999947e-09
1.739999999999856328e+00 1.221000000000000023e-09
1.759999999999855902e+00 1.260399999999999908e-09
1.779999999999855476e+00 1.299900000000000030e-09
1.799999999999855049e+00 1.347499999999999948e-09
1.819999999999854623e+00 1.399999999999999922e-09
1.839999999999854197e+00 1.430999999999999918e-09
1.859999999999853770e+00 1.479499999999999906e-09
1.879999999999853344e+00 1.528999999999999993e-09
1.899999999999852918e+00 1.578500000000000081e-09
1.919999999999852491e+00 1.630900000000000024e-09
1.939999999999852065e+00 1.681500000000000035e-09
1.959999999999851639e+00 1.752900000000000016e-09
1.979999999999851212e+00 1.788000000000000029e-09
1.999999999999850786e+00 1.843900000000000012e-09
2.019999999999850360e+00 1.901999999999999843e-09
2.039999999999849933e+00 1.957000000000000170e-09
2.059999999999849507e+00 2.016899999999999932e-09
2.079999999999849081e+00 2.094899999999999869e-09
2.099999999999848654e+00 2.186399999999999812e-09
2.119999999999848228e+00 2.248999999999999988e-09
2.139999999999847802e+00 2.314000000000000074e-09
2.159999999999847375e+00 2.379499999999999900e-09
2.179999999999846949e+00 2.446400000000000155e-09
2.199999999999846523e+00 2.518399999999999906e-09
2.219999999999846096e+00 2.590500000000000102e-09
2.239999999999845670e+00 2.660400000000000036e-09
2.259999999999845244e+00 2.736400000000000187e-09
2.279999999999844817e+00 2.809000000000000123e-09
2.299999999999844391e+00 2.876999999999999888e-09
2.319999999999843965e+00 2.950999999999999839e-09
2.339999999999843538e+00 3.027899999999999853e-09
2.359999999999843112e+00 3.111899999999999976e-09
2.379999999999842686e+00 3.185999999999999958e-09
2.399999999999842260e+00 3.267500000000000142e-09
2.419999999999841833e+00 3.350900000000000081e-09
2.439999999999841407e+00 3.435399999999999945e-09
2.459999999999840981e+00 3.533399999999999813e-09
2.479999999999840554e+00 3.608899999999999811e-09
2.499999999999840128e+00 3.703900000000000000e-09
2.519999999999839702e+00 3.797800000000000265e-09
2.539999999999839275e+00 3.877799999999999989e-09
2.559999999999838849e+00 3.970400000000000269e-09
2.579999999999838423e+00 4.071799999999999939e-09
2.599999999999837996e+00 4.171399999999999885e-09
2.619999999999837570e+00 4.283999999999999682e-09
2.639999999999837144e+00 4.373300000000000190e-09
2.659999999999836717e+00 4.495400000000000007e-09
2.679999999999836291e+00 4.616399999999999899e-09
2.699999999999835865e+00 4.741000000000000068e-09
2.719999999999835438e+00 4.863999999999999747e-09
2.739999999999835012e+00 4.951299999999999642e-09
2.759999999999834586e+00 5.100400000000000296e-09
2.779999999999834159e+00 5.208900000000000076e-09
2.799999999999833733e+00 5.365799999999999813e-09
2.819999999999833307e+00 5.468799999999999975e-09
2.839999999999832880e+00 5.597500000000000161e-09
2.859999999999832454e+00 5.750299999999999881e-09
2.879999999999832028e+00 5.895400000000000135e-09
2.899999999999831601e+00 6.046800000000000253e-09
2.919999999999831175e+00 6.157999999999999621e-09
2.939999999999830749e+00 6.335800000000000393e-09
2.959999999999830322e+00 6.514300000000000138e-09
2.979999999999829896e+00 6.626800000000000319e-09
2.999999999999829470e+00 6.857399999999999915e-09
3.019999999999829043e+00 6.984300000000000376e-09
3.039999999999828617e+00 7.154800000000000150e-09
3.059999999999828191e+00 7.338899999999999958e-09
3.079999999999827764e+00 7.506099999999999960e-09
3.099999999999827338e+00 7.704799999999999284e-09
3.119999999999826912e+00 7.914400000000000711e-09
3.139999999999826485e+00 8.116799999999999929e-09
3.159999999999826059e+00 8.318700000000000235e-09
3.179999999999825633e+00 8.488299999999999319e-09
3.199999999999825206e+00 8.741599999999999674e-09
3.219999999999824780e+00 8.978099999999999840e-09
3.239999999999824354e+00 9.163099999999999511e-09
3.259999999999823928e+00 9.336400000000000143e-09
3.279999999999823501e+00 9.515600000000000517e-09
3.299999999999823075e+00 9.752899999999999274e-09
3.319999999999822649e+00 9.930299999999999923e-09
3.339999999999822222e+00 1.017800000000000021e-08
3.359999999999821796e+00 1.047000000000000045e-08
3.379999999999821370e+00 1.063500000000000060e-08
3.399999999999820943e+00 1.088000000000000048e-08
3.419999999999820517e+00 1.117999999999999986e-08
3.439999999999820091e+00 1.143000000000000044e-08
3.459999999999819664e+00 1.165999999999999985e-08
3.479999999999819238e+00 1.190499999999999973e-08
3.499999999999818812e+00 1.220000000000000006e-08
3.519999999999818385e+00 1.243999999999999923e-08
3.539999999999817959e+00 1.273000000000000050e-08
3.559999999999817533e+00 1.296999999999999967e-08
3.579999999999817106e+00 1.320000000000000074e-08
3.599999999999816680e+00 1.354499999999999986e-08
3.619999999999816254e+00 1.379999999999999949e-08
3.639999999999815827e+00 1.416499999999999979e-08
3.659999999999815401e+00 1.457000000000000076e-08
3.679999999999814975e+00 1.474999999999999973e-08
3.699999999999814548e+00 1.506000000000000052e-08
3.719999999999814122e+00 1.542999999999999986e-08
3.739999999999813696e+00 1.574999999999999876e-08
3.759999999999813269e+00 1.611499999999999905e-08
3.779999999999812843e+00 1.644000000000000030e-08
3.799999999999812417e+00 1.680500000000000059e-08
3.819999999999811990e+00 1.722500000000000039e-08
3.839999999999811564e+00 1.752999999999999881e-08
3.859999999999811138e+00 1.794999999999999861e-08
3.879999999999810711e+00 1.832999999999999936e-08
3.899999999999810285e+00 1.870500000000000106e-08
3.919999999999809859e+00 1.923999999999999891e-08
3.939999999999809432e+00 1.992500000000000140e-08
3.959999999999809006e+00 2.028999999999999838e-08
3.979999999999808580e+00 2.071000000000000148e-08
3.999999999999808153e+00 2.118999999999999982e-08
4.019999999999807727e+00 2.161499999999999867e-08
4.039999999999807301e+00 2.208499999999999891e-08
4.059999999999806874e+00 2.240500000000000111e-08
4.079999999999806448e+00 2.282500000000000090e-08
4.099999999999806022e+00 2.330000000000000019e-08
4.119999999999805596e+00 2.380500000000000041e-08
4.139999999999805169e+00 2.420999999999999974e-08
4.159999999999804743e+00 2.465500000000000140e-08
4.179999999999804317e+00 2.508999999999999835e-08
4.199999999999803890e+00 2.565999999999999948e-08
4.219999999999803464e+00 2.602999999999999883e-08
4.239999999999803038e+00 2.639000000000000007e-08
4.259999999999802611e+00 2.689999999999999934e-08
4.279999999999802185e+00 2.741500000000000097e-08
4.299999999999801759e+00 2.779499999999999842e-08
4.319999999999801332e+00 2.811500000000000062e-08
4.339999999999800906e+00 2.853000000000000136e-08
4.359999999999800480e+00 2.914999999999999963e-08
4.379999999999800053e+00 2.975500000000000075e-08
4.399999999999799627e+00 3.026399999999999889e-08
4.419999999999799201e+00 3.070099999999999810e-08
4.439999999999798774e+00 3.076999999999999693e-08
4.459999999999798348e+00 3.079899999999999673e-08
4.479999999999797922e+00 3.118999999999999673e-08
4.499999999999797495e+00 3.186500000000000112e-08
4.519999999999797069e+00 3.295499999999999963e-08
4.539999999999796643e+00 3.349500000000000314e-08
4.559999999999796216e+00 3.402400000000000079e-08
4.579999999999795790e+00 3.456100000000000090e-08
4.599999999999795364e+00 3.508999999999999856e-08
4.619999999999794937e+00 3.556500000000000116e-08
4.639999999999794511e+00 3.567000000000000111e-08
4.659999999999794085e+00 3.585899999999999704e-08
4.679999999999793658e+00 3.684499999999999674e-08
4.699999999999793232e+00 3.790100000000000302e-08
4.719999999999792806e+00 3.843000000000000068e-08
4.739999999999792379e+00 3.913600000000000051e-08
4.759999999999791953e+00 3.927000000000000026e-08
4.779999999999791527e+00 3.951899999999999805e-08
4.799999999999791100e+00 3.993899999999999784e-08
4.819999999999790674e+00 4.102499999999999843e-08
4.839999999999790248e+00 4.154600000000000025e-08
4.859999999999789821e+00 4.232400000000000232e-08
4.879999999999789395e+00 4.278400000000000115e-08
4.899999999999788969e+00 4.325600000000000035e-08
4.919999999999788542e+00 4.297000000000000030e-08
4.939999999999788116e+00 4.442500000000000241e-08
4.959999999999787690e+00 4.463400000000000117e-08
4.979999999999787264e+00 4.461399999999999835e-08
4.999999999999786837e+00 4.509400000000000000e-08
