-5.000000000000000000e+00 -2.394500000000000034e-08
-4.980000000000000426e+00 -2.188500000000000042e-08
-4.960000000000000853e+00 -2.232000000000000068e-08
-4.940000000000001279e+00 -2.183000000000000092e-08
-4.920000000000001705e+00 -2.153500000000000060e-08
-4.900000000000002132e+00 -2.160999999999999962e-08
-4.880000000000002558e+00 -2.153999999999999965e-08
-4.860000000000002984e+00 -2.110000000000000034e-08
-4.840000000000003411e+00 -2.053500000000000157e-08
-4.820000000000003837e+00 -1.976499999999999865e-08
-4.800000000000004263e+00 -1.876000000000000056e-08
-4.780000000000004690e+00 -1.804999999999999950e-08
-4.760000000000005116e+00 -1.721499999999999897e-08
-4.740000000000005542e+00 -1.704500000000000142e-08
-4.720000000000005969e+00 -1.674499999999999873e-08
-4.700000000000006395e+00 -1.661000000000000116e-08
-4.680000000000006821e+00 -1.670499999999999970e-08
-4.660000000000007248e+00 -1.649499999999999980e-08
-4.640000000000007674e+00 -1.614000000000000093e-08
-4.620000000000008100e+00 -1.596500000000000101e-08
-4.600000000000008527e+00 -1.642999999999999889e-08
-4.580000000000008953e+00 -1.572500000000000019e-08
-4.560000000000009379e+00 -1.555000000000000028e-08
-4.540000000000009805e+00 -1.520000000000000045e-08
-4.520000000000010232e+00 -1.471499999999999975e-08
-4.500000000000010658e+00 -1.456500000000000006e-08
-4.480000000000011084e+00 -1.438000000000000039e-08
-4.460000000000011511e+00 -1.423000000000000070e-08
-4.440000000000011937e+00 -1.395499999999999989e-08
-4.420000000000012363e+00 -1.381499999999999996e-08
-4.400000000000012790e+00 -1.334499999999999972e-08
-4.380000000000013216e+00 -1.316500000000000076e-08
-4.360000000000013642e+00 -1.288499999999999924e-08
-4.340000000000014069e+00 -1.260499999999999938e-08
-4.320000000000014495e+00 -1.254999999999999988e-08
-4.300000000000014921e+00 -1.248999999999999968e-08
-4.280000000000015348e+00 -1.208500000000000035e-08
-4.260000000000015774e+00 -1.191499999999999949e-08
-4.240000000000016200e+00 -1.173500000000000053e-08
-4.220000000000016627e+00 -1.157000000000000037e-08
-4.200000000000017053e+00 -1.127500000000000005e-08
-4.180000000000017479e+00 -1.103499999999999922e-08
-4.160000000000017906e+00 -1.084999999999999955e-08
-4.140000000000018332e+00 -1.070500000000000057e-08
-4.120000000000018758e+00 -1.042000000000000000e-08
-4.100000000000019185e+00 -1.025000000000000079e-08
-4.080000000000019611e+00 -1.011499999999999992e-08
-4.060000000000020037e+00 -9.939800000000000769e-09
-4.040000000000020464e+00 -9.798500000000000026e-09
-4.020000000000020890e+00 -9.656099999999999360e-09
-4.000000000000021316e+00 -9.468300000000000484e-09
-3.980000000000021743e+00 -9.351899999999999521e-09
-3.960000000000022169e+00 -9.206800000000000095e-09
-3.940000000000022595e+00 -9.017199999999999839e-09
-3.920000000000023022e+00 -8.850699999999999639e-09
-3.900000000000023448e+00 -8.677000000000000539e-09
-3.880000000000023874e+00 -8.522800000000000389e-09
-3.860000000000024301e+00 -8.375499999999999460e-09
-3.840000000000024727e+00 -8.060799999999999296e-09
-3.820000000000025153e+00 -7.949000000000000571e-09
-3.800000000000025580e+00 -7.740699999999999956e-09
-3.780000000000026006e+00 -7.828000000000000679e-09
-3.760000000000026432e+00 -7.841199999999999764e-09
-3.740000000000026859e+00 -7.804400000000000057e-09
-3.720000000000027285e+00 -7.497399999999999359e-09
-3.700000000000027711e+00 -7.258399999999999668e-09
-3.680000000000028137e+00 -7.114699999999999843e-09
-3.660000000000028564e+00 -7.011699999999999682e-09
-3.640000000000028990e+00 -6.888700000000000003e-09
-3.620000000000029416e+00 -6.784399999999999857e-09
-3.600000000000029843e+00 -6.719399999999999771e-09
-3.580000000000030269e+00 -6.752800000000000090e-09
-3.560000000000030695e+00 -6.434400000000000032e-09
-3.540000000000031122e+00 -6.377399999999999918e-09
-3.520000000000031548e+00 -6.268900000000000138e-09
-3.500000000000031974e+00 -6.130899999999999994e-09
-3.480000000000032401e+00 -6.029899999999999619e-09
-3.460000000000032827e+00 -5.858999999999999723e-09
-3.440000000000033253e+00 -5.803299999999999595e-09
-3.420000000000033680e+00 -5.681399999999999840e-09
-3.400000000000034106e+00 -5.529299999999999921e-09
-3.380000000000034532e+00 -5.476300000000000207e-09
-3.360000000000034959e+00 -5.360300000000000194e-09
-3.340000000000035385e+00 -5.244799999999999921e-09
-3.320000000000035811e+00 -5.120500000000000257e-09
-3.300000000000036238e+00 -5.078800000000000287e-09
-3.280000000000036664e+00 -4.921899999999999723e-09
-3.260000000000037090e+00 -4.870299999999999612e-09
-3.240000000000037517e+00 -4.811400000000000156e-09
-3.220000000000037943e+00 -4.739799999999999700e-09
-3.200000000000038369e+00 -4.559999999999999970e-09
-3.180000000000038796e+00 -4.484899999999999681e-09
-3.160000000000039222e+00 -4.402399999999999604e-09
-3.140000000000039648e+00 -4.346500000000000242e-09
-3.120000000000040075e+00 -4.277400000000000139e-09
-3.100000000000040501e+00 -4.182300000000000333e-09
-3.080000000000040927e+00 -4.090399999999999854e-09
-3.060000000000041354e+00 -3.964499999999999700e-09
-3.040000000000041780e+00 -3.941500000000000089e-09
-3.020000000000042206e+00 -3.923300000000000297e-09
-3.000000000000042633e+00 -3.874900000000000340e-09
-2.980000000000043059e+00 -3.799399999999999929e-09
-2.960000000000043485e+00 -3.704400000000000153e-09
-2.940000000000043912e+00 -3.650899999999999873e-09
-2.920000000000044338e+00 -3.575900000000000028e-09
-2.900000000000044764e+00 -3.505399999999999910e-09
-2.880000000000045191e+00 -3.424499999999999910e-09
-2.860000000000045617e+00 -3.365900000000000133e-09
-2.840000000000046043e+00 -3.302899999999999834e-09
-2.820000000000046469e+00 -3.289000000000000119e-09
-2.800000000000046896e+00 -3.255000000000000030e-09
-2.780000000000047322e+00 -3.191399999999999960e-09
-2.760000000000047748e+00 -3.016400000000000047e-09
-2.740000000000048175e+00 -2.993900000000000177e-09
-2.720000000000048601e+00 -2.948900000000000022e-09
-2.700000000000049027e+00 -2.853899999999999833e-09
-2.680000000000049454e+00 -2.806500000000000183e-09
-2.660000000000049880e+00 -2.747499999999999870e-09
-2.640000000000050306e+00 -2.682400000000000167e-09
-2.620000000000050733e+00 -2.611900000000000048e-09
-2.600000000000051159e+00 -2.515399999999999813e-09
-2.580000000000051585e+00 -2.457899999999999960e-09
-2.560000000000052012e+00 -2.487900000000000063e-09
-2.540000000000052438e+00 -2.443500000000000092e-09
-2.520000000000052864e+00 -2.368399999999999804e-09
-2.500000000000053291e+00 -2.371399999999999897e-09
-2.480000000000053717e+00 -2.297499999999999976e-09
-2.460000000000054143e+00 -2.223500000000000025e-09
-2.440000000000054570e+00 -2.275399999999999815e-09
-2.420000000000054996e+00 -2.254399999999999991e-09
-2.400000000000055422e+00 -2.171999999999999944e-09
-2.380000000000055849e+00 -2.144899999999999903e-09
-2.360000000000056275e+00 -2.113999999999999938e-09
-2.340000000000056701e+00 -2.085499999999999881e-09
-2.320000000000057128e+00 -2.016000000000000069e-09
-2.300000000000057554e+00 -1.991499999999999999e-09
-2.280000000000057980e+00 -1.939500000000000178e-09
-2.260000000000058407e+00 -1.906399999999999951e-09
-2.240000000000058833e+00 -1.859000000000000094e-09
-2.220000000000059259e+00 -1.833499999999999924e-09
-2.200000000000059686e+00 -1.747899999999999930e-09
-2.180000000000060112e+00 -1.699399999999999943e-09
-2.160000000000060538e+00 -1.619999999999999989e-09
-2.140000000000060965e+00 -1.588500000000000046e-09
-2.120000000000061391e+00 -1.635000000000000041e-09
-2.100000000000061817e+00 -1.593900000000000048e-09
-2.080000000000062244e+00 -1.556900000000000073e-09
-2.060000000000062670e+00 -1.534500000000000026e-09
-2.040000000000063096e+00 -1.499500000000000043e-09
-2.020000000000063523e+00 -1.447500000000000016e-09
-2.000000000000063949e+00 -1.401999999999999915e-09
-1.980000000000064375e+00 -1.358999999999999960e-09
-1.960000000000064801e+00 -1.331399999999999973e-09
-1.940000000000065228e+00 -1.283000000000000016e-09
-1.920000000000065654e+00 -1.252499999999999966e-09
-1.900000000000066080e+00 -1.238000000000000068e-09
-1.880000000000066507e+00 -1.228999999999999995e-09
-1.860000000000066933e+00 -1.211399999999999973e-09
-1.840000000000067359e+00 -1.192499999999999966e-09
-1.820000000000067786e+00 -1.140399999999999908e-09
-1.800000000000068212e+00 -1.128499999999999980e-09
-1.780000000000068638e+00 -1.101999999999999917e-09
-1.760000000000069065e+00 -1.073500000000000067e-09
-1.740000000000069491e+00 -1.050000000000000096e-09
-1.720000000000069917e+00 -1.014000000000000014e-09
-1.700000000000070344e+00 -1.009500000000000081e-09
-1.680000000000070770e+00 -1.002299999999999941e-09
-1.660000000000071196e+00 -9.566800000000000506e-10
-1.640000000000071623e+00 -9.299599999999999609e-10
-1.620000000000072049e+00 -9.103499999999999634e-10
-1.600000000000072475e+00 -8.954500000000000459e-10
-1.580000000000072902e+00 -8.780599999999999643e-10
-1.560000000000073328e+00 -8.458899999999999606e-10
-1.540000000000073754e+00 -8.765000000000000235e-10
-1.520000000000074181e+00 -8.670000000000000046e-10
-1.500000000000074607e+00 -8.517399999999999973e-10
-1.480000000000075033e+00 -8.178600000000000068e-10
-1.460000000000075460e+00 -7.987899999999999889e-10
-1.440000000000075886e+00 -7.688099999999999538e-10
-1.420000000000076312e+00 -7.485399999999999814e-10
-1.400000000000076739e+00 -7.343600000000000366e-10
-1.380000000000077165e+00 -7.268899999999999580e-10
-1.360000000000077591e+00 -7.041499999999999931e-10
-1.340000000000078018e+00 -6.778900000000000238e-10
-1.320000000000078444e+00 -6.604400000000000479e-10
-1.300000000000078870e+00 -6.578499999999999565e-10
-1.280000000000079297e+00 -6.525900000000000181e-10
-1.260000000000079723e+00 -6.436399999999999611e-10
-1.240000000000080149e+00 -6.224399999999999723e-10
-1.220000000000080576e+00 -6.058400000000000503e-10
-1.200000000000081002e+00 -5.856600000000000228e-10
-1.180000000000081428e+00 -5.624999999999999704e-10
-1.160000000000081855e+00 -5.286400000000000480e-10
-1.140000000000082281e+00 -4.961900000000000205e-10
-1.120000000000082707e+00 -4.796400000000000105e-10
-1.100000000000083134e+00 -4.605000000000000124e-10
-1.080000000000083560e+00 -4.426500000000000172e-10
-1.060000000000083986e+00 -4.260499999999999918e-10
-1.040000000000084412e+00 -4.138999999999999873e-10
-1.020000000000084839e+00 -3.963999999999999960e-10
-1.000000000000085265e+00 -3.840499999999999818e-10
-9.800000000000856915e-01 -3.801999999999999899e-10
-9.600000000000861178e-01 -3.728899999999999914e-10
-9.400000000000865441e-01 -3.589499999999999857e-10
-9.200000000000869704e-01 -3.481900000000000146e-10
-9.000000000000873968e-01 -3.348499999999999862e-10
-8.800000000000878231e-01 -3.166499999999999870e-10
-8.600000000000882494e-01 -3.052100000000000245e-10
-8.400000000000886757e-01 -2.887500000000000110e-10
-8.200000000000891021e-01 -2.817000000000000198e-10
-8.000000000000895284e-01 -2.577599999999999970e-10
-7.800000000000899547e-01 -2.430100000000000221e-10
-7.600000000000903810e-01 -2.377999999999999957e-10
-7.400000000000908074e-01 -2.233999999999999989e-10
-7.200000000000912337e-01 -2.081000000000000103e-10
-7.000000000000916600e-01 -1.929499999999999903e-10
-6.800000000000920863e-01 -1.850000000000000074e-10
-6.600000000000925127e-01 -1.696999999999999930e-10
-6.400000000000929390e-01 -1.594999999999999920e-10
-6.200000000000933653e-01 -1.475499999999999971e-10
-6.000000000000937916e-01 -1.434500000000000061e-10
-5.800000000000942180e-01 -1.380999999999999936e-10
-5.600000000000946443e-01 -1.317500000000000103e-10
-5.400000000000950706e-01 -1.128500000000000032e-10
-5.200000000000954969e-01 -1.084499999999999977e-10
-5.000000000000959233e-01 -9.745100000000000552e-11
-4.800000000000963496e-01 -9.369900000000000131e-11
-4.600000000000967759e-01 -8.280000000000000100e-11
-4.400000000000972022e-01 -7.479899999999999420e-11
-4.200000000000976286e-01 -6.830099999999999503e-11
-4.000000000000980549e-01 -6.204800000000000380e-11
-3.800000000000984812e-01 -5.600000000000000049e-11
-3.600000000000989075e-01 -4.900100000000000093e-11
-3.400000000000993339e-01 -4.349999999999999842e-11
-3.200000000000997602e-01 -3.864999999999999707e-11
-3.000000000001001865e-01 -3.299900000000000025e-11
-2.800000000001006129e-01 -2.819900000000000132e-11
-2.600000000001010392e-01 -2.400000000000000113e-11
-2.400000000001014655e-01 -1.825000000000000160e-11
-2.200000000001018918e-01 -1.384999999999999935e-11
-2.000000000001023182e-01 -1.005000000000000019e-11
-1.800000000001027445e-01 -7.450000000000000769e-12
-1.600000000001031708e-01 -4.050100000000000282e-12
-1.400000000001035971e-01 -8.499799999999999789e-13
-1.200000000001040235e-01 2.149899999999999957e-12
-1.000000000001044498e-01 5.099900000000000110e-12
-8.000000000010487611e-02 7.999800000000000708e-12
-6.000000000010530243e-02 1.049999999999999928e-11
-4.000000000010572876e-02 1.344999999999999944e-11
-2.000000000010615508e-02 1.579999999999999972e-11
-1.065814103640150279e-13 1.859999999999999910e-11
1.999999999989299226e-02 2.125000000000000094e-11
3.999999999989256594e-02 2.389999999999999954e-11
5.999999999989213961e-02 2.640000000000000060e-11
7.999999999989171329e-02 2.950000000000000153e-11
9.999999999989128696e-02 3.224999999999999849e-11
1.199999999998908606e-01 3.559999999999999856e-11
1.399999999998904343e-01 3.904999999999999698e-11
1.599999999998900080e-01 4.225099999999999839e-11
1.799999999998895817e-01 4.654999999999999693e-11
1.999999999998891553e-01 5.075100000000000135e-11
2.199999999998887290e-01 5.495000000000000153e-11
2.399999999998883027e-01 6.010100000000000008e-11
2.599999999998878764e-01 6.485099999999999660e-11
2.799999999998874500e-01 7.025099999999999863e-11
2.999999999998870237e-01 7.614899999999999471e-11
3.199999999998865974e-01 8.210000000000000600e-11
3.399999999998861711e-01 8.829899999999999928e-11
3.599999999998857447e-01 9.475100000000000450e-11
3.799999999998853184e-01 1.018500000000000024e-10
3.999999999998848921e-01 1.091000000000000032e-10
4.199999999998844658e-01 1.164499999999999960e-10
4.399999999998840394e-01 1.245999999999999885e-10
4.599999999998836131e-01 1.321500000000000038e-10
4.799999999998831868e-01 1.432000000000000070e-10
4.999999999998827604e-01 1.522499999999999912e-10
5.199999999998823341e-01 1.617999999999999996e-10
5.399999999998819078e-01 1.718500000000000063e-10
5.599999999998814815e-01 1.812499999999999945e-10
5.799999999998810551e-01 1.892499999999999927e-10
5.999999999998806288e-01 2.002999999999999959e-10
6.199999999998802025e-01 2.119500000000000022e-10
6.399999999998797762e-01 2.242500000000000011e-10
6.599999999998793498e-01 2.374100000000000104e-10
6.799999999998789235e-01 2.507499999999999871e-10
6.999999999998784972e-01 2.626399999999999843e-10
7.199999999998780709e-01 2.763399999999999991e-10
7.399999999998776445e-01 2.899399999999999831e-10
7.599999999998772182e-01 3.036999999999999956e-10
7.799999999998767919e-01 3.167000000000000024e-10
7.999999999998763656e-01 3.324999999999999892e-10
8.199999999998759392e-01 3.472599999999999982e-10
8.399999999998755129e-01 3.644899999999999997e-10
8.599999999998750866e-01 3.812500000000000018e-10
8.799999999998746603e-01 3.981399999999999817e-10
8.999999999998742339e-01 4.159899999999999769e-10
9.199999999998738076e-01 4.334499999999999870e-10
9.399999999998733813e-01 4.524000000000000094e-10
9.599999999998729550e-01 4.717399999999999654e-10
9.799999999998725286e-01 4.900999999999999929e-10
9.999999999998721023e-01 5.096599999999999750e-10
1.019999999999871676e+00 5.354100000000000154e-10
1.039999999999871250e+00 5.489100000000000204e-10
1.059999999999870823e+00 5.679499999999999878e-10
1.079999999999870397e+00 5.874499999999999721e-10
1.099999999999869971e+00 6.083100000000000428e-10
1.119999999999869544e+00 6.268399999999999778e-10
1.139999999999869118e+00 6.458599999999999803e-10
1.159999999999868692e+00 6.673100000000000458e-10
1.179999999999868265e+00 6.893099999999999699e-10
1.199999999999867839e+00 7.104600000000000468e-10
1.219999999999867413e+00 7.329999999999999503e-10
1.239999999999866986e+00 7.561899999999999499e-10
1.259999999999866560e+00 7.796099999999999579e-10
1.279999999999866134e+00 8.049599999999999789e-10
1.299999999999865707e+00 8.317100000000000158e-10
1.319999999999865281e+00 8.555500000000000079e-10
1.339999999999864855e+00 8.859899999999999566e-10
1.359999999999864428e+00 9.160600000000000399e-10
1.379999999999864002e+00 9.463799999999999931e-10
1.399999999999863576e+00 9.787900000000000911e-10
1.419999999999863149e+00 1.010499999999999974e-09
1.439999999999862723e+00 1.042400000000000040e-09
1.459999999999862297e+00 1.075500000000000060e-09
1.479999999999861870e+00 1.111499999999999936e-09
1.499999999999861444e+00 1.150499999999999904e-09
1.519999999999861018e+00 1.188999999999999927e-09
1.539999999999860592e+00 1.226400000000000025e-09
1.559999999999860165e+00 1.263999999999999978e-09
1.579999999999859739e+00 1.300500000000000007e-09
1.599999999999859313e+00 1.348899999999999964e-09
1.619999999999858886e+00 1.383999999999999977e-09
1.639999999999858460e+00 1.416500000000000020e-09
1.659999999999858034e+00 1.456400000000000058e-09
1.679999999999857607e+00 1.502900000000000052e-09
1.699999999999857181e+00 1.552399999999999933e-09
1.719999999999856755e+00 1.608000000000000031e-09
1.739999999999856328e+00 1.659900000000000027e-09
1.759999999999855902e+00 1.713499999999999925e-09
1.779999999999855476e+00 1.765000000000000005e-09
1.799999999999855049e+00 1.815999999999999933e-09
1.819999999999854623e+00 1.876499999999999879e-09
1.839999999999854197e+00 1.936400000000000055e-09
1.859999999999853770e+00 1.992499999999999892e-09
1.879999999999853344e+00 2.056500000000000085e-09
1.899999999999852918e+00 2.117400000000000153e-09
1.919999999999852491e+00 2.188500000000000042e-09
1.939999999999852065e+00 2.255399999999999884e-09
1.959999999999851639e+00 2.321900000000000016e-09
1.979999999999851212e+00 2.392000000000000012e-09
1.999999999999850786e+00 2.457899999999999960e-09
2.019999999999850360e+00 2.533399999999999958e-09
2.039999999999849933e+00 2.604399999999999816e-09
2.059999999999849507e+00 2.687400000000000046e-09
2.079999999999849081e+00 2.766900000000000030e-09
2.099999999999848654e+00 2.848999999999999985e-09
2.119999999999848228e+00 2.928499999999999968e-09
2.139999999999847802e+00 3.003400000000000196e-09
2.159999999999847375e+00 3.089400000000000106e-09
2.179999999999846949e+00 3.189899999999999914e-09
2.199999999999846523e+00 3.272900000000000144e-09
2.219999999999846096e+00 3.360500000000000131e-09
2.239999999999845670e+00 3.451000000000000180e-09
2.259999999999845244e+00 3.545899999999999925e-09
2.279999999999844817e+00 3.641399999999999854e-09
2.299999999999844391e+00 3.743499999999999739e-09
2.319999999999843965e+00 3.851899999999999902e-09
2.339999999999843538e+00 3.952399999999999710e-09
2.359999999999843112e+00 4.050399999999999992e-09
2.379999999999842686e+00 4.164299999999999775e-09
2.399999999999842260e+00 4.256000000000000192e-09
2.419999999999841833e+00 4.360800000000000079e-09
2.439999999999841407e+00 4.473399999999999876e-09
2.459999999999840981e+00 4.589300000000000272e-09
2.479999999999840554e+00 4.703899999999999855e-09
2.499999999999840128e+00 4.819899999999999868e-09
2.519999999999839702e+00 4.936900000000000188e-09
2.539999999999839275e+00 5.062899999999999960e-09
2.559999999999838849e+00 5.174300000000000216e-09
2.579999999999838423e+00 5.316499999999999994e-09
2.599999999999837996e+00 5.446999999999999905e-09
2.619999999999837570e+00 5.580900000000000032e-09
2.639999999999837144e+00 5.703499999999999588e-09
2.659999999999836717e+00 5.862399999999999939e-09
2.679999999999836291e+00 5.988799999999999833e-09
2.699999999999835865e+00 6.137899999999999660e-09
2.719999999999835438e+00 6.292799999999999611e-09
2.739999999999835012e+00 6.452399999999999763e-09
2.759999999999834586e+00 6.623800000000000225e-09
2.779999999999834159e+00 6.741899999999999642e-09
2.799999999999833733e+00 6.948799999999999827e-09
2.819999999999833307e+00 7.111299999999999628e-09
2.839999999999832880e+00 7.271900000000000086e-09
2.859999999999832454e+00 7.438800000000000410e-09
2.879999999999832028e+00 7.633399999999999717e-09
2.899999999999831601e+00 7.822099999999999282e-09
2.919999999999831175e+00 8.046299999999999397e-09
2.939999999999830749e+00 8.259100000000000152e-09
2.959999999999830322e+00 8.446400000000000115e-09
2.979999999999829896e+00 8.648899999999999777e-09
2.999999999999829470e+00 8.811599999999999639e-09
3.019999999999829043e+00 9.025799999999999996e-09
3.039999999999828617e+00 9.284099999999999404e-09
3.059999999999828191e+00 9.494199999999999743e-09
3.079999999999827764e+00 9.659300000000000341e-09
3.099999999999827338e+00 9.900300000000000647e-09
3.119999999999826912e+00 1.012199999999999958e-08
3.139999999999826485e+00 1.038100000000000044e-08
3.159999999999826059e+00 1.058500000000000015e-08
3.179999999999825633e+00 1.083999999999999979e-08
3.199999999999825206e+00 1.106999999999999920e-08
3.219999999999824780e+00 1.132999999999999955e-08
3.239999999999824354e+00 1.153999999999999944e-08
3.259999999999823928e+00 1.185000000000000023e-08
3.279999999999823501e+00 1.213999999999999985e-08
3.299999999999823075e+00 1.236999999999999926e-08
3.319999999999822649e+00 1.260000000000000033e-08
3.339999999999822222e+00 1.292499999999999993e-08
3.359999999999821796e+00 1.320499999999999979e-08
3.379999999999821370e+00 1.350999999999999988e-08
3.399999999999820943e+00 1.384499999999999924e-08
3.419999999999820517e+00 1.415500000000000003e-08
3.439999999999820091e+00 1.446000000000000011e-08
3.459999999999819664e+00 1.477499999999999995e-08
3.479999999999819238e+00 1.506999999999999862e-08
3.499999999999818812e+00 1.535999999999999990e-08
3.519999999999818385e+00 1.573500000000000160e-08
3.539999999999817959e+00 1.609000000000000048e-08
3.559999999999817533e+00 1.647500000000000029e-08
3.579999999999817106e+00 1.679000000000000013e-08
3.599999999999816680e+00 1.721499999999999897e-08
3.619999999999816254e+00 1.753500000000000118e-08
3.639999999999815827e+00 1.787499999999999959e-08
3.659999999999815401e+00 1.834499999999999983e-08
3.679999999999814975e+00 1.874500000000000010e-08
3.699999999999814548e+00 1.916999999999999894e-08
3.719999999999814122e+00 1.963500000000000013e-08
3.739999999999813696e+00 2.059000000000000107e-08
3.759999999999813269e+00 2.104500000000000084e-08
3.779999999999812843e+00 2.142500000000000160e-08
3.799999999999812417e+00 2.188000000000000137e-08
3.819999999999811990e+00 2.223000000000000120e-08
3.839999999999811564e+00 2.258999999999999913e-08
3.859999999999811138e+00 2.267999999999999861e-08
3.879999999999810711e+00 2.279000000000000092e-08
3.899999999999810285e+00 2.331999999999999971e-08
3.919999999999809859e+00 2.376500000000000138e-08
3.939999999999809432e+00 2.417999999999999881e-08
3.959999999999809006e+00 2.461000000000000001e-08
3.979999999999808580e+00 2.508000000000000025e-08
3.999999999999808153e+00 2.558999999999999952e-08
4.019999999999807727e+00 2.567000000000000090e-08
4.039999999999807301e+00 2.600500000000000026e-08
4.059999999999806874e+00 2.644999999999999862e-08
4.079999999999806448e+00 2.701999999999999975e-08
4.099999999999806022e+00 2.738000000000000099e-08
4.119999999999805596e+00 2.776500000000000080e-08
4.139999999999805169e+00 2.836999999999999861e-08
4.159999999999804743e+00 2.888999999999999929e-08
4.179999999999804317e+00 2.927000000000000005e-08
4.199999999999803890e+00 2.987000000000000211e-08
4.219999999999803464e+00 3.035500000000000281e-08
4.239999999999803038e+00 3.077500000000000260e-08
4.259999999999802611e+00 3.118499999999999767e-08
4.279999999999802185e+00 3.167599999999999856e-08
4.299999999999801759e+00 3.234500000000000277e-08
4.319999999999801332e+00 3.288499999999999966e-08
4.339999999999800906e+00 3.412099999999999829e-08
4.359999999999800480e+00 3.490399999999999941e-08
4.379999999999800053e+00 3.533900000000000297e-08
4.399999999999799627e+00 3.591100000000000307e-08
4.419999999999799201e+00 3.647399999999999957e-08
4.439999999999798774e+00 3.631999999999999700e-08
4.459999999999798348e+00 3.700499999999999950e-08
4.479999999999797922e+00 3.814400000000000063e-08
4.499999999999797495e+00 3.855499999999999683e-08
4.519999999999797069e+00 3.929000000000000308e-08
4.539999999999796643e+00 3.951600000000000127e-08
4.559999999999796216e+00 4.056499999999999961e-08
4.579999999999795790e+00 4.034500000000000161e-08
4.599999999999795364e+00 4.090500000000000133e-08
4.619999999999794937e+00 4.166599999999999736e-08
4.639999999999794511e+00 4.208400000000000150e-08
4.659999999999794085e+00 4.324500000000000111e-08
4.679999999999793658e+00 4.415100000000000274e-08
4.699999999999793232e+00 4.363600000000000110e-08
4.719999999999792806e+00 4.402999999999999788e-08
4.739999999999792379e+00 4.489999999999999839e-08
4.759999999999791953e+00 4.538600000000000023e-08
4.779999999999791527e+00 4.600999999999999973e-08
4.799999999999791100e+00 4.678999999999999745e-08
4.819999999999790674e+00 4.807900000000000323e-08
4.839999999999790248e+00 4.834000000000000140e-08
4.859999999999789821e+00 4.831000000000000047e-08
4.879999999999789395e+00 4.928899999999999885e-08
4.899999999999788969e+00 4.974000000000000070e-08
4.919999999999788542e+00 4.979499999999999689e-08
4.939999999999788116e+00 5.099500000000000102e-08
4.959999999999787690e+00 5.173000000000000066e-08
4.979999999999787264e+00 5.218500000000000043e-08
4.999999999999786837e+00 5.284500000000000104e-08
