-5.000000000000000000e+00 -4.391600000000000096e-08
-4.980000000000000426e+00 -4.302400000000000197e-08
-4.960000000000000853e+00 -4.250099999999999789e-08
-4.940000000000001279e+00 -4.161499999999999909e-08
-4.920000000000001705e+00 -4.058500000000000244e-08
-4.900000000000002132e+00 -4.023400000000000148e-08
-4.880000000000002558e+00 -3.979000000000000094e-08
-4.860000000000002984e+00 -3.923899999999999819e-08
-4.840000000000003411e+00 -3.864100000000000170e-08
-4.820000000000003837e+00 -3.805499999999999897e-08
-4.800000000000004263e+00 -3.734600000000000235e-08
-4.780000000000004690e+00 -3.679100000000000168e-08
-4.760000000000005116e+00 -3.622000000000000272e-08
-4.740000000000005542e+00 -3.625099999999999817e-08
-4.720000000000005969e+00 -3.473499999999999968e-08
-4.700000000000006395e+00 -3.495599999999999882e-08
-4.680000000000006821e+00 -3.370599999999999755e-08
-4.660000000000007248e+00 -3.385500000000000107e-08
-4.640000000000007674e+00 -3.270500000000000070e-08
-4.620000000000008100e+00 -3.243999999999999799e-08
-4.600000000000008527e+00 -3.190000000000000110e-08
-4.580000000000008953e+00 -3.154500000000000222e-08
-4.560000000000009379e+00 -3.138499999999999946e-08
-4.540000000000009805e+00 -3.023499999999999909e-08
-4.520000000000010232e+00 -3.042099999999999824e-08
-4.500000000000010658e+00 -3.013499999999999820e-08
-4.480000000000011084e+00 -2.946499999999999948e-08
-4.460000000000011511e+00 -2.951000000000000087e-08
-4.440000000000011937e+00 -2.843000000000000047e-08
-4.420000000000012363e+00 -2.764999999999999944e-08
-4.400000000000012790e+00 -2.731000000000000102e-08
-4.380000000000013216e+00 -2.675500000000000036e-08
-4.360000000000013642e+00 -2.794000000000000071e-08
-4.340000000000014069e+00 -2.773000000000000082e-08
-4.320000000000014495e+00 -2.570500000000000088e-08
-4.300000000000014921e+00 -2.554500000000000143e-08
-4.280000000000015348e+00 -2.521500000000000112e-08
-4.260000000000015774e+00 -2.497999999999999935e-08
-4.240000000000016200e+00 -2.404500000000000124e-08
-4.220000000000016627e+00 -2.365000000000000002e-08
-4.200000000000017053e+00 -2.366500000000000048e-08
-4.180000000000017479e+00 -2.287500000000000135e-08
-4.160000000000017906e+00 -2.286999999999999899e-08
-4.140000000000018332e+00 -2.265500000000000004e-08
-4.120000000000018758e+00 -2.210499999999999842e-08
-4.100000000000019185e+00 -2.167500000000000053e-08
-4.080000000000019611e+00 -2.110000000000000034e-08
-4.060000000000020037e+00 -2.106000000000000131e-08
-4.040000000000020464e+00 -2.080500000000000002e-08
-4.020000000000020890e+00 -2.054499999999999967e-08
-4.000000000000021316e+00 -1.990499999999999858e-08
-3.980000000000021743e+00 -1.964500000000000154e-08
-3.960000000000022169e+00 -1.950500000000000161e-08
-3.940000000000022595e+00 -1.930000000000000077e-08
-3.920000000000023022e+00 -1.904000000000000042e-08
-3.900000000000023448e+00 -1.841999999999999884e-08
-3.880000000000023874e+00 -1.815499999999999945e-08
-3.860000000000024301e+00 -1.766000000000000064e-08
-3.840000000000024727e+00 -1.742499999999999887e-08
-3.820000000000025153e+00 -1.715999999999999947e-08
-3.800000000000025580e+00 -1.713999999999999995e-08
-3.780000000000026006e+00 -1.650500000000000122e-08
-3.760000000000026432e+00 -1.639499999999999891e-08
-3.740000000000026859e+00 -1.611499999999999905e-08
-3.720000000000027285e+00 -1.586999999999999917e-08
-3.700000000000027711e+00 -1.550499999999999888e-08
-3.680000000000028137e+00 -1.526500000000000136e-08
-3.660000000000028564e+00 -1.516999999999999952e-08
-3.640000000000028990e+00 -1.481999999999999969e-08
-3.620000000000029416e+00 -1.455500000000000030e-08
-3.600000000000029843e+00 -1.427500000000000044e-08
-3.580000000000030269e+00 -1.392999999999999967e-08
-3.560000000000030695e+00 -1.381499999999999996e-08
-3.540000000000031122e+00 -1.344999999999999967e-08
-3.520000000000031548e+00 -1.323999999999999977e-08
-3.500000000000031974e+00 -1.308499999999999938e-08
-3.480000000000032401e+00 -1.281999999999999998e-08
-3.460000000000032827e+00 -1.251499999999999990e-08
-3.440000000000033253e+00 -1.220000000000000006e-08
-3.420000000000033680e+00 -1.214500000000000056e-08
-3.400000000000034106e+00 -1.180500000000000049e-08
-3.380000000000034532e+00 -1.165999999999999985e-08
-3.360000000000034959e+00 -1.142000000000000068e-08
-3.340000000000035385e+00 -1.104500000000000063e-08
-3.320000000000035811e+00 -1.097500000000000067e-08
-3.300000000000036238e+00 -1.076500000000000077e-08
-3.280000000000036664e+00 -1.074000000000000055e-08
-3.260000000000037090e+00 -1.067499999999999964e-08
-3.240000000000037517e+00 -1.024500000000000009e-08
-3.220000000000037943e+00 -1.002500000000000043e-08
-3.200000000000038369e+00 -9.822999999999999683e-09
-3.180000000000038796e+00 -9.627899999999999809e-09
-3.160000000000039222e+00 -9.456899999999999469e-09
-3.140000000000039648e+00 -9.284099999999999404e-09
-3.120000000000040075e+00 -9.100800000000000667e-09
-3.100000000000040501e+00 -8.928899999999999638e-09
-3.080000000000040927e+00 -8.792100000000000689e-09
-3.060000000000041354e+00 -8.622900000000000074e-09
-3.040000000000041780e+00 -8.398299999999999836e-09
-3.020000000000042206e+00 -8.195400000000000051e-09
-3.000000000000042633e+00 -8.203600000000000085e-09
-2.980000000000043059e+00 -7.956199999999999471e-09
-2.960000000000043485e+00 -7.704799999999999284e-09
-2.940000000000043912e+00 -7.567399999999999324e-09
-2.920000000000044338e+00 -7.394899999999999765e-09
-2.900000000000044764e+00 -7.366900000000000275e-09
-2.880000000000045191e+00 -7.163400000000000306e-09
-2.860000000000045617e+00 -7.183900000000000390e-09
-2.840000000000046043e+00 -7.000399999999999938e-09
-2.820000000000046469e+00 -6.766400000000000126e-09
-2.800000000000046896e+00 -6.640900000000000094e-09
-2.780000000000047322e+00 -6.458300000000000332e-09
-2.760000000000047748e+00 -6.336399999999999750e-09
-2.740000000000048175e+00 -6.219400000000000257e-09
-2.720000000000048601e+00 -6.119299999999999745e-09
-2.700000000000049027e+00 -6.032499999999999589e-09
-2.680000000000049454e+00 -5.874400000000000311e-09
-2.660000000000049880e+00 -5.766400000000000270e-09
-2.640000000000050306e+00 -5.681399999999999840e-09
-2.620000000000050733e+00 -5.576800000000000015e-09
-2.600000000000051159e+00 -5.485899999999999843e-09
-2.580000000000051585e+00 -5.311900000000000237e-09
-2.560000000000052012e+00 -5.228500000000000298e-09
-2.540000000000052438e+00 -5.109999999999999932e-09
-2.520000000000052864e+00 -4.992400000000000255e-09
-2.500000000000053291e+00 -4.849400000000000232e-09
-2.480000000000053717e+00 -4.807799999999999879e-09
-2.460000000000054143e+00 -4.590899999999999935e-09
-2.440000000000054570e+00 -4.570899999999999591e-09
-2.420000000000054996e+00 -4.479499999999999679e-09
-2.400000000000055422e+00 -4.370799999999999837e-09
-2.380000000000055849e+00 -4.285299999999999667e-09
-2.360000000000056275e+00 -4.178000000000000255e-09
-2.340000000000056701e+00 -4.111799999999999801e-09
-2.320000000000057128e+00 -3.982900000000000381e-09
-2.300000000000057554e+00 -3.912899999999999588e-09
-2.280000000000057980e+00 -3.838999999999999668e-09
-2.260000000000058407e+00 -3.731399999999999750e-09
-2.240000000000058833e+00 -3.646400000000000147e-09
-2.220000000000059259e+00 -3.577400000000000075e-09
-2.200000000000059686e+00 -3.506399999999999803e-09
-2.180000000000060112e+00 -3.417399999999999800e-09
-2.160000000000060538e+00 -3.337899999999999816e-09
-2.140000000000060965e+00 -3.284399999999999949e-09
-2.120000000000061391e+00 -3.203499999999999949e-09
-2.100000000000061817e+00 -3.086500000000000043e-09
-2.080000000000062244e+00 -3.053399999999999816e-09
-2.060000000000062670e+00 -2.988500000000000175e-09
-2.040000000000063096e+00 -2.926400000000000151e-09
-2.020000000000063523e+00 -2.858399999999999973e-09
-2.000000000000063949e+00 -2.779999999999999913e-09
-1.980000000000064375e+00 -2.700399999999999898e-09
-1.960000000000064801e+00 -2.642000000000000182e-09
-1.940000000000065228e+00 -2.561499999999999892e-09
-1.920000000000065654e+00 -2.515000000000000104e-09
-1.900000000000066080e+00 -2.406399999999999879e-09
-1.880000000000066507e+00 -2.387000000000000132e-09
-1.860000000000066933e+00 -2.322400000000000169e-09
-1.840000000000067359e+00 -2.274399999999999921e-09
-1.820000000000067786e+00 -2.229400000000000180e-09
-1.800000000000068212e+00 -2.158000000000000199e-09
-1.780000000000068638e+00 -2.104900000000000041e-09
-1.760000000000069065e+00 -2.070499999999999829e-09
-1.740000000000069491e+00 -2.004000000000000111e-09
-1.720000000000069917e+00 -1.950399999999999800e-09
-1.700000000000070344e+00 -1.895499999999999917e-09
-1.680000000000070770e+00 -1.849500000000000076e-09
-1.660000000000071196e+00 -1.788999999999999923e-09
-1.640000000000071623e+00 -1.765000000000000005e-09
-1.620000000000072049e+00 -1.725900000000000006e-09
-1.600000000000072475e+00 -1.686900000000000037e-09
-1.580000000000072902e+00 -1.624499999999999922e-09
-1.560000000000073328e+00 -1.574400000000000064e-09
-1.540000000000073754e+00 -1.566499999999999915e-09
-1.520000000000074181e+00 -1.521000000000000021e-09
-1.500000000000074607e+00 -1.463900000000000084e-09
-1.480000000000075033e+00 -1.412000000000000087e-09
-1.460000000000075460e+00 -1.388499999999999910e-09
-1.440000000000075886e+00 -1.352999999999999981e-09
-1.420000000000076312e+00 -1.348899999999999964e-09
-1.400000000000076739e+00 -1.295499999999999921e-09
-1.380000000000077165e+00 -1.279499999999999976e-09
-1.360000000000077591e+00 -1.267000000000000071e-09
-1.340000000000078018e+00 -1.201000000000000092e-09
-1.320000000000078444e+00 -1.132999999999999913e-09
-1.300000000000078870e+00 -1.128000000000000034e-09
-1.280000000000079297e+00 -1.111499999999999936e-09
-1.260000000000079723e+00 -1.052000000000000090e-09
-1.240000000000080149e+00 -1.033999999999999945e-09
-1.220000000000080576e+00 -1.021000000000000093e-09
-1.200000000000081002e+00 -9.734999999999999987e-10
-1.180000000000081428e+00 -9.391100000000000792e-10
-1.160000000000081855e+00 -9.073900000000000068e-10
-1.140000000000082281e+00 -8.977600000000000100e-10
-1.120000000000082707e+00 -8.718100000000000117e-10
-1.100000000000083134e+00 -8.296600000000000074e-10
-1.080000000000083560e+00 -8.136499999999999768e-10
-1.060000000000083986e+00 -8.137400000000000251e-10
-1.040000000000084412e+00 -7.987399999999999735e-10
-1.020000000000084839e+00 -7.992500000000000059e-10
-1.000000000000085265e+00 -7.613600000000000468e-10
-9.800000000000856915e-01 -7.467500000000000321e-10
-9.600000000000861178e-01 -7.061400000000000038e-10
-9.400000000000865441e-01 -6.685899999999999628e-10
-9.200000000000869704e-01 -6.668600000000000112e-10
-9.000000000000873968e-01 -6.233400000000000416e-10
-8.800000000000878231e-01 -6.208399999999999985e-10
-8.600000000000882494e-01 -6.126000000000000352e-10
-8.400000000000886757e-01 -5.958899999999999968e-10
-8.200000000000891021e-01 -5.736300000000000137e-10
-8.000000000000895284e-01 -5.389099999999999516e-10
-7.800000000000899547e-01 -5.205400000000000450e-10
-7.600000000000903810e-01 -5.042599999999999730e-10
-7.400000000000908074e-01 -5.050000000000000139e-10
-7.200000000000912337e-01 -4.528400000000000099e-10
-7.000000000000916600e-01 -4.433500000000000251e-10
-6.800000000000920863e-01 -4.382099999999999788e-10
-6.600000000000925127e-01 -4.159499999999999957e-10
-6.400000000000929390e-01 -3.997499999999999896e-10
-6.200000000000933653e-01 -3.595999999999999783e-10
-6.000000000000937916e-01 -3.378499999999999759e-10
-5.800000000000942180e-01 -3.415000000000000098e-10
-5.600000000000946443e-01 -3.132900000000000110e-10
-5.400000000000950706e-01 -3.038499999999999899e-10
-5.200000000000954969e-01 -2.878499999999999934e-10
-5.000000000000959233e-01 -2.716499999999999873e-10
-4.800000000000963496e-01 -2.580599999999999857e-10
-4.600000000000967759e-01 -2.489500000000000037e-10
-4.400000000000972022e-01 -2.311000000000000085e-10
-4.200000000000976286e-01 -2.194000000000000127e-10
-4.000000000000980549e-01 -2.063499999999999905e-10
-3.800000000000984812e-01 -1.933500000000000096e-10
-3.600000000000989075e-01 -1.791000000000000071e-10
-3.400000000000993339e-01 -1.636000000000000089e-10
-3.200000000000997602e-01 -1.499999999999999990e-10
-3.000000000001001865e-01 -1.380500000000000041e-10
-2.800000000001006129e-01 -1.213000000000000102e-10
-2.600000000001010392e-01 -1.083500000000000058e-10
-2.400000000001014655e-01 -1.011999999999999969e-10
-2.200000000001018918e-01 -8.894900000000000479e-11
-2.000000000001023182e-01 -7.925100000000000633e-11
-1.800000000001027445e-01 -6.904999999999999678e-11
-1.600000000001031708e-01 -5.809900000000000275e-11
-1.400000000001035971e-01 -4.754999999999999994e-11
-1.200000000001040235e-01 -3.850099999999999841e-11
-1.000000000001044498e-01 -2.925000000000000239e-11
-8.000000000010487611e-02 -1.965000000000000129e-11
-6.000000000010530243e-02 -1.114999999999999995e-11
-4.000000000010572876e-02 -1.949999999999999971e-12
-2.000000000010615508e-02 7.299900000000000429e-12
-1.065814103640150279e-13 1.664999999999999873e-11
1.999999999989299226e-02 2.589999999999999910e-11
3.999999999989256594e-02 3.609900000000000118e-11
5.999999999989213961e-02 4.559900000000000068e-11
7.999999999989171329e-02 5.655000000000000117e-11
9.999999999989128696e-02 6.639999999999999818e-11
1.199999999998908606e-01 7.715099999999999549e-11
1.399999999998904343e-01 8.829899999999999928e-11
1.599999999998900080e-01 9.975000000000000451e-11
1.799999999998895817e-01 1.110000000000000044e-10
1.999999999998891553e-01 1.234000000000000081e-10
2.199999999998887290e-01 1.367000000000000036e-10
2.399999999998883027e-01 1.494500000000000112e-10
2.599999999998878764e-01 1.617500000000000101e-10
2.799999999998874500e-01 1.754999999999999885e-10
2.999999999998870237e-01 1.892000000000000032e-10
3.199999999998865974e-01 2.036000000000000000e-10
3.399999999998861711e-01 2.183999999999999903e-10
3.599999999998857447e-01 2.344899999999999833e-10
3.799999999998853184e-01 2.512499999999999854e-10
3.999999999998848921e-01 2.690000000000000017e-10
4.199999999998844658e-01 2.880500000000000031e-10
4.399999999998840394e-01 3.041999999999999938e-10
4.599999999998836131e-01 3.201999999999999903e-10
4.799999999998831868e-01 3.393999999999999860e-10
4.999999999998827604e-01 3.626000000000000196e-10
5.199999999998823341e-01 3.845999999999999954e-10
5.399999999998819078e-01 4.062000000000000035e-10
5.599999999998814815e-01 4.285999999999999985e-10
5.799999999998810551e-01 4.513899999999999788e-10
5.999999999998806288e-01 4.727100000000000147e-10
6.199999999998802025e-01 4.990600000000000323e-10
6.399999999998797762e-01 5.237499999999999750e-10
6.599999999998793498e-01 5.529999999999999515e-10
6.799999999998789235e-01 5.739999999999999824e-10
6.999999999998784972e-01 6.024000000000000084e-10
7.199999999998780709e-01 6.292599999999999549e-10
7.399999999998776445e-01 6.600400000000000286e-10
7.599999999998772182e-01 6.882599999999999580e-10
7.799999999998767919e-01 7.196099999999999583e-10
7.999999999998763656e-01 7.480000000000000019e-10
8.199999999998759392e-01 7.776499999999999978e-10
8.399999999998755129e-01 8.136900000000000098e-10
8.599999999998750866e-01 8.506000000000000405e-10
8.799999999998746603e-01 8.938900000000000017e-10
8.999999999998742339e-01 9.190999999999999591e-10
9.199999999998738076e-01 9.609399999999999924e-10
9.399999999998733813e-01 9.894700000000000997e-10
9.599999999998729550e-01 1.033000000000000052e-09
9.799999999998725286e-01 1.066999999999999934e-09
9.999999999998721023e-01 1.126499999999999987e-09
1.019999999999871676e+00 1.168000000000000103e-09
1.039999999999871250e+00 1.208499999999999911e-09
1.059999999999870823e+00 1.248000000000000033e-09
1.079999999999870397e+00 1.279999999999999923e-09
1.099999999999869971e+00 1.336400000000000059e-09
1.119999999999869544e+00 1.384499999999999924e-09
1.139999999999869118e+00 1.436000000000000004e-09
1.159999999999868692e+00 1.489500000000000078e-09
1.179999999999868265e+00 1.552399999999999933e-09
1.199999999999867839e+00 1.596000000000000072e-09
1.219999999999867413e+00 1.646500000000000053e-09
1.239999999999866986e+00 1.716000000000000071e-09
1.259999999999866560e+00 1.773499999999999924e-09
1.279999999999866134e+00 1.815999999999999933e-09
1.299999999999865707e+00 1.879499999999999972e-09
1.319999999999865281e+00 1.946999999999999997e-09
1.339999999999864855e+00 2.033400000000000030e-09
1.359999999999864428e+00 2.095900000000000176e-09
1.379999999999864002e+00 2.175400000000000160e-09
1.399999999999863576e+00 2.223500000000000025e-09
1.419999999999863149e+00 2.295899999999999899e-09
1.439999999999862723e+00 2.335900000000000174e-09
1.459999999999862297e+00 2.465400000000000192e-09
1.479999999999861870e+00 2.535000000000000035e-09
1.499999999999861444e+00 2.628400000000000147e-09
1.519999999999861018e+00 2.677000000000000165e-09
1.539999999999860592e+00 2.775000000000000033e-09
1.559999999999860165e+00 2.861899999999999806e-09
1.579999999999859739e+00 2.982900000000000111e-09
1.599999999999859313e+00 3.079900000000000087e-09
1.619999999999858886e+00 3.194400000000000053e-09
1.639999999999858460e+00 3.258399999999999832e-09
1.659999999999858034e+00 3.314900000000000206e-09
1.679999999999857607e+00 3.427399999999999972e-09
1.699999999999857181e+00 3.515899999999999822e-09
1.719999999999856755e+00 3.614899999999999997e-09
1.739999999999856328e+00 3.738499999999999860e-09
1.759999999999855902e+00 3.860799999999999737e-09
1.779999999999855476e+00 4.041300000000000096e-09
1.799999999999855049e+00 4.153400000000000154e-09
1.819999999999854623e+00 4.293899999999999824e-09
1.839999999999854197e+00 4.319900000000000354e-09
1.859999999999853770e+00 4.457399999999999931e-09
1.879999999999853344e+00 4.577499999999999961e-09
1.899999999999852918e+00 4.693400000000000357e-09
1.919999999999852491e+00 4.849000000000000109e-09
1.939999999999852065e+00 4.968299999999999894e-09
1.959999999999851639e+00 5.122299999999999982e-09
1.979999999999851212e+00 5.330799999999999831e-09
1.999999999999850786e+00 5.377400000000000063e-09
2.019999999999850360e+00 5.572900000000000060e-09
2.039999999999849933e+00 5.698899999999999831e-09
2.059999999999849507e+00 5.827800000000000079e-09
2.079999999999849081e+00 5.959899999999999654e-09
2.099999999999848654e+00 6.149299999999999848e-09
2.119999999999848228e+00 6.305699999999999845e-09
2.139999999999847802e+00 6.522399999999999728e-09
2.159999999999847375e+00 6.727799999999999866e-09
2.179999999999846949e+00 6.906899999999999796e-09
2.199999999999846523e+00 7.088799999999999757e-09
2.219999999999846096e+00 7.232300000000000347e-09
2.239999999999845670e+00 7.390300000000000008e-09
2.259999999999845244e+00 7.592900000000000115e-09
2.279999999999844817e+00 7.781199999999999558e-09
2.299999999999844391e+00 8.004500000000000638e-09
2.319999999999843965e+00 8.305499999999999495e-09
2.339999999999843538e+00 8.503299999999999784e-09
2.359999999999843112e+00 8.652899999999999350e-09
2.379999999999842686e+00 8.901200000000000654e-09
2.399999999999842260e+00 9.186800000000000577e-09
2.419999999999841833e+00 9.399999999999999800e-09
2.439999999999841407e+00 9.623799999999999792e-09
2.459999999999840981e+00 9.905299999999999699e-09
2.479999999999840554e+00 1.013499999999999943e-08
2.499999999999840128e+00 1.047000000000000045e-08
2.519999999999839702e+00 1.045499999999999998e-08
2.539999999999839275e+00 1.092500000000000022e-08
2.559999999999838849e+00 1.115000000000000058e-08
2.579999999999838423e+00 1.135000000000000072e-08
2.599999999999837996e+00 1.151499999999999922e-08
2.619999999999837570e+00 1.180500000000000049e-08
2.639999999999837144e+00 1.211000000000000057e-08
2.659999999999836717e+00 1.250500000000000014e-08
2.679999999999836291e+00 1.284500000000000021e-08
2.699999999999835865e+00 1.306499999999999986e-08
2.719999999999835438e+00 1.356000000000000032e-08
2.739999999999835012e+00 1.371500000000000072e-08
2.759999999999834586e+00 1.376000000000000046e-08
2.779999999999834159e+00 1.435999999999999922e-08
2.799999999999833733e+00 1.472499999999999951e-08
2.819999999999833307e+00 1.502999999999999959e-08
2.839999999999832880e+00 1.551999999999999935e-08
2.859999999999832454e+00 1.545499999999999843e-08
2.879999999999832028e+00 1.614000000000000093e-08
2.899999999999831601e+00 1.653499999999999884e-08
2.919999999999831175e+00 1.692500000000000101e-08
2.939999999999830749e+00 1.723499999999999849e-08
2.959999999999830322e+00 1.764500000000000018e-08
2.979999999999829896e+00 1.787499999999999959e-08
2.999999999999829470e+00 1.792999999999999909e-08
3.019999999999829043e+00 1.887499999999999862e-08
3.039999999999828617e+00 1.933999999999999980e-08
3.059999999999828191e+00 1.977000000000000101e-08
3.079999999999827764e+00 2.011499999999999847e-08
3.099999999999827338e+00 2.040999999999999880e-08
3.119999999999826912e+00 2.078500000000000050e-08
3.139999999999826485e+00 2.153000000000000155e-08
3.159999999999826059e+00 2.159499999999999915e-08
3.179999999999825633e+00 2.241499999999999921e-08
3.199999999999825206e+00 2.309499999999999935e-08
3.219999999999824780e+00 2.340500000000000014e-08
3.239999999999824354e+00 2.370999999999999857e-08
3.259999999999823928e+00 2.418500000000000117e-08
3.279999999999823501e+00 2.447499999999999913e-08
3.299999999999823075e+00 2.523000000000000159e-08
3.319999999999822649e+00 2.590999999999999841e-08
3.339999999999822222e+00 2.675999999999999941e-08
3.359999999999821796e+00 2.691999999999999886e-08
3.379999999999821370e+00 2.754499999999999949e-08
3.399999999999820943e+00 2.802500000000000114e-08
3.419999999999820517e+00 2.876499999999999983e-08
3.439999999999820091e+00 2.913000000000000012e-08
3.459999999999819664e+00 2.957499999999999848e-08
3.479999999999819238e+00 3.010400000000000275e-08
3.499999999999818812e+00 3.084500000000000257e-08
3.519999999999818385e+00 3.157599999999999767e-08
3.539999999999817959e+00 3.217099999999999737e-08
3.559999999999817533e+00 3.288000000000000061e-08
3.579999999999817106e+00 3.347999999999999936e-08
3.599999999999816680e+00 3.436400000000000251e-08
3.619999999999816254e+00 3.476100000000000269e-08
3.639999999999815827e+00 3.527900000000000111e-08
3.659999999999815401e+00 3.582999999999999725e-08
3.679999999999814975e+00 3.647399999999999957e-08
3.699999999999814548e+00 3.713500000000000132e-08
3.719999999999814122e+00 3.776899999999999893e-08
3.739999999999813696e+00 3.864999999999999867e-08
3.759999999999813269e+00 3.953599999999999748e-08
3.779999999999812843e+00 4.011899999999999681e-08
3.799999999999812417e+00 4.087100000000000248e-08
3.819999999999811990e+00 4.166900000000000076e-08
3.839999999999811564e+00 4.192600000000000101e-08
3.859999999999811138e+00 4.290999999999999844e-08
3.879999999999810711e+00 4.360499999999999904e-08
3.899999999999810285e+00 4.426000000000000060e-08
3.919999999999809859e+00 4.548899999999999791e-08
3.939999999999809432e+00 4.621500000000000057e-08
3.959999999999809006e+00 4.677000000000000124e-08
3.979999999999808580e+00 4.748399999999999691e-08
3.999999999999808153e+00 4.779899999999999676e-08
4.019999999999807727e+00 4.935500000000000090e-08
4.039999999999807301e+00 5.072399999999999813e-08
4.059999999999806874e+00 5.193899999999999942e-08
4.079999999999806448e+00 5.305399999999999981e-08
4.099999999999806022e+00 5.350000000000000261e-08
4.119999999999805596e+00 5.431999999999999936e-08
4.139999999999805169e+00 5.498999999999999808e-08
4.159999999999804743e+00 5.629600000000000329e-08
4.179999999999804317e+00 5.773500000000000049e-08
4.199999999999803890e+00 5.816900000000000293e-08
4.219999999999803464e+00 5.888999999999999992e-08
4.239999999999803038e+00 5.970999999999999667e-08
4.259999999999802611e+00 6.109600000000000657e-08
4.279999999999802185e+00 6.267900000000000162e-08
4.299999999999801759e+00 6.399599999999999945e-08
4.319999999999801332e+00 6.420700000000000048e-08
4.339999999999800906e+00 6.575599999999999668e-08
4.359999999999800480e+00 6.660000000000000080e-08
4.379999999999800053e+00 6.723000000000000048e-08
4.399999999999799627e+00 6.879400000000000046e-08
4.419999999999799201e+00 7.003100000000000022e-08
4.439999999999798774e+00 7.071499999999999496e-08
4.459999999999798348e+00 7.156599999999999378e-08
4.479999999999797922e+00 7.242800000000000507e-08
4.499999999999797495e+00 7.453499999999999873e-08
4.519999999999797069e+00 7.576099999999999925e-08
4.539999999999796643e+00 7.665899999999999843e-08
4.559999999999796216e+00 7.793600000000000384e-08
4.579999999999795790e+00 7.880599999999999773e-08
4.599999999999795364e+00 7.995899999999999489e-08
4.619999999999794937e+00 8.114099999999999846e-08
4.639999999999794511e+00 8.201499999999999689e-08
4.659999999999794085e+00 8.317900000000000652e-08
4.679999999999793658e+00 8.473599999999999855e-08
4.699999999999793232e+00 8.669699999999999871e-08
4.719999999999792806e+00 8.805300000000000106e-08
4.739999999999792379e+00 8.934499999999999701e-08
4.759999999999791953e+00 9.056400000000000283e-08
4.779999999999791527e+00 8.554300000000000042e-08
4.799999999999791100e+00 8.994199999999999898e-08
4.819999999999790674e+00 9.497700000000000403e-08
4.839999999999790248e+00 9.626799999999999885e-08
4.859999999999789821e+00 9.771900000000000304e-08
4.879999999999789395e+00 9.858899999999999694e-08
4.899999999999788969e+00 1.013500000000000043e-07
4.919999999999788542e+00 1.028100000000000054e-07
4.939999999999788116e+00 1.036999999999999955e-07
4.959999999999787690e+00 1.051499999999999986e-07
4.979999999999787264e+00 1.063000000000000056e-07
4.999999999999786837e+00 1.068999999999999977e-07
