-5.000000000000000000e+00 -8.479399999999999815e-08
-4.980000000000000426e+00 -8.377100000000000282e-08
-4.960000000000000853e+00 -8.229800000000000015e-08
-4.940000000000001279e+00 -8.070899999999999829e-08
-4.920000000000001705e+00 -8.003500000000000166e-08
-4.900000000000002132e+00 -7.685599999999999681e-08
-4.880000000000002558e+00 -7.640800000000000498e-08
-4.860000000000002984e+00 -7.509900000000000299e-08
-4.840000000000003411e+00 -7.506999999999999657e-08
-4.820000000000003837e+00 -7.412299999999999477e-08
-4.800000000000004263e+00 -7.273000000000000341e-08
-4.780000000000004690e+00 -7.188599999999999929e-08
-4.760000000000005116e+00 -7.081300000000000021e-08
-4.740000000000005542e+00 -6.995100000000000215e-08
-4.720000000000005969e+00 -6.883400000000000611e-08
-4.700000000000006395e+00 -6.781500000000000208e-08
-4.680000000000006821e+00 -6.676099999999999807e-08
-4.660000000000007248e+00 -6.565800000000000467e-08
-4.640000000000007674e+00 -6.528999999999999767e-08
-4.620000000000008100e+00 -6.450499999999999428e-08
-4.600000000000008527e+00 -6.249300000000000247e-08
-4.580000000000008953e+00 -6.173600000000000436e-08
-4.560000000000009379e+00 -6.048500000000000196e-08
-4.540000000000009805e+00 -6.068500000000000375e-08
-4.520000000000010232e+00 -5.941899999999999757e-08
-4.500000000000010658e+00 -5.822600000000000138e-08
-4.480000000000011084e+00 -5.794000000000000134e-08
-4.460000000000011511e+00 -5.643000000000000304e-08
-4.440000000000011937e+00 -5.647399999999999999e-08
-4.420000000000012363e+00 -5.517500000000000272e-08
-4.400000000000012790e+00 -5.460100000000000036e-08
-4.380000000000013216e+00 -5.317100000000000013e-08
-4.360000000000013642e+00 -5.236499999999999939e-08
-4.340000000000014069e+00 -5.187600000000000077e-08
-4.320000000000014495e+00 -5.037499999999999944e-08
-4.300000000000014921e+00 -5.030100000000000156e-08
-4.280000000000015348e+00 -5.006100000000000073e-08
-4.260000000000015774e+00 -4.875400000000000101e-08
-4.240000000000016200e+00 -4.813399999999999942e-08
-4.220000000000016627e+00 -4.760500000000000177e-08
-4.200000000000017053e+00 -4.681499999999999933e-08
-4.180000000000017479e+00 -4.612400000000000326e-08
-4.160000000000017906e+00 -4.535499999999999816e-08
-4.140000000000018332e+00 -4.491400000000000103e-08
-4.120000000000018758e+00 -4.365900000000000071e-08
-4.100000000000019185e+00 -4.326499999999999732e-08
-4.080000000000019611e+00 -4.247500000000000149e-08
-4.060000000000020037e+00 -4.175499999999999902e-08
-4.040000000000020464e+00 -4.089400000000000209e-08
-4.020000000000020890e+00 -4.037099999999999800e-08
-4.000000000000021316e+00 -3.985000000000000280e-08
-3.980000000000021743e+00 -3.923000000000000122e-08
-3.960000000000022169e+00 -3.844099999999999991e-08
-3.940000000000022595e+00 -3.811999999999999988e-08
-3.920000000000023022e+00 -3.669499999999999870e-08
-3.900000000000023448e+00 -3.682500000000000053e-08
-3.880000000000023874e+00 -3.617999999999999707e-08
-3.860000000000024301e+00 -3.550499999999999930e-08
-3.840000000000024727e+00 -3.480999999999999870e-08
-3.820000000000025153e+00 -3.425499999999999803e-08
-3.800000000000025580e+00 -3.350899999999999916e-08
-3.780000000000026006e+00 -3.316899999999999744e-08
-3.760000000000026432e+00 -3.269099999999999806e-08
-3.740000000000026859e+00 -3.238500000000000180e-08
-3.720000000000027285e+00 -3.184499999999999829e-08
-3.700000000000027711e+00 -3.124499999999999953e-08
-3.680000000000028137e+00 -3.071000000000000169e-08
-3.660000000000028564e+00 -3.010400000000000275e-08
-3.640000000000028990e+00 -2.951999999999999898e-08
-3.620000000000029416e+00 -2.917500000000000151e-08
-3.600000000000029843e+00 -2.857000000000000040e-08
-3.580000000000030269e+00 -2.818500000000000059e-08
-3.560000000000030695e+00 -2.768999999999999847e-08
-3.540000000000031122e+00 -2.720500000000000108e-08
-3.520000000000031548e+00 -2.679499999999999939e-08
-3.500000000000031974e+00 -2.628000000000000107e-08
-3.480000000000032401e+00 -2.574499999999999991e-08
-3.460000000000032827e+00 -2.536000000000000011e-08
-3.440000000000033253e+00 -2.469000000000000139e-08
-3.420000000000033680e+00 -2.439500000000000106e-08
-3.400000000000034106e+00 -2.398000000000000032e-08
-3.380000000000034532e+00 -2.370999999999999857e-08
-3.360000000000034959e+00 -2.329500000000000114e-08
-3.340000000000035385e+00 -2.307499999999999983e-08
-3.320000000000035811e+00 -2.256500000000000056e-08
-3.300000000000036238e+00 -2.214500000000000077e-08
-3.280000000000036664e+00 -2.176500000000000001e-08
-3.260000000000037090e+00 -2.137500000000000115e-08
-3.240000000000037517e+00 -2.099000000000000134e-08
-3.220000000000037943e+00 -2.045999999999999924e-08
-3.200000000000038369e+00 -2.019499999999999985e-08
-3.180000000000038796e+00 -1.987500000000000095e-08
-3.160000000000039222e+00 -1.943500000000000165e-08
-3.140000000000039648e+00 -1.912500000000000086e-08
-3.120000000000040075e+00 -1.879999999999999960e-08
-3.100000000000040501e+00 -1.842500000000000120e-08
-3.080000000000040927e+00 -1.820000000000000084e-08
-3.060000000000041354e+00 -1.785999999999999912e-08
-3.040000000000041780e+00 -1.768499999999999921e-08
-3.020000000000042206e+00 -1.719000000000000040e-08
-3.000000000000042633e+00 -1.692500000000000101e-08
-2.980000000000043059e+00 -1.656499999999999977e-08
-2.960000000000043485e+00 -1.642999999999999889e-08
-2.940000000000043912e+00 -1.593000000000000103e-08
-2.920000000000044338e+00 -1.573500000000000160e-08
-2.900000000000044764e+00 -1.534499999999999943e-08
-2.880000000000045191e+00 -1.502999999999999959e-08
-2.860000000000045617e+00 -1.475500000000000044e-08
-2.840000000000046043e+00 -1.459499999999999933e-08
-2.820000000000046469e+00 -1.430000000000000066e-08
-2.800000000000046896e+00 -1.400500000000000034e-08
-2.780000000000047322e+00 -1.373500000000000024e-08
-2.760000000000047748e+00 -1.334499999999999972e-08
-2.740000000000048175e+00 -1.303500000000000059e-08
-2.720000000000048601e+00 -1.277500000000000024e-08
-2.700000000000049027e+00 -1.254499999999999918e-08
-2.680000000000049454e+00 -1.230500000000000000e-08
-2.660000000000049880e+00 -1.208999999999999940e-08
-2.640000000000050306e+00 -1.182500000000000001e-08
-2.620000000000050733e+00 -1.163000000000000058e-08
-2.600000000000051159e+00 -1.136499999999999953e-08
-2.580000000000051585e+00 -1.116499999999999939e-08
-2.560000000000052012e+00 -1.088000000000000048e-08
-2.540000000000052438e+00 -1.070999999999999962e-08
-2.520000000000052864e+00 -1.051999999999999924e-08
-2.500000000000053291e+00 -1.031500000000000005e-08
-2.480000000000053717e+00 -1.005000000000000066e-08
-2.460000000000054143e+00 -9.899800000000000080e-09
-2.440000000000054570e+00 -9.624700000000000482e-09
-2.420000000000054996e+00 -9.443700000000000383e-09
-2.400000000000055422e+00 -9.276399999999999937e-09
-2.380000000000055849e+00 -9.140900000000000146e-09
-2.360000000000056275e+00 -8.896199999999999947e-09
-2.340000000000056701e+00 -8.699300000000000348e-09
-2.320000000000057128e+00 -8.447799999999999717e-09
-2.300000000000057554e+00 -8.309100000000000599e-09
-2.280000000000057980e+00 -8.188100000000000707e-09
-2.260000000000058407e+00 -8.040399999999999656e-09
-2.240000000000058833e+00 -7.868900000000000403e-09
-2.220000000000059259e+00 -7.676100000000000821e-09
-2.200000000000059686e+00 -7.499699999999999651e-09
-2.180000000000060112e+00 -7.321399999999999967e-09
-2.160000000000060538e+00 -7.182299999999999900e-09
-2.140000000000060965e+00 -7.077200000000000335e-09
-2.120000000000061391e+00 -6.869400000000000287e-09
-2.100000000000061817e+00 -6.758899999999999893e-09
-2.080000000000062244e+00 -6.601300000000000355e-09
-2.060000000000062670e+00 -6.458800000000000071e-09
-2.040000000000063096e+00 -6.300299999999999843e-09
-2.020000000000063523e+00 -6.162299999999999699e-09
-2.000000000000063949e+00 -6.008299999999999611e-09
-1.980000000000064375e+00 -5.905800000000000017e-09
-1.960000000000064801e+00 -5.780299999999999985e-09
-1.940000000000065228e+00 -5.638899999999999625e-09
-1.920000000000065654e+00 -5.502900000000000095e-09
-1.900000000000066080e+00 -5.382399999999999942e-09
-1.880000000000066507e+00 -5.296899999999999772e-09
-1.860000000000066933e+00 -5.143400000000000250e-09
-1.840000000000067359e+00 -5.023799999999999960e-09
-1.820000000000067786e+00 -4.931999999999999926e-09
-1.800000000000068212e+00 -4.799799999999999907e-09
-1.780000000000068638e+00 -4.675500000000000243e-09
-1.760000000000069065e+00 -4.553399999999999600e-09
-1.740000000000069491e+00 -4.442900000000000033e-09
-1.720000000000069917e+00 -4.326900000000000020e-09
-1.700000000000070344e+00 -4.246900000000000296e-09
-1.680000000000070770e+00 -4.119300000000000034e-09
-1.660000000000071196e+00 -4.066300000000000320e-09
-1.640000000000071623e+00 -3.960399999999999683e-09
-1.620000000000072049e+00 -3.812799999999999903e-09
-1.600000000000072475e+00 -3.778499999999999722e-09
-1.580000000000072902e+00 -3.641399999999999854e-09
-1.560000000000073328e+00 -3.560399999999999823e-09
-1.540000000000073754e+00 -3.476899999999999853e-09
-1.520000000000074181e+00 -3.382000000000000108e-09
-1.500000000000074607e+00 -3.295400000000000015e-09
-1.480000000000075033e+00 -3.221899999999999803e-09
-1.460000000000075460e+00 -3.140900000000000186e-09
-1.440000000000075886e+00 -3.057399999999999803e-09
-1.420000000000076312e+00 -2.972400000000000199e-09
-1.400000000000076739e+00 -2.907400000000000114e-09
-1.380000000000077165e+00 -2.822400000000000097e-09
-1.360000000000077591e+00 -2.736899999999999927e-09
-1.340000000000078018e+00 -2.652400000000000064e-09
-1.320000000000078444e+00 -2.575900000000000173e-09
-1.300000000000078870e+00 -2.520400000000000106e-09
-1.280000000000079297e+00 -2.447900000000000201e-09
-1.260000000000079723e+00 -2.401400000000000000e-09
-1.240000000000080149e+00 -2.326899999999999895e-09
-1.220000000000080576e+00 -2.249999999999999882e-09
-1.200000000000081002e+00 -2.195400000000000091e-09
-1.180000000000081428e+00 -2.156400000000000122e-09
-1.160000000000081855e+00 -2.090500000000000174e-09
-1.140000000000082281e+00 -2.025899999999999797e-09
-1.120000000000082707e+00 -1.963500000000000096e-09
-1.100000000000083134e+00 -1.903499999999999889e-09
-1.080000000000083560e+00 -1.844999999999999936e-09
-1.060000000000083986e+00 -1.777400000000000087e-09
-1.040000000000084412e+00 -1.752900000000000016e-09
-1.020000000000084839e+00 -1.672399999999999932e-09
-1.000000000000085265e+00 -1.641999999999999913e-09
-9.800000000000856915e-01 -1.601499999999999898e-09
-9.600000000000861178e-01 -1.553500000000000064e-09
-9.400000000000865441e-01 -1.488000000000000031e-09
-9.200000000000869704e-01 -1.480899999999999922e-09
-9.000000000000873968e-01 -1.435500000000000058e-09
-8.800000000000878231e-01 -1.392900000000000019e-09
-8.600000000000882494e-01 -1.357499999999999913e-09
-8.400000000000886757e-01 -1.304399999999999962e-09
-8.200000000000891021e-01 -1.265399999999999994e-09
-8.000000000000895284e-01 -1.223499999999999963e-09
-7.800000000000899547e-01 -1.188999999999999927e-09
-7.600000000000903810e-01 -1.114999999999999975e-09
-7.400000000000908074e-01 -1.114999999999999975e-09
-7.200000000000912337e-01 -1.079500000000000046e-09
-7.000000000000916600e-01 -1.043499999999999964e-09
-6.800000000000920863e-01 -1.000500000000000009e-09
-6.600000000000925127e-01 -9.523499999999999218e-10
-6.400000000000929390e-01 -9.106000000000000401e-10
-6.200000000000933653e-01 -8.912499999999999984e-10
-6.000000000000937916e-01 -8.414000000000000103e-10
-5.800000000000942180e-01 -7.997600000000000382e-10
-5.600000000000946443e-01 -7.719099999999999742e-10
-5.400000000000950706e-01 -7.453000000000000009e-10
-5.200000000000954969e-01 -7.111100000000000394e-10
-5.000000000000959233e-01 -6.742500000000000240e-10
-4.800000000000963496e-01 -6.466000000000000212e-10
-4.600000000000967759e-01 -6.081099999999999814e-10
-4.400000000000972022e-01 -5.822500000000000315e-10
-4.200000000000976286e-01 -5.540000000000000515e-10
-4.000000000000980549e-01 -5.364899999999999744e-10
-3.800000000000984812e-01 -5.053900000000000508e-10
-3.600000000000989075e-01 -4.751000000000000447e-10
-3.400000000000993339e-01 -4.317999999999999978e-10
-3.200000000000997602e-01 -4.145399999999999975e-10
-3.000000000001001865e-01 -3.877399999999999969e-10
-2.800000000001006129e-01 -3.589900000000000187e-10
-2.600000000001010392e-01 -3.289499999999999859e-10
-2.400000000001014655e-01 -2.995500000000000151e-10
-2.200000000001018918e-01 -2.723899999999999765e-10
-2.000000000001023182e-01 -2.468600000000000140e-10
-1.800000000001027445e-01 -2.207499999999999873e-10
-1.600000000001031708e-01 -1.920000000000000091e-10
-1.400000000001035971e-01 -1.652999999999999875e-10
-1.200000000001040235e-01 -1.389000000000000063e-10
-1.000000000001044498e-01 -1.130499999999999999e-10
-8.000000000010487611e-02 -8.674999999999999770e-11
-6.000000000010530243e-02 -6.059899999999999412e-11
-4.000000000010572876e-02 -3.449999999999999719e-11
-2.000000000010615508e-02 -8.299999999999999772e-12
-1.065814103640150279e-13 1.834999999999999996e-11
1.999999999989299226e-02 4.524900000000000318e-11
3.999999999989256594e-02 7.284900000000000352e-11
5.999999999989213961e-02 9.989900000000000316e-11
7.999999999989171329e-02 1.276499999999999935e-10
9.999999999989128696e-02 1.556500000000000002e-10
1.199999999998908606e-01 1.835999999999999915e-10
1.399999999998904343e-01 2.131500000000000084e-10
1.599999999998900080e-01 2.396899999999999757e-10
1.799999999998895817e-01 2.711000000000000254e-10
1.999999999998891553e-01 3.023899999999999763e-10
2.199999999998887290e-01 3.349500000000000169e-10
2.399999999998883027e-01 3.703500000000000187e-10
2.599999999998878764e-01 4.019499999999999923e-10
2.799999999998874500e-01 4.344000000000000199e-10
2.999999999998870237e-01 4.706600000000000063e-10
3.199999999998865974e-01 5.072399999999999979e-10
3.399999999998861711e-01 5.449899999999999968e-10
3.599999999998857447e-01 5.809999999999999582e-10
3.799999999998853184e-01 6.194499999999999650e-10
3.999999999998848921e-01 6.570000000000000060e-10
4.199999999998844658e-01 6.942000000000000429e-10
4.399999999998840394e-01 7.430000000000000192e-10
4.599999999998836131e-01 7.806599999999999698e-10
4.799999999998831868e-01 8.259099999999999945e-10
4.999999999998827604e-01 8.749100000000000321e-10
5.199999999998823341e-01 9.132400000000000434e-10
5.399999999998819078e-01 9.637799999999999537e-10
5.599999999998814815e-01 1.012499999999999967e-09
5.799999999998810551e-01 1.065500000000000095e-09
5.999999999998806288e-01 1.119499999999999908e-09
6.199999999998802025e-01 1.164899999999999979e-09
6.399999999998797762e-01 1.224500000000000063e-09
6.599999999998793498e-01 1.277999999999999929e-09
6.799999999998789235e-01 1.343000000000000015e-09
6.999999999998784972e-01 1.397499999999999982e-09
7.199999999998780709e-01 1.467499999999999947e-09
7.399999999998776445e-01 1.525999999999999900e-09
7.599999999998772182e-01 1.581900000000000090e-09
7.799999999998767919e-01 1.646999999999999999e-09
7.999999999998763656e-01 1.718000000000000064e-09
8.199999999998759392e-01 1.781499999999999897e-09
8.399999999998755129e-01 1.863399999999999997e-09
8.599999999998750866e-01 1.927000000000000066e-09
8.799999999998746603e-01 2.007900000000000066e-09
8.999999999998742339e-01 2.082999999999999941e-09
9.199999999998738076e-01 2.173900000000000113e-09
9.399999999998733813e-01 2.275000000000000106e-09
9.599999999998729550e-01 2.368000000000000095e-09
9.799999999998725286e-01 2.428500000000000041e-09
9.999999999998721023e-01 2.541900000000000083e-09
1.019999999999871676e+00 2.614399999999999988e-09
1.039999999999871250e+00 2.707900000000000131e-09
1.059999999999870823e+00 2.808399999999999939e-09
1.079999999999870397e+00 2.892999999999999833e-09
1.099999999999869971e+00 3.001399999999999996e-09
1.119999999999869544e+00 3.123400000000000195e-09
1.139999999999869118e+00 3.218900000000000124e-09
1.159999999999868692e+00 3.341400000000000063e-09
1.179999999999868265e+00 3.451900000000000043e-09
1.199999999999867839e+00 3.560399999999999823e-09
1.219999999999867413e+00 3.717400000000000005e-09
1.239999999999866986e+00 3.808499999999999825e-09
1.259999999999866560e+00 3.922900000000000174e-09
1.279999999999866134e+00 4.074300000000000292e-09
1.299999999999865707e+00 4.206899999999999607e-09
1.319999999999865281e+00 4.360300000000000339e-09
1.339999999999864855e+00 4.489500000000000265e-09
1.359999999999864428e+00 4.633899999999999890e-09
1.379999999999864002e+00 4.787299999999999795e-09
1.399999999999863576e+00 4.880799999999999937e-09
1.419999999999863149e+00 5.045399999999999969e-09
1.439999999999862723e+00 5.230999999999999824e-09
1.459999999999862297e+00 5.365799999999999813e-09
1.479999999999861870e+00 5.557500000000000299e-09
1.499999999999861444e+00 5.790299999999999743e-09
1.519999999999861018e+00 5.902399999999999801e-09
1.539999999999860592e+00 6.085900000000000253e-09
1.559999999999860165e+00 6.266900000000000352e-09
1.579999999999859739e+00 6.417399999999999780e-09
1.599999999999859313e+00 6.666800000000000180e-09
1.619999999999858886e+00 6.818900000000000100e-09
1.639999999999858460e+00 7.024199999999999794e-09
1.659999999999858034e+00 7.205199999999999893e-09
1.679999999999857607e+00 7.380799999999999990e-09
1.699999999999857181e+00 7.624700000000000771e-09
1.719999999999856755e+00 7.869399999999999316e-09
1.739999999999856328e+00 8.033100000000000312e-09
1.759999999999855902e+00 8.245899999999999411e-09
1.779999999999855476e+00 8.539699999999999369e-09
1.799999999999855049e+00 8.798400000000000554e-09
1.819999999999854623e+00 8.956700000000000720e-09
1.839999999999854197e+00 9.237299999999999938e-09
1.859999999999853770e+00 9.642900000000000274e-09
1.879999999999853344e+00 9.779300000000000754e-09
1.899999999999852918e+00 1.006000000000000042e-08
1.919999999999852491e+00 1.027499999999999936e-08
1.939999999999852065e+00 1.048000000000000021e-08
1.959999999999851639e+00 1.079500000000000005e-08
1.979999999999851212e+00 1.104500000000000063e-08
1.999999999999850786e+00 1.129499999999999956e-08
2.019999999999850360e+00 1.161500000000000011e-08
2.039999999999849933e+00 1.184499999999999952e-08
2.059999999999849507e+00 1.220999999999999982e-08
2.079999999999849081e+00 1.256500000000000035e-08
2.099999999999848654e+00 1.281999999999999998e-08
2.119999999999848228e+00 1.310999999999999960e-08
2.139999999999847802e+00 1.351999999999999963e-08
2.159999999999847375e+00 1.386500000000000041e-08
2.179999999999846949e+00 1.428500000000000020e-08
2.199999999999846523e+00 1.445000000000000035e-08
2.219999999999846096e+00 1.499499999999999961e-08
2.239999999999845670e+00 1.565999999999999928e-08
2.259999999999845244e+00 1.583499999999999919e-08
2.279999999999844817e+00 1.616999999999999855e-08
2.299999999999844391e+00 1.644499999999999936e-08
2.319999999999843965e+00 1.688499999999999866e-08
2.339999999999843538e+00 1.723499999999999849e-08
2.359999999999843112e+00 1.768000000000000016e-08
2.379999999999842686e+00 1.809500000000000090e-08
2.399999999999842260e+00 1.830500000000000079e-08
2.419999999999841833e+00 1.900500000000000044e-08
2.439999999999841407e+00 1.946499999999999927e-08
2.459999999999840981e+00 1.993499999999999951e-08
2.479999999999840554e+00 2.046500000000000160e-08
2.499999999999840128e+00 2.075000000000000052e-08
2.519999999999839702e+00 2.115999999999999889e-08
2.539999999999839275e+00 2.175499999999999860e-08
2.559999999999838849e+00 2.223000000000000120e-08
2.579999999999838423e+00 2.300999999999999892e-08
2.599999999999837996e+00 2.337000000000000015e-08
2.619999999999837570e+00 2.384999999999999850e-08
2.639999999999837144e+00 2.424999999999999877e-08
2.659999999999836717e+00 2.480000000000000039e-08
2.679999999999836291e+00 2.581999999999999893e-08
2.699999999999835865e+00 2.612500000000000067e-08
2.719999999999835438e+00 2.665000000000000041e-08
2.739999999999835012e+00 2.794499999999999976e-08
2.759999999999834586e+00 2.840499999999999859e-08
2.779999999999834159e+00 2.848499999999999997e-08
2.799999999999833733e+00 2.939999999999999856e-08
2.819999999999833307e+00 3.016100000000000121e-08
2.839999999999832880e+00 3.073499999999999695e-08
2.859999999999832454e+00 3.124499999999999953e-08
2.879999999999832028e+00 3.183399999999999905e-08
2.899999999999831601e+00 3.257999999999999792e-08
2.919999999999831175e+00 3.319999999999999950e-08
2.939999999999830749e+00 3.400000000000000005e-08
2.959999999999830322e+00 3.480999999999999870e-08
2.979999999999829896e+00 3.575999999999999728e-08
2.999999999999829470e+00 3.565900000000000187e-08
3.019999999999829043e+00 3.713500000000000132e-08
3.039999999999828617e+00 3.730900000000000010e-08
3.059999999999828191e+00 3.836100000000000184e-08
3.079999999999827764e+00 3.925599999999999762e-08
3.099999999999827338e+00 4.000000000000000084e-08
3.119999999999826912e+00 4.060499999999999864e-08
3.139999999999826485e+00 4.160899999999999890e-08
3.159999999999826059e+00 4.232099999999999892e-08
3.179999999999825633e+00 4.298400000000000294e-08
3.199999999999825206e+00 4.387899999999999871e-08
3.219999999999824780e+00 4.518499999999999730e-08
3.239999999999824354e+00 4.565999999999999990e-08
3.259999999999823928e+00 4.712999999999999917e-08
3.279999999999823501e+00 4.753899999999999972e-08
3.299999999999823075e+00 4.829400000000000218e-08
3.319999999999822649e+00 4.992900000000000326e-08
3.339999999999822222e+00 5.050099999999999673e-08
3.359999999999821796e+00 5.289399999999999705e-08
3.379999999999821370e+00 5.336899999999999965e-08
3.399999999999820943e+00 5.394599999999999879e-08
3.419999999999820517e+00 5.451000000000000305e-08
3.439999999999820091e+00 5.545900000000000050e-08
3.459999999999819664e+00 5.645999999999999735e-08
3.479999999999819238e+00 5.840399999999999808e-08
3.499999999999818812e+00 5.874999999999999999e-08
3.519999999999818385e+00 6.059000000000000191e-08
3.539999999999817959e+00 6.156900000000000028e-08
3.559999999999817533e+00 6.191100000000000427e-08
3.579999999999817106e+00 6.401000000000000209e-08
3.599999999999816680e+00 6.526499999999999579e-08
3.619999999999816254e+00 6.697800000000000590e-08
3.639999999999815827e+00 6.799400000000000653e-08
3.659999999999815401e+00 6.903000000000000337e-08
3.679999999999814975e+00 6.978399999999999807e-08
3.699999999999814548e+00 7.089299999999999828e-08
3.719999999999814122e+00 7.292299999999999726e-08
3.739999999999813696e+00 7.469799999999999827e-08
3.759999999999813269e+00 7.576099999999999925e-08
3.779999999999812843e+00 7.656499999999999772e-08
3.799999999999812417e+00 7.832599999999999608e-08
3.819999999999811990e+00 7.954099999999999737e-08
3.839999999999811564e+00 8.092300000000000273e-08
3.859999999999811138e+00 8.258599999999999585e-08
3.879999999999810711e+00 8.528499999999999904e-08
3.899999999999810285e+00 8.554999999999999512e-08
3.919999999999809859e+00 8.806099999999999689e-08
3.939999999999809432e+00 8.906100000000000585e-08
3.959999999999809006e+00 9.029800000000000561e-08
3.979999999999808580e+00 9.182999999999999577e-08
3.999999999999808153e+00 9.353900000000000135e-08
4.019999999999807727e+00 9.646100000000000594e-08
4.039999999999807301e+00 9.802500000000000591e-08
4.059999999999806874e+00 9.953900000000000213e-08
4.079999999999806448e+00 1.009500000000000007e-07
4.099999999999806022e+00 1.031999999999999977e-07
4.119999999999805596e+00 1.040999999999999991e-07
4.139999999999805169e+00 1.063000000000000056e-07
4.159999999999804743e+00 1.089000000000000024e-07
4.179999999999804317e+00 1.093000000000000060e-07
4.199999999999803890e+00 1.109499999999999976e-07
4.219999999999803464e+00 1.131500000000000040e-07
4.239999999999803038e+00 1.152500000000000030e-07
4.259999999999802611e+00 1.181000000000000053e-07
4.279999999999802185e+00 1.209000000000000040e-07
4.299999999999801759e+00 1.214999999999999961e-07
4.319999999999801332e+00 1.251500000000000056e-07
4.339999999999800906e+00 1.275500000000000006e-07
4.359999999999800480e+00 1.298499999999999881e-07
4.379999999999800053e+00 1.309499999999999914e-07
4.399999999999799627e+00 1.332000000000000016e-07
4.419999999999799201e+00 1.351499999999999893e-07
4.439999999999798774e+00 1.389999999999999874e-07
4.459999999999798348e+00 1.405499999999999979e-07
4.479999999999797922e+00 1.428000000000000081e-07
4.499999999999797495e+00 1.460499999999999876e-07
4.519999999999797069e+00 1.489499999999999937e-07
4.539999999999796643e+00 1.510499999999999927e-07
4.559999999999796216e+00 1.523000000000000072e-07
4.579999999999795790e+00 1.558900000000000016e-07
4.599999999999795364e+00 1.568000000000000012e-07
4.619999999999794937e+00 1.608999999999999916e-07
4.639999999999794511e+00 1.630499999999999943e-07
4.659999999999794085e+00 1.646000000000000048e-07
4.679999999999793658e+00 1.703400000000000020e-07
4.699999999999793232e+00 1.731000000000000082e-07
4.719999999999792806e+00 1.765399999999999913e-07
4.739999999999792379e+00 1.788000000000000129e-07
4.759999999999791953e+00 1.812400000000000003e-07
4.779999999999791527e+00 1.840999999999999875e-07
4.799999999999791100e+00 1.855400000000000057e-07
4.819999999999790674e+00 1.893000000000000076e-07
4.839999999999790248e+00 1.924000000000000023e-07
4.859999999999789821e+00 1.940900000000000128e-07
4.879999999999789395e+00 1.990499999999999990e-07
4.899999999999788969e+00 2.030000000000000046e-07
4.919999999999788542e+00 2.076500000000000098e-07
4.939999999999788116e+00 2.108000000000000082e-07
4.959999999999787690e+00 2.150500000000000099e-07
4.979999999999787264e+00 2.183999999999999969e-07
4.999999999999786837e+00 2.208499999999999957e-07
