-5.000000000000000000e+00 -1.746499999999999923e-07
-4.980000000000000426e+00 -1.746499999999999923e-07
-4.960000000000000853e+00 -1.699399999999999984e-07
-4.940000000000001279e+00 -1.703400000000000020e-07
-4.920000000000001705e+00 -1.654000000000000120e-07
-4.900000000000002132e+00 -1.632900000000000017e-07
-4.880000000000002558e+00 -1.603500000000000032e-07
-4.860000000000002984e+00 -1.608499999999999878e-07
-4.840000000000003411e+00 -1.587000000000000116e-07
-4.820000000000003837e+00 -1.559999999999999940e-07
-4.800000000000004263e+00 -1.535999999999999990e-07
-4.780000000000004690e+00 -1.511899999999999926e-07
-4.760000000000005116e+00 -1.486499999999999977e-07
-4.740000000000005542e+00 -1.449399999999999995e-07
-4.720000000000005969e+00 -1.407999999999999902e-07
-4.700000000000006395e+00 -1.417900000000000011e-07
-4.680000000000006821e+00 -1.427000000000000006e-07
-4.660000000000007248e+00 -1.376499999999999918e-07
-4.640000000000007674e+00 -1.354999999999999891e-07
-4.620000000000008100e+00 -1.334499999999999939e-07
-4.600000000000008527e+00 -1.290000000000000037e-07
-4.580000000000008953e+00 -1.294000000000000073e-07
-4.560000000000009379e+00 -1.273500000000000121e-07
-4.540000000000009805e+00 -1.258000000000000015e-07
-4.520000000000010232e+00 -1.241000000000000061e-07
-4.500000000000010658e+00 -1.221999999999999957e-07
-4.480000000000011084e+00 -1.196000000000000122e-07
-4.460000000000011511e+00 -1.167000000000000060e-07
-4.440000000000011937e+00 -1.134500000000000001e-07
-4.420000000000012363e+00 -1.140000000000000017e-07
-4.400000000000012790e+00 -1.131000000000000003e-07
-4.380000000000013216e+00 -1.117500000000000047e-07
-4.360000000000013642e+00 -1.098999999999999981e-07
-4.340000000000014069e+00 -1.071999999999999938e-07
-4.320000000000014495e+00 -1.050000000000000005e-07
-4.300000000000014921e+00 -1.050000000000000005e-07
-4.280000000000015348e+00 -1.034500000000000032e-07
-4.260000000000015774e+00 -1.010999999999999987e-07
-4.240000000000016200e+00 -9.989900000000000006e-08
-4.220000000000016627e+00 -9.944700000000000369e-08
-4.200000000000017053e+00 -9.860400000000000071e-08
-4.180000000000017479e+00 -9.600600000000000617e-08
-4.160000000000017906e+00 -9.445599999999999559e-08
-4.140000000000018332e+00 -9.215300000000000468e-08
-4.120000000000018758e+00 -9.127299999999999945e-08
-4.100000000000019185e+00 -8.979600000000000548e-08
-4.080000000000019611e+00 -8.838799999999999711e-08
-4.060000000000020037e+00 -8.703099999999999363e-08
-4.040000000000020464e+00 -8.541600000000000200e-08
-4.020000000000020890e+00 -8.432499999999999573e-08
-4.000000000000021316e+00 -8.291700000000000060e-08
-3.980000000000021743e+00 -8.121099999999999842e-08
-3.960000000000022169e+00 -7.952899999999999699e-08
-3.940000000000022595e+00 -7.903100000000000140e-08
-3.920000000000023022e+00 -7.708899999999999632e-08
-3.900000000000023448e+00 -7.650599999999999699e-08
-3.880000000000023874e+00 -7.561500000000000575e-08
-3.860000000000024301e+00 -7.369399999999999801e-08
-3.840000000000024727e+00 -7.225400000000000630e-08
-3.820000000000025153e+00 -7.158400000000000096e-08
-3.800000000000025580e+00 -7.030000000000000084e-08
-3.780000000000026006e+00 -6.944499999999999749e-08
-3.760000000000026432e+00 -6.796800000000000352e-08
-3.740000000000026859e+00 -6.570500000000000503e-08
-3.720000000000027285e+00 -6.630900000000000170e-08
-3.700000000000027711e+00 -6.481099999999999715e-08
-3.680000000000028137e+00 -6.637499999999999713e-08
-3.660000000000028564e+00 -6.264899999999999407e-08
-3.640000000000028990e+00 -6.314099999999999610e-08
-3.620000000000029416e+00 -6.064800000000000150e-08
-3.600000000000029843e+00 -6.100499999999999603e-08
-3.580000000000030269e+00 -5.870099999999999737e-08
-3.560000000000030695e+00 -5.904099999999999909e-08
-3.540000000000031122e+00 -5.882999999999999806e-08
-3.520000000000031548e+00 -5.602999999999999946e-08
-3.500000000000031974e+00 -5.502100000000000015e-08
-3.480000000000032401e+00 -5.414100000000000153e-08
-3.460000000000032827e+00 -5.247100000000000047e-08
-3.440000000000033253e+00 -5.208000000000000048e-08
-3.420000000000033680e+00 -5.110100000000000210e-08
-3.400000000000034106e+00 -5.261999999999999738e-08
-3.380000000000034532e+00 -4.960000000000000077e-08
-3.360000000000034959e+00 -4.737600000000000018e-08
-3.340000000000035385e+00 -4.780499999999999694e-08
-3.320000000000035811e+00 -4.689499999999999740e-08
-3.300000000000036238e+00 -4.578599999999999719e-08
-3.280000000000036664e+00 -4.530500000000000103e-08
-3.260000000000037090e+00 -4.448499999999999765e-08
-3.240000000000037517e+00 -4.534000000000000101e-08
-3.220000000000037943e+00 -4.294999999999999747e-08
-3.200000000000038369e+00 -4.210999999999999789e-08
-3.180000000000038796e+00 -4.140499999999999919e-08
-3.160000000000039222e+00 -4.070000000000000049e-08
-3.140000000000039648e+00 -3.967900000000000081e-08
-3.120000000000040075e+00 -3.920999999999999840e-08
-3.100000000000040501e+00 -3.858099999999999984e-08
-3.080000000000040927e+00 -3.762600000000000221e-08
-3.060000000000041354e+00 -3.713500000000000132e-08
-3.040000000000041780e+00 -3.643400000000000054e-08
-3.020000000000042206e+00 -3.573899999999999994e-08
-3.000000000000042633e+00 -3.515000000000000042e-08
-2.980000000000043059e+00 -3.430099999999999725e-08
-2.960000000000043485e+00 -3.393999999999999819e-08
-2.940000000000043912e+00 -3.316899999999999744e-08
-2.920000000000044338e+00 -3.267999999999999882e-08
-2.900000000000044764e+00 -3.209099999999999930e-08
-2.880000000000045191e+00 -3.147900000000000017e-08
-2.860000000000045617e+00 -3.204500000000000008e-08
-2.840000000000046043e+00 -3.029500000000000095e-08
-2.820000000000046469e+00 -3.078500000000000071e-08
-2.800000000000046896e+00 -2.914500000000000058e-08
-2.780000000000047322e+00 -2.970999999999999935e-08
-2.760000000000047748e+00 -2.808999999999999874e-08
-2.740000000000048175e+00 -2.756499999999999901e-08
-2.720000000000048601e+00 -2.703999999999999927e-08
-2.700000000000049027e+00 -2.654000000000000141e-08
-2.680000000000049454e+00 -2.593999999999999934e-08
-2.660000000000049880e+00 -2.549500000000000099e-08
-2.640000000000050306e+00 -2.506499999999999978e-08
-2.620000000000050733e+00 -2.442499999999999868e-08
-2.600000000000051159e+00 -2.476999999999999946e-08
-2.580000000000051585e+00 -2.398499999999999938e-08
-2.560000000000052012e+00 -2.344000000000000012e-08
-2.540000000000052438e+00 -2.274999999999999857e-08
-2.520000000000052864e+00 -2.233500000000000114e-08
-2.500000000000053291e+00 -2.165500000000000101e-08
-2.480000000000053717e+00 -2.124999999999999838e-08
-2.460000000000054143e+00 -2.088500000000000139e-08
-2.440000000000054570e+00 -2.040499999999999974e-08
-2.420000000000054996e+00 -1.994999999999999997e-08
-2.400000000000055422e+00 -1.961000000000000156e-08
-2.380000000000055849e+00 -1.979000000000000052e-08
-2.360000000000056275e+00 -1.888999999999999908e-08
-2.340000000000056701e+00 -1.871499999999999917e-08
-2.320000000000057128e+00 -1.797000000000000143e-08
-2.300000000000057554e+00 -1.762500000000000066e-08
-2.280000000000057980e+00 -1.724999999999999895e-08
-2.260000000000058407e+00 -1.679499999999999918e-08
-2.240000000000058833e+00 -1.654500000000000025e-08
-2.220000000000059259e+00 -1.619500000000000043e-08
-2.200000000000059686e+00 -1.598999999999999958e-08
-2.180000000000060112e+00 -1.559499999999999836e-08
-2.160000000000060538e+00 -1.565500000000000022e-08
-2.140000000000060965e+00 -1.488500000000000061e-08
-2.120000000000061391e+00 -1.458000000000000052e-08
-2.100000000000061817e+00 -1.425499999999999927e-08
-2.080000000000062244e+00 -1.396000000000000060e-08
-2.060000000000062670e+00 -1.383000000000000043e-08
-2.040000000000063096e+00 -1.342000000000000039e-08
-2.020000000000063523e+00 -1.313499999999999983e-08
-2.000000000000063949e+00 -1.279499999999999976e-08
-1.980000000000064375e+00 -1.261000000000000009e-08
-1.960000000000064801e+00 -1.232000000000000047e-08
-1.940000000000065228e+00 -1.199999999999999992e-08
-1.920000000000065654e+00 -1.165999999999999985e-08
-1.900000000000066080e+00 -1.165500000000000080e-08
-1.880000000000066507e+00 -1.172000000000000006e-08
-1.860000000000066933e+00 -1.099999999999999924e-08
-1.840000000000067359e+00 -1.070500000000000057e-08
-1.820000000000067786e+00 -1.055999999999999993e-08
-1.800000000000068212e+00 -1.030500000000000029e-08
-1.780000000000068638e+00 -1.056999999999999969e-08
-1.760000000000069065e+00 -1.002500000000000043e-08
-1.740000000000069491e+00 -9.607399999999999724e-09
-1.720000000000069917e+00 -9.355999999999999538e-09
-1.700000000000070344e+00 -9.310499999999999230e-09
-1.680000000000070770e+00 -8.981699999999999290e-09
-1.660000000000071196e+00 -8.709800000000000673e-09
-1.640000000000071623e+00 -8.714799999999999726e-09
-1.620000000000072049e+00 -8.390099999999999803e-09
-1.600000000000072475e+00 -8.232300000000000203e-09
-1.580000000000072902e+00 -7.997099999999999195e-09
-1.560000000000073328e+00 -7.846600000000000594e-09
-1.540000000000073754e+00 -7.763399999999999888e-09
-1.520000000000074181e+00 -7.633399999999999717e-09
-1.500000000000074607e+00 -7.410399999999999970e-09
-1.480000000000075033e+00 -7.197300000000000365e-09
-1.460000000000075460e+00 -7.016800000000000006e-09
-1.440000000000075886e+00 -6.869400000000000287e-09
-1.420000000000076312e+00 -6.723400000000000171e-09
-1.400000000000076739e+00 -6.636399999999999954e-09
-1.380000000000077165e+00 -6.388300000000000367e-09
-1.360000000000077591e+00 -6.225299999999999999e-09
-1.340000000000078018e+00 -6.139300000000000089e-09
-1.320000000000078444e+00 -5.953300000000000111e-09
-1.300000000000078870e+00 -5.886500000000000300e-09
-1.280000000000079297e+00 -5.727300000000000271e-09
-1.260000000000079723e+00 -5.557899999999999595e-09
-1.240000000000080149e+00 -5.385800000000000158e-09
-1.220000000000080576e+00 -5.221899999999999928e-09
-1.200000000000081002e+00 -5.104300000000000251e-09
-1.180000000000081428e+00 -4.966300000000000107e-09
-1.160000000000081855e+00 -4.836499999999999997e-09
-1.140000000000082281e+00 -4.725499999999999863e-09
-1.120000000000082707e+00 -4.569299999999999927e-09
-1.100000000000083134e+00 -4.543799999999999964e-09
-1.080000000000083560e+00 -4.457399999999999931e-09
-1.060000000000083986e+00 -4.281900000000000279e-09
-1.040000000000084412e+00 -4.149799999999999877e-09
-1.020000000000084839e+00 -4.096400000000000040e-09
-1.000000000000085265e+00 -3.936500000000000210e-09
-9.800000000000856915e-01 -3.796500000000000280e-09
-9.600000000000861178e-01 -3.715399999999999805e-09
-9.400000000000865441e-01 -3.582900000000000107e-09
-9.200000000000869704e-01 -3.441899999999999871e-09
-9.000000000000873968e-01 -3.381399999999999924e-09
-8.800000000000878231e-01 -3.279400000000000070e-09
-8.600000000000882494e-01 -3.225400000000000050e-09
-8.400000000000886757e-01 -3.064399999999999882e-09
-8.200000000000891021e-01 -2.999999999999999980e-09
-8.000000000000895284e-01 -2.929899999999999984e-09
-7.800000000000899547e-01 -2.803400000000000059e-09
-7.600000000000903810e-01 -2.644899999999999831e-09
-7.400000000000908074e-01 -2.655500000000000187e-09
-7.200000000000912337e-01 -2.549000000000000193e-09
-7.000000000000916600e-01 -2.451999999999999804e-09
-6.800000000000920863e-01 -2.369500000000000141e-09
-6.600000000000925127e-01 -2.293399999999999959e-09
-6.400000000000929390e-01 -2.148400000000000150e-09
-6.200000000000933653e-01 -2.110500000000000105e-09
-6.000000000000937916e-01 -2.051899999999999914e-09
-5.800000000000942180e-01 -1.947400000000000120e-09
-5.600000000000946443e-01 -1.854999999999999901e-09
-5.400000000000950706e-01 -1.794900000000000078e-09
-5.200000000000954969e-01 -1.720899999999999920e-09
-5.000000000000959233e-01 -1.619000000000000096e-09
-4.800000000000963496e-01 -1.573499999999999995e-09
-4.600000000000967759e-01 -1.517000000000000035e-09
-4.400000000000972022e-01 -1.412000000000000087e-09
-4.200000000000976286e-01 -1.333000000000000050e-09
-4.000000000000980549e-01 -1.285999999999999902e-09
-3.800000000000984812e-01 -1.194000000000000013e-09
-3.600000000000989075e-01 -1.116500000000000022e-09
-3.400000000000993339e-01 -1.095499999999999991e-09
-3.200000000000997602e-01 -1.007500000000000088e-09
-3.000000000001001865e-01 -9.351800000000000731e-10
-2.800000000001006129e-01 -8.701600000000000226e-10
-2.600000000001010392e-01 -8.277499999999999592e-10
-2.400000000001014655e-01 -7.578099999999999918e-10
-2.200000000001018918e-01 -6.639599999999999488e-10
-2.000000000001023182e-01 -6.284000000000000220e-10
-1.800000000001027445e-01 -5.769600000000000425e-10
-1.600000000001031708e-01 -4.889100000000000208e-10
-1.400000000001035971e-01 -4.277499999999999963e-10
-1.200000000001040235e-01 -3.936600000000000137e-10
-1.000000000001044498e-01 -3.204999999999999789e-10
-8.000000000010487611e-02 -2.324999999999999985e-10
-6.000000000010530243e-02 -1.802000000000000085e-10
-4.000000000010572876e-02 -1.335499999999999938e-10
-2.000000000010615508e-02 -4.360099999999999890e-11
-1.065814103640150279e-13 2.584900000000000103e-11
1.999999999989299226e-02 5.924899999999999361e-11
3.999999999989256594e-02 1.379999999999999887e-10
5.999999999989213961e-02 2.371500000000000031e-10
7.999999999989171329e-02 2.746900000000000099e-10
9.999999999989128696e-02 3.243500000000000225e-10
1.199999999998908606e-01 4.316500000000000035e-10
1.399999999998904343e-01 4.939399999999999507e-10
1.599999999998900080e-01 5.398999999999999657e-10
1.799999999998895817e-01 6.303099999999999668e-10
1.999999999998891553e-01 7.252399999999999688e-10
2.199999999998887290e-01 7.950100000000000288e-10
2.399999999998883027e-01 8.757900000000000332e-10
2.599999999998878764e-01 9.577499999999999238e-10
2.799999999998874500e-01 1.033499999999999998e-09
2.999999999998870237e-01 1.079500000000000046e-09
3.199999999998865974e-01 1.190999999999999920e-09
3.399999999998861711e-01 1.296000000000000074e-09
3.599999999998857447e-01 1.345000000000000008e-09
3.799999999998853184e-01 1.450499999999999902e-09
3.999999999998848921e-01 1.573499999999999995e-09
4.199999999998844658e-01 1.656000000000000072e-09
4.399999999998840394e-01 1.743999999999999975e-09
4.599999999998836131e-01 1.846999999999999929e-09
4.799999999998831868e-01 1.961399999999999865e-09
4.999999999998827604e-01 2.026499999999999981e-09
5.199999999998823341e-01 2.148000000000000027e-09
5.399999999998819078e-01 2.299000000000000023e-09
5.599999999998814815e-01 2.383900000000000009e-09
5.799999999998810551e-01 2.465999999999999963e-09
5.999999999998806288e-01 2.614399999999999988e-09
6.199999999998802025e-01 2.747899999999999992e-09
6.399999999998797762e-01 2.853400000000000093e-09
6.599999999998793498e-01 2.943900000000000143e-09
6.799999999998789235e-01 3.124400000000000088e-09
6.999999999998784972e-01 3.285899999999999996e-09
7.199999999998780709e-01 3.320399999999999825e-09
7.399999999998776445e-01 3.544000000000000169e-09
7.599999999998772182e-01 3.696000000000000058e-09
7.799999999998767919e-01 3.796900000000000402e-09
7.999999999998763656e-01 3.916499999999999865e-09
8.199999999998759392e-01 4.107499999999999723e-09
8.399999999998755129e-01 4.292399999999999777e-09
8.599999999998750866e-01 4.412899999999999930e-09
8.799999999998746603e-01 4.636800000000000366e-09
8.999999999998742339e-01 4.804900000000000230e-09
9.199999999998738076e-01 4.946299999999999763e-09
9.399999999998733813e-01 5.096399999999999896e-09
9.599999999998729550e-01 5.360300000000000194e-09
9.799999999998725286e-01 5.541300000000000293e-09
9.999999999998721023e-01 5.880799999999999793e-09
1.019999999999871676e+00 5.863999999999999603e-09
1.039999999999871250e+00 6.091300000000000255e-09
1.059999999999870823e+00 6.284400000000000343e-09
1.079999999999870397e+00 6.532400000000000314e-09
1.099999999999869971e+00 6.731899999999999883e-09
1.119999999999869544e+00 7.006299999999999680e-09
1.139999999999869118e+00 7.262299999999999623e-09
1.159999999999868692e+00 7.472799999999999258e-09
1.179999999999868265e+00 7.625199999999999683e-09
1.199999999999867839e+00 7.984899999999999589e-09
1.219999999999867413e+00 8.283700000000000253e-09
1.239999999999866986e+00 8.440100000000000250e-09
1.259999999999866560e+00 8.690700000000000191e-09
1.279999999999866134e+00 8.909800000000000810e-09
1.299999999999865707e+00 9.335899999999999576e-09
1.319999999999865281e+00 9.502900000000000344e-09
1.339999999999864855e+00 9.750699999999999426e-09
1.359999999999864428e+00 1.009599999999999988e-08
1.379999999999864002e+00 1.040000000000000048e-08
1.399999999999863576e+00 1.072500000000000008e-08
1.419999999999863149e+00 1.099500000000000019e-08
1.439999999999862723e+00 1.179000000000000002e-08
1.459999999999862297e+00 1.149499999999999970e-08
1.479999999999861870e+00 1.185999999999999999e-08
1.499999999999861444e+00 1.247499999999999921e-08
1.519999999999861018e+00 1.294000000000000040e-08
1.539999999999860592e+00 1.294000000000000040e-08
1.559999999999860165e+00 1.379999999999999949e-08
1.579999999999859739e+00 1.377999999999999998e-08
1.599999999999859313e+00 1.419000000000000001e-08
1.619999999999858886e+00 1.464000000000000073e-08
1.639999999999858460e+00 1.537500000000000036e-08
1.659999999999858034e+00 1.546499999999999985e-08
1.679999999999857607e+00 1.584000000000000155e-08
1.699999999999857181e+00 1.625499999999999898e-08
1.719999999999856755e+00 1.673000000000000158e-08
1.739999999999856328e+00 1.774500000000000107e-08
1.759999999999855902e+00 1.752000000000000071e-08
1.779999999999855476e+00 1.778000000000000105e-08
1.799999999999855049e+00 1.844500000000000072e-08
1.819999999999854623e+00 1.926500000000000079e-08
1.839999999999854197e+00 1.942999999999999928e-08
1.859999999999853770e+00 1.986999999999999859e-08
1.879999999999853344e+00 2.042000000000000021e-08
1.899999999999852918e+00 2.077000000000000003e-08
1.919999999999852491e+00 2.122499999999999981e-08
1.939999999999852065e+00 2.197999999999999896e-08
1.959999999999851639e+00 2.228999999999999975e-08
1.979999999999851212e+00 2.278499999999999856e-08
1.999999999999850786e+00 2.434999999999999967e-08
2.019999999999850360e+00 2.442499999999999868e-08
2.039999999999849933e+00 2.473000000000000042e-08
2.059999999999849507e+00 2.515000000000000021e-08
2.079999999999849081e+00 2.615500000000000160e-08
2.099999999999848654e+00 2.662400000000000071e-08
2.119999999999848228e+00 2.703999999999999927e-08
2.139999999999847802e+00 2.790500000000000073e-08
2.159999999999847375e+00 2.895999999999999926e-08
2.179999999999846949e+00 2.927499999999999910e-08
2.199999999999846523e+00 3.002100000000000128e-08
2.219999999999846096e+00 3.060400000000000061e-08
2.239999999999845670e+00 3.123000000000000238e-08
2.259999999999845244e+00 3.177999999999999738e-08
2.279999999999844817e+00 3.330600000000000059e-08
2.299999999999844391e+00 3.553899999999999815e-08
2.319999999999843965e+00 3.429499999999999707e-08
2.339999999999843538e+00 3.511000000000000139e-08
2.359999999999843112e+00 3.584500000000000102e-08
2.379999999999842686e+00 3.667099999999999796e-08
2.399999999999842260e+00 3.698500000000000329e-08
2.419999999999841833e+00 3.820400000000000249e-08
2.439999999999841407e+00 3.918500000000000313e-08
2.459999999999840981e+00 4.073399999999999934e-08
2.479999999999840554e+00 4.142000000000000296e-08
2.499999999999840128e+00 4.247000000000000244e-08
2.519999999999839702e+00 4.401999999999999978e-08
2.539999999999839275e+00 4.391899999999999775e-08
2.559999999999838849e+00 4.622100000000000076e-08
2.579999999999838423e+00 4.610400000000000044e-08
2.599999999999837996e+00 4.710099999999999937e-08
2.619999999999837570e+00 4.807900000000000323e-08
2.639999999999837144e+00 4.908499999999999914e-08
2.659999999999836717e+00 5.108400000000000268e-08
2.679999999999836291e+00 5.235099999999999675e-08
2.699999999999835865e+00 5.188499999999999774e-08
2.719999999999835438e+00 5.332500000000000270e-08
2.739999999999835012e+00 5.452100000000000229e-08
2.759999999999834586e+00 5.573599999999999695e-08
2.779999999999834159e+00 5.739499999999999877e-08
2.799999999999833733e+00 5.772599999999999691e-08
2.819999999999833307e+00 6.046999999999999818e-08
2.839999999999832880e+00 6.227499999999999350e-08
2.859999999999832454e+00 6.131099999999999890e-08
2.879999999999832028e+00 6.234000000000000103e-08
2.899999999999831601e+00 6.287900000000000341e-08
2.919999999999831175e+00 6.490499999999999786e-08
2.939999999999830749e+00 6.545099999999999494e-08
2.959999999999830322e+00 6.786699999999999487e-08
2.979999999999829896e+00 7.063499999999999689e-08
2.999999999999829470e+00 7.141399999999999348e-08
3.019999999999829043e+00 7.114100000000000156e-08
3.039999999999828617e+00 7.492400000000000307e-08
3.059999999999828191e+00 7.473500000000000052e-08
3.079999999999827764e+00 7.843099999999999603e-08
3.099999999999827338e+00 7.876899999999999548e-08
3.119999999999826912e+00 7.942399999999999705e-08
3.139999999999826485e+00 8.370599999999999529e-08
3.159999999999826059e+00 8.414999999999999582e-08
3.179999999999825633e+00 8.324400000000000081e-08
3.199999999999825206e+00 8.568199999999999922e-08
3.219999999999824780e+00 8.743500000000000174e-08
3.239999999999824354e+00 9.204400000000000020e-08
3.259999999999823928e+00 8.946900000000000527e-08
3.279999999999823501e+00 9.293899999999999597e-08
3.299999999999823075e+00 9.422000000000000592e-08
3.319999999999822649e+00 9.485599999999999918e-08
3.339999999999822222e+00 9.910900000000000424e-08
3.359999999999821796e+00 1.031800000000000015e-07
3.379999999999821370e+00 1.045500000000000064e-07
3.399999999999820943e+00 1.036999999999999955e-07
3.419999999999820517e+00 1.057999999999999945e-07
3.439999999999820091e+00 1.077999999999999991e-07
3.459999999999819664e+00 1.135000000000000039e-07
3.479999999999819238e+00 1.121999999999999988e-07
3.499999999999818812e+00 1.134500000000000001e-07
3.519999999999818385e+00 1.155499999999999991e-07
3.539999999999817959e+00 1.182999999999999939e-07
3.559999999999817533e+00 1.210000000000000115e-07
3.579999999999817106e+00 1.242400000000000061e-07
3.599999999999816680e+00 1.245999999999999908e-07
3.619999999999816254e+00 1.286500000000000039e-07
3.639999999999815827e+00 1.313499999999999950e-07
3.659999999999815401e+00 1.347000000000000084e-07
3.679999999999814975e+00 1.373999999999999995e-07
3.699999999999814548e+00 1.387999999999999988e-07
3.719999999999814122e+00 1.408499999999999940e-07
3.739999999999813696e+00 1.434500000000000040e-07
3.759999999999813269e+00 1.439000000000000114e-07
3.779999999999812843e+00 1.496400000000000085e-07
3.799999999999812417e+00 1.542499999999999949e-07
3.819999999999811990e+00 1.554000000000000019e-07
3.839999999999811564e+00 1.579000000000000044e-07
3.859999999999811138e+00 1.624899999999999945e-07
3.879999999999810711e+00 1.635000000000000016e-07
3.899999999999810285e+00 1.650999999999999895e-07
3.919999999999809859e+00 1.635500000000000054e-07
3.939999999999809432e+00 1.732999999999999967e-07
3.959999999999809006e+00 1.761399999999999877e-07
3.979999999999808580e+00 1.755000000000000032e-07
3.999999999999808153e+00 1.820400000000000075e-07
4.019999999999807727e+00 1.850000000000000022e-07
4.039999999999807301e+00 1.878399999999999932e-07
4.059999999999806874e+00 1.954499999999999932e-07
4.079999999999806448e+00 1.955500000000000007e-07
4.099999999999806022e+00 2.022899999999999936e-07
4.119999999999805596e+00 2.037500000000000080e-07
4.139999999999805169e+00 2.092499999999999977e-07
4.159999999999804743e+00 2.108900000000000044e-07
4.179999999999804317e+00 2.182500000000000121e-07
4.199999999999803890e+00 2.183400000000000083e-07
4.219999999999803464e+00 2.249400000000000012e-07
4.239999999999803038e+00 2.300899999999999911e-07
4.259999999999802611e+00 2.346399999999999888e-07
4.279999999999802185e+00 2.352999999999999960e-07
4.299999999999801759e+00 2.386499999999999830e-07
4.319999999999801332e+00 2.442999999999999840e-07
4.339999999999800906e+00 2.487899999999999931e-07
4.359999999999800480e+00 2.525900000000000139e-07
4.379999999999800053e+00 2.580900000000000036e-07
4.399999999999799627e+00 2.633899999999999782e-07
4.419999999999799201e+00 2.704499999999999898e-07
4.439999999999798774e+00 2.729500000000000188e-07
4.459999999999798348e+00 2.803999999999999962e-07
4.479999999999797922e+00 2.849000000000000166e-07
4.499999999999797495e+00 2.891500000000000183e-07
4.519999999999797069e+00 2.955500000000000227e-07
4.539999999999796643e+00 3.002899999999999976e-07
4.559999999999796216e+00 3.012400000000000161e-07
4.579999999999795790e+00 3.022399999999999853e-07
4.599999999999795364e+00 3.078899999999999863e-07
4.619999999999794937e+00 3.171000000000000006e-07
4.639999999999794511e+00 3.243500000000000159e-07
4.659999999999794085e+00 3.295999999999999868e-07
4.679999999999793658e+00 3.311399999999999860e-07
4.699999999999793232e+00 3.405000000000000116e-07
4.719999999999792806e+00 3.479999999999999927e-07
4.739999999999792379e+00 3.521999999999999906e-07
4.759999999999791953e+00 3.596900000000000134e-07
4.779999999999791527e+00 3.663899999999999873e-07
4.799999999999791100e+00 3.731000000000000256e-07
4.819999999999790674e+00 3.790899999999999886e-07
4.839999999999790248e+00 3.848000000000000046e-07
4.859999999999789821e+00 3.922899999999999744e-07
4.879999999999789395e+00 4.004000000000000120e-07
4.899999999999788969e+00 4.071899999999999821e-07
4.919999999999788542e+00 4.130000000000000057e-07
4.939999999999788116e+00 4.201400000000000021e-07
4.959999999999787690e+00 4.312500000000000003e-07
4.979999999999787264e+00 4.349400000000000023e-07
4.999999999999786837e+00 4.426000000000000060e-07
