-5.000000000000000000e+00 -3.846399999999999820e-07
-4.980000000000000426e+00 -3.846399999999999820e-07
-4.960000000000000853e+00 -3.851499999999999780e-07
-4.940000000000001279e+00 -3.729400000000000030e-07
-4.920000000000001705e+00 -3.671899999999999945e-07
-4.900000000000002132e+00 -3.572499999999999995e-07
-4.880000000000002558e+00 -3.558399999999999888e-07
-4.860000000000002984e+00 -3.483000000000000153e-07
-4.840000000000003411e+00 -3.426400000000000030e-07
-4.820000000000003837e+00 -3.369500000000000096e-07
-4.800000000000004263e+00 -3.346899999999999880e-07
-4.780000000000004690e+00 -3.270399999999999956e-07
-4.760000000000005116e+00 -3.258900000000000151e-07
-4.740000000000005542e+00 -3.210900000000000251e-07
-4.720000000000005969e+00 -3.171000000000000006e-07
-4.700000000000006395e+00 -3.132400000000000176e-07
-4.680000000000006821e+00 -3.068400000000000133e-07
-4.660000000000007248e+00 -3.036399999999999846e-07
-4.640000000000007674e+00 -2.958399999999999809e-07
-4.620000000000008100e+00 -2.935400000000000199e-07
-4.600000000000008527e+00 -2.888999999999999995e-07
-4.580000000000008953e+00 -2.844899999999999753e-07
-4.560000000000009379e+00 -2.843900000000000207e-07
-4.540000000000009805e+00 -2.779000000000000201e-07
-4.520000000000010232e+00 -2.763000000000000058e-07
-4.500000000000010658e+00 -2.687000000000000172e-07
-4.480000000000011084e+00 -2.600399999999999912e-07
-4.460000000000011511e+00 -2.600399999999999912e-07
-4.440000000000011937e+00 -2.569400000000000230e-07
-4.420000000000012363e+00 -2.554000000000000238e-07
-4.400000000000012790e+00 -2.480500000000000010e-07
-4.380000000000013216e+00 -2.427000000000000226e-07
-4.360000000000013642e+00 -2.428999999999999847e-07
-4.340000000000014069e+00 -2.376499999999999873e-07
-4.320000000000014495e+00 -2.351399999999999999e-07
-4.300000000000014921e+00 -2.295499999999999875e-07
-4.280000000000015348e+00 -2.274499999999999886e-07
-4.260000000000015774e+00 -2.193000000000000116e-07
-4.240000000000016200e+00 -2.196500000000000114e-07
-4.220000000000016627e+00 -2.178900000000000009e-07
-4.200000000000017053e+00 -2.121500000000000038e-07
-4.180000000000017479e+00 -2.098499999999999898e-07
-4.160000000000017906e+00 -2.063999999999999953e-07
-4.140000000000018332e+00 -2.037000000000000042e-07
-4.120000000000018758e+00 -2.038400000000000042e-07
-4.100000000000019185e+00 -1.967999999999999888e-07
-4.080000000000019611e+00 -1.937400000000000130e-07
-4.060000000000020037e+00 -1.932900000000000056e-07
-4.040000000000020464e+00 -1.917399999999999951e-07
-4.020000000000020890e+00 -1.893500000000000114e-07
-4.000000000000021316e+00 -1.847399999999999986e-07
-3.980000000000021743e+00 -1.788900000000000090e-07
-3.960000000000022169e+00 -1.769899999999999987e-07
-3.940000000000022595e+00 -1.744500000000000037e-07
-3.920000000000023022e+00 -1.703999999999999906e-07
-3.900000000000023448e+00 -1.675400000000000034e-07
-3.880000000000023874e+00 -1.661000000000000116e-07
-3.860000000000024301e+00 -1.620899999999999910e-07
-3.840000000000024727e+00 -1.598499999999999921e-07
-3.820000000000025153e+00 -1.566400000000000050e-07
-3.800000000000025580e+00 -1.562000000000000090e-07
-3.780000000000026006e+00 -1.516500000000000113e-07
-3.760000000000026432e+00 -1.496999999999999971e-07
-3.740000000000026859e+00 -1.486499999999999977e-07
-3.720000000000027285e+00 -1.452000000000000032e-07
-3.700000000000027711e+00 -1.438500000000000076e-07
-3.680000000000028137e+00 -1.404000000000000131e-07
-3.660000000000028564e+00 -1.380499999999999954e-07
-3.640000000000028990e+00 -1.355499999999999929e-07
-3.620000000000029416e+00 -1.337000000000000127e-07
-3.600000000000029843e+00 -1.319499999999999871e-07
-3.580000000000030269e+00 -1.290000000000000037e-07
-3.560000000000030695e+00 -1.266999999999999897e-07
-3.540000000000031122e+00 -1.245999999999999908e-07
-3.520000000000031548e+00 -1.234500000000000102e-07
-3.500000000000031974e+00 -1.202000000000000043e-07
-3.480000000000032401e+00 -1.177000000000000018e-07
-3.460000000000032827e+00 -1.168000000000000003e-07
-3.440000000000033253e+00 -1.144000000000000053e-07
-3.420000000000033680e+00 -1.119500000000000065e-07
-3.400000000000034106e+00 -1.099500000000000019e-07
-3.380000000000034532e+00 -1.080000000000000009e-07
-3.360000000000034959e+00 -1.063000000000000056e-07
-3.340000000000035385e+00 -1.041500000000000029e-07
-3.320000000000035811e+00 -1.033499999999999957e-07
-3.300000000000036238e+00 -1.018500000000000021e-07
-3.280000000000036664e+00 -9.969799999999999714e-08
-3.260000000000037090e+00 -9.826500000000000012e-08
-3.240000000000037517e+00 -9.702100000000000566e-08
-3.220000000000037943e+00 -9.424899999999999910e-08
-3.200000000000038369e+00 -9.324800000000000225e-08
-3.180000000000038796e+00 -9.175300000000000110e-08
-3.160000000000039222e+00 -8.905399999999999791e-08
-3.140000000000039648e+00 -8.738399999999999685e-08
-3.120000000000040075e+00 -8.616500000000000427e-08
-3.100000000000040501e+00 -8.535399999999999787e-08
-3.080000000000040927e+00 -8.481599999999999662e-08
-3.060000000000041354e+00 -8.319000000000000575e-08
-3.040000000000041780e+00 -8.041399999999999466e-08
-3.020000000000042206e+00 -7.925999999999999637e-08
-3.000000000000042633e+00 -7.727100000000000417e-08
-2.980000000000043059e+00 -7.580399999999999507e-08
-2.960000000000043485e+00 -7.613499999999999982e-08
-2.940000000000043912e+00 -7.259599999999999705e-08
-2.920000000000044338e+00 -7.144999999999999460e-08
-2.900000000000044764e+00 -7.008499999999999528e-08
-2.880000000000045191e+00 -6.873600000000000087e-08
-2.860000000000045617e+00 -6.799400000000000653e-08
-2.840000000000046043e+00 -6.736399999999999361e-08
-2.820000000000046469e+00 -6.511599999999999889e-08
-2.800000000000046896e+00 -6.381000000000000030e-08
-2.780000000000047322e+00 -6.291500000000000453e-08
-2.760000000000047748e+00 -6.184499999999999561e-08
-2.740000000000048175e+00 -6.049900000000000460e-08
-2.720000000000048601e+00 -5.996499999999999466e-08
-2.700000000000049027e+00 -5.914399999999999677e-08
-2.680000000000049454e+00 -5.679100000000000210e-08
-2.660000000000049880e+00 -5.588999999999999952e-08
-2.640000000000050306e+00 -5.484999999999999815e-08
-2.620000000000050733e+00 -5.360599999999999707e-08
-2.600000000000051159e+00 -5.284000000000000199e-08
-2.580000000000051585e+00 -5.323100000000000199e-08
-2.560000000000052012e+00 -5.104999999999999721e-08
-2.540000000000052438e+00 -4.982900000000000236e-08
-2.520000000000052864e+00 -4.909099999999999933e-08
-2.500000000000053291e+00 -4.776499999999999791e-08
-2.480000000000053717e+00 -4.714500000000000294e-08
-2.460000000000054143e+00 -4.628000000000000148e-08
-2.440000000000054570e+00 -4.531999999999999818e-08
-2.420000000000054996e+00 -4.482499999999999937e-08
-2.400000000000055422e+00 -4.356999999999999906e-08
-2.380000000000055849e+00 -4.286100000000000243e-08
-2.360000000000056275e+00 -4.194900000000000062e-08
-2.340000000000056701e+00 -4.122600000000000136e-08
-2.320000000000057128e+00 -4.059100000000000262e-08
-2.300000000000057554e+00 -3.938499999999999831e-08
-2.280000000000057980e+00 -3.868999999999999771e-08
-2.260000000000058407e+00 -3.785499999999999718e-08
-2.240000000000058833e+00 -3.705500000000000325e-08
-2.220000000000059259e+00 -3.669100000000000079e-08
-2.200000000000059686e+00 -3.591100000000000307e-08
-2.180000000000060112e+00 -3.525600000000000150e-08
-2.160000000000060538e+00 -3.535899999999999918e-08
-2.140000000000060965e+00 -3.428100000000000104e-08
-2.120000000000061391e+00 -3.316000000000000047e-08
-2.100000000000061817e+00 -3.235100000000000295e-08
-2.080000000000062244e+00 -3.208499999999999911e-08
-2.060000000000062670e+00 -3.097900000000000231e-08
-2.040000000000063096e+00 -3.026999999999999907e-08
-2.020000000000063523e+00 -2.988399999999999813e-08
-2.000000000000063949e+00 -2.911000000000000060e-08
-1.980000000000064375e+00 -2.849500000000000138e-08
-1.960000000000064801e+00 -2.796499999999999928e-08
-1.940000000000065228e+00 -2.743000000000000144e-08
-1.920000000000065654e+00 -2.708000000000000161e-08
-1.900000000000066080e+00 -2.619500000000000064e-08
-1.880000000000066507e+00 -2.579999999999999941e-08
-1.860000000000066933e+00 -2.530000000000000156e-08
-1.840000000000067359e+00 -2.466499999999999951e-08
-1.820000000000067786e+00 -2.422999999999999925e-08
-1.800000000000068212e+00 -2.396000000000000081e-08
-1.780000000000068638e+00 -2.333999999999999922e-08
-1.760000000000069065e+00 -2.272500000000000000e-08
-1.740000000000069491e+00 -2.235000000000000161e-08
-1.720000000000069917e+00 -2.223999999999999930e-08
-1.700000000000070344e+00 -2.160999999999999962e-08
-1.680000000000070770e+00 -2.112499999999999891e-08
-1.660000000000071196e+00 -2.092999999999999948e-08
-1.640000000000071623e+00 -2.002499999999999899e-08
-1.620000000000072049e+00 -1.947000000000000163e-08
-1.600000000000072475e+00 -1.929499999999999841e-08
-1.580000000000072902e+00 -1.871499999999999917e-08
-1.560000000000073328e+00 -1.825500000000000034e-08
-1.540000000000073754e+00 -1.801999999999999857e-08
-1.520000000000074181e+00 -1.740499999999999935e-08
-1.500000000000074607e+00 -1.736999999999999937e-08
-1.480000000000075033e+00 -1.665499999999999925e-08
-1.460000000000075460e+00 -1.649499999999999980e-08
-1.440000000000075886e+00 -1.602000000000000051e-08
-1.420000000000076312e+00 -1.559499999999999836e-08
-1.400000000000076739e+00 -1.527499999999999947e-08
-1.380000000000077165e+00 -1.489999999999999942e-08
-1.360000000000077591e+00 -1.455500000000000030e-08
-1.340000000000078018e+00 -1.433999999999999970e-08
-1.320000000000078444e+00 -1.399500000000000058e-08
-1.300000000000078870e+00 -1.366500000000000027e-08
-1.280000000000079297e+00 -1.327499999999999976e-08
-1.260000000000079723e+00 -1.307000000000000057e-08
-1.240000000000080149e+00 -1.274499999999999931e-08
-1.220000000000080576e+00 -1.236999999999999926e-08
-1.200000000000081002e+00 -1.229500000000000025e-08
-1.180000000000081428e+00 -1.194500000000000042e-08
-1.160000000000081855e+00 -1.159999999999999965e-08
-1.140000000000082281e+00 -1.163499999999999963e-08
-1.120000000000082707e+00 -1.092999999999999927e-08
-1.100000000000083134e+00 -1.067000000000000058e-08
-1.080000000000083560e+00 -1.048999999999999996e-08
-1.060000000000083986e+00 -1.017500000000000012e-08
-1.040000000000084412e+00 -9.934800000000000062e-09
-1.020000000000084839e+00 -9.690200000000000307e-09
-1.000000000000085265e+00 -9.522799999999999417e-09
-9.800000000000856915e-01 -9.221800000000000560e-09
-9.600000000000861178e-01 -9.120400000000000062e-09
-9.400000000000865441e-01 -8.791199999999999999e-09
-9.200000000000869704e-01 -8.564699999999999593e-09
-9.000000000000873968e-01 -8.313699999999999529e-09
-8.800000000000878231e-01 -8.074900000000000726e-09
-8.600000000000882494e-01 -7.813500000000000780e-09
-8.400000000000886757e-01 -7.593400000000000682e-09
-8.200000000000891021e-01 -7.356399999999999950e-09
-8.000000000000895284e-01 -7.194800000000000011e-09
-7.800000000000899547e-01 -6.969900000000000095e-09
-7.600000000000903810e-01 -6.756400000000000367e-09
-7.400000000000908074e-01 -6.548800000000000381e-09
-7.200000000000912337e-01 -6.317399999999999712e-09
-7.000000000000916600e-01 -6.091300000000000255e-09
-6.800000000000920863e-01 -5.925400000000000238e-09
-6.600000000000925127e-01 -5.732799999999999890e-09
-6.400000000000929390e-01 -5.518400000000000300e-09
-6.200000000000933653e-01 -5.318299999999999719e-09
-6.000000000000937916e-01 -5.129299999999999648e-09
-5.800000000000942180e-01 -4.966300000000000107e-09
-5.600000000000946443e-01 -4.789400000000000025e-09
-5.400000000000950706e-01 -4.568400000000000065e-09
-5.200000000000954969e-01 -4.404000000000000095e-09
-5.000000000000959233e-01 -4.234400000000000184e-09
-4.800000000000963496e-01 -4.013800000000000346e-09
-4.600000000000967759e-01 -3.852399999999999642e-09
-4.400000000000972022e-01 -3.712400000000000126e-09
-4.200000000000976286e-01 -3.478900000000000053e-09
-4.000000000000980549e-01 -3.305400000000000187e-09
-3.800000000000984812e-01 -3.190400000000000067e-09
-3.600000000000989075e-01 -2.988500000000000175e-09
-3.400000000000993339e-01 -2.792500000000000025e-09
-3.200000000000997602e-01 -2.674499999999999812e-09
-3.000000000001001865e-01 -2.490400000000000003e-09
-2.800000000001006129e-01 -2.296500000000000083e-09
-2.600000000001010392e-01 -2.150499999999999967e-09
-2.400000000001014655e-01 -2.006900000000000173e-09
-2.200000000001018918e-01 -1.817399999999999949e-09
-2.000000000001023182e-01 -1.646500000000000053e-09
-1.800000000001027445e-01 -1.510400000000000078e-09
-1.600000000001031708e-01 -1.341000000000000022e-09
-1.400000000001035971e-01 -1.161000000000000023e-09
-1.200000000001040235e-01 -1.006999999999999935e-09
-1.000000000001044498e-01 -8.444400000000000328e-10
-8.000000000010487611e-02 -6.646399999999999920e-10
-6.000000000010530243e-02 -5.034100000000000225e-10
-4.000000000010572876e-02 -3.486000000000000163e-10
-2.000000000010615508e-02 -1.551500000000000019e-10
-1.065814103640150279e-13 1.089999999999999920e-11
1.999999999989299226e-02 1.672000000000000016e-10
3.999999999989256594e-02 3.440399999999999824e-10
5.999999999989213961e-02 5.524599999999999720e-10
7.999999999989171329e-02 7.192100000000000424e-10
9.999999999989128696e-02 9.713400000000000806e-10
1.199999999998908606e-01 1.070499999999999974e-09
1.399999999998904343e-01 1.263999999999999978e-09
1.599999999998900080e-01 1.479499999999999906e-09
1.799999999998895817e-01 1.660999999999999951e-09
1.999999999998891553e-01 1.849500000000000076e-09
2.199999999998887290e-01 2.059999999999999917e-09
2.399999999998883027e-01 2.266900000000000102e-09
2.599999999998878764e-01 2.467900000000000132e-09
2.799999999998874500e-01 2.684499999999999984e-09
2.999999999998870237e-01 2.928900000000000091e-09
3.199999999998865974e-01 3.118900000000000055e-09
3.399999999998861711e-01 3.301499999999999818e-09
3.599999999998857447e-01 3.580899999999999908e-09
3.799999999998853184e-01 3.808499999999999825e-09
3.999999999998848921e-01 4.084300000000000051e-09
4.199999999998844658e-01 4.321000000000000278e-09
4.399999999998840394e-01 4.603899999999999787e-09
4.599999999998836131e-01 4.830800000000000317e-09
4.799999999998831868e-01 5.080899999999999691e-09
4.999999999998827604e-01 5.343999999999999744e-09
5.199999999998823341e-01 5.605900000000000256e-09
5.399999999998819078e-01 5.894900000000000395e-09
5.599999999998814815e-01 6.144299999999999968e-09
5.799999999998810551e-01 6.523800000000000157e-09
5.999999999998806288e-01 6.756000000000000245e-09
6.199999999998802025e-01 7.075900000000000350e-09
6.399999999998797762e-01 7.353899999999999596e-09
6.599999999998793498e-01 7.885300000000000470e-09
6.799999999998789235e-01 8.114499999999999638e-09
6.999999999998784972e-01 8.332800000000000011e-09
7.199999999998780709e-01 8.739799999999999949e-09
7.399999999998776445e-01 9.142199999999999304e-09
7.599999999998772182e-01 9.444599999999999418e-09
7.799999999998767919e-01 9.823900000000000373e-09
7.999999999998763656e-01 1.014999999999999990e-08
8.199999999998759392e-01 1.050999999999999948e-08
8.399999999998755129e-01 1.137999999999999999e-08
8.599999999998750866e-01 1.134500000000000001e-08
8.799999999998746603e-01 1.166500000000000056e-08
8.999999999998742339e-01 1.232000000000000047e-08
9.199999999998738076e-01 1.251499999999999990e-08
9.399999999998733813e-01 1.302999999999999988e-08
9.599999999998729550e-01 1.351500000000000058e-08
9.799999999998725286e-01 1.394500000000000013e-08
9.999999999998721023e-01 1.442999999999999918e-08
1.019999999999871676e+00 1.480000000000000018e-08
1.039999999999871250e+00 1.579000000000000110e-08
1.059999999999870823e+00 1.609499999999999953e-08
1.079999999999870397e+00 1.666999999999999972e-08
1.099999999999869971e+00 1.733999999999999844e-08
1.119999999999869544e+00 1.747999999999999837e-08
1.139999999999869118e+00 1.802999999999999998e-08
1.159999999999868692e+00 1.897499999999999951e-08
1.179999999999868265e+00 1.983499999999999861e-08
1.199999999999867839e+00 2.031999999999999931e-08
1.219999999999867413e+00 2.031000000000000121e-08
1.239999999999866986e+00 2.094999999999999900e-08
1.259999999999866560e+00 2.167000000000000148e-08
1.279999999999866134e+00 2.230500000000000021e-08
1.299999999999865707e+00 2.382999999999999898e-08
1.319999999999865281e+00 2.389999999999999894e-08
1.339999999999864855e+00 2.439500000000000106e-08
1.359999999999864428e+00 2.545499999999999864e-08
1.379999999999864002e+00 2.573499999999999850e-08
1.399999999999863576e+00 2.672999999999999848e-08
1.419999999999863149e+00 2.728499999999999915e-08
1.439999999999862723e+00 2.825999999999999961e-08
1.459999999999862297e+00 2.907500000000000062e-08
1.479999999999861870e+00 2.963500000000000034e-08
1.499999999999861444e+00 3.050999999999999990e-08
1.519999999999861018e+00 3.119900000000000031e-08
1.539999999999860592e+00 3.203400000000000084e-08
1.559999999999860165e+00 3.294899999999999944e-08
1.579999999999859739e+00 3.474099999999999987e-08
1.599999999999859313e+00 3.523599999999999868e-08
1.619999999999858886e+00 3.589399999999999702e-08
1.639999999999858460e+00 3.704499999999999853e-08
1.659999999999858034e+00 3.804999999999999992e-08
1.679999999999857607e+00 3.897599999999999776e-08
1.699999999999857181e+00 3.993000000000000087e-08
1.719999999999856755e+00 4.138599999999999750e-08
1.739999999999856328e+00 4.175999999999999807e-08
1.759999999999855902e+00 4.274400000000000211e-08
1.779999999999855476e+00 4.466500000000000324e-08
1.799999999999855049e+00 4.559499999999999899e-08
1.819999999999854623e+00 4.634099999999999786e-08
1.839999999999854197e+00 4.772499999999999887e-08
1.859999999999853770e+00 4.921500000000000097e-08
1.879999999999853344e+00 4.988000000000000063e-08
1.899999999999852918e+00 5.086100000000000128e-08
1.919999999999852491e+00 5.368000000000000157e-08
1.939999999999852065e+00 5.512399999999999783e-08
1.959999999999851639e+00 5.529000000000000077e-08
1.979999999999851212e+00 5.650500000000000205e-08
1.999999999999850786e+00 5.705099999999999913e-08
2.019999999999850360e+00 5.839500000000000111e-08
2.039999999999849933e+00 6.109999999999999787e-08
2.059999999999849507e+00 6.159099999999999876e-08
2.079999999999849081e+00 6.365299999999999433e-08
2.099999999999848654e+00 6.527999999999999957e-08
2.119999999999848228e+00 6.721200000000000654e-08
2.139999999999847802e+00 6.749100000000000527e-08
2.159999999999847375e+00 6.933999999999999754e-08
2.179999999999846949e+00 7.048900000000000339e-08
2.199999999999846523e+00 7.274899999999999849e-08
2.219999999999846096e+00 7.311899999999999452e-08
2.239999999999845670e+00 7.539300000000000549e-08
2.259999999999845244e+00 7.647400000000000041e-08
2.279999999999844817e+00 7.863099999999999782e-08
2.299999999999844391e+00 8.017400000000000045e-08
2.319999999999843965e+00 8.182200000000000303e-08
2.339999999999843538e+00 8.371300000000000322e-08
2.359999999999843112e+00 8.756999999999999601e-08
2.379999999999842686e+00 8.774100000000000462e-08
2.399999999999842260e+00 9.104400000000000448e-08
2.419999999999841833e+00 9.109499999999999614e-08
2.439999999999841407e+00 9.374299999999999444e-08
2.459999999999840981e+00 9.598100000000000429e-08
2.479999999999840554e+00 9.810200000000000058e-08
2.499999999999840128e+00 9.862900000000000259e-08
2.519999999999839702e+00 1.020299999999999945e-07
2.539999999999839275e+00 1.039500000000000011e-07
2.559999999999838849e+00 1.068499999999999939e-07
2.579999999999838423e+00 1.089000000000000024e-07
2.599999999999837996e+00 1.098499999999999943e-07
2.619999999999837570e+00 1.147500000000000051e-07
2.639999999999837144e+00 1.163000000000000025e-07
2.659999999999836717e+00 1.175000000000000000e-07
2.679999999999836291e+00 1.199999999999999893e-07
2.699999999999835865e+00 1.225499999999999956e-07
2.719999999999835438e+00 1.240500000000000024e-07
2.739999999999835012e+00 1.292499999999999960e-07
2.759999999999834586e+00 1.311500000000000064e-07
2.779999999999834159e+00 1.340500000000000125e-07
2.799999999999833733e+00 1.355900000000000117e-07
2.819999999999833307e+00 1.379999999999999916e-07
2.839999999999832880e+00 1.404000000000000131e-07
2.859999999999832454e+00 1.399500000000000058e-07
2.879999999999832028e+00 1.433899999999999889e-07
2.899999999999831601e+00 1.496400000000000085e-07
2.919999999999831175e+00 1.541999999999999911e-07
2.939999999999830749e+00 1.576500000000000121e-07
2.959999999999830322e+00 1.587499999999999888e-07
2.979999999999829896e+00 1.619999999999999948e-07
2.999999999999829470e+00 1.650500000000000122e-07
3.019999999999829043e+00 1.677500000000000033e-07
3.039999999999828617e+00 1.731999999999999892e-07
3.059999999999828191e+00 1.776000000000000021e-07
3.079999999999827764e+00 1.811500000000000041e-07
3.099999999999827338e+00 1.840999999999999875e-07
3.119999999999826912e+00 1.864000000000000015e-07
3.139999999999826485e+00 1.921399999999999987e-07
3.159999999999826059e+00 1.943000000000000127e-07
3.179999999999825633e+00 1.995000000000000063e-07
3.199999999999825206e+00 2.033000000000000006e-07
3.219999999999824780e+00 2.060999999999999992e-07
3.239999999999824354e+00 2.123999999999999961e-07
3.259999999999823928e+00 2.164500000000000092e-07
3.279999999999823501e+00 2.205899999999999920e-07
3.299999999999823075e+00 2.232499999999999907e-07
3.319999999999822649e+00 2.267000000000000117e-07
3.339999999999822222e+00 2.328499999999999972e-07
3.359999999999821796e+00 2.359400000000000070e-07
3.379999999999821370e+00 2.421400000000000229e-07
3.399999999999820943e+00 2.446500000000000103e-07
3.419999999999820517e+00 2.497999999999999737e-07
3.439999999999820091e+00 2.563499999999999893e-07
3.459999999999819664e+00 2.618499999999999790e-07
3.479999999999819238e+00 2.654400000000000264e-07
3.499999999999818812e+00 2.731999999999999847e-07
3.519999999999818385e+00 2.775899999999999863e-07
3.539999999999817959e+00 2.803999999999999962e-07
3.559999999999817533e+00 2.850400000000000166e-07
3.579999999999817106e+00 2.916899999999999868e-07
3.599999999999816680e+00 2.957400000000000264e-07
3.619999999999816254e+00 3.043399999999999843e-07
3.639999999999815827e+00 3.074400000000000054e-07
3.659999999999815401e+00 3.161999999999999859e-07
3.679999999999814975e+00 3.205499999999999951e-07
3.699999999999814548e+00 3.271400000000000031e-07
3.719999999999814122e+00 3.341399999999999996e-07
3.739999999999813696e+00 3.404000000000000041e-07
3.759999999999813269e+00 3.475400000000000005e-07
3.779999999999812843e+00 3.531500000000000091e-07
3.799999999999812417e+00 3.588900000000000062e-07
3.819999999999811990e+00 3.662399999999999761e-07
3.839999999999811564e+00 3.738400000000000176e-07
3.859999999999811138e+00 3.794999999999999770e-07
3.879999999999810711e+00 3.882899999999999915e-07
3.899999999999810285e+00 3.950999999999999843e-07
3.919999999999809859e+00 4.021899999999999770e-07
3.939999999999809432e+00 4.098999999999999845e-07
3.959999999999809006e+00 4.178399999999999881e-07
3.979999999999808580e+00 4.252400000000000147e-07
3.999999999999808153e+00 4.329500000000000222e-07
4.019999999999807727e+00 4.410999999999999992e-07
4.039999999999807301e+00 4.452399999999999820e-07
4.059999999999806874e+00 4.568400000000000065e-07
4.079999999999806448e+00 4.631400000000000033e-07
4.099999999999806022e+00 4.715399999999999991e-07
4.119999999999805596e+00 4.709900000000000108e-07
4.139999999999805169e+00 4.916499999999999853e-07
4.159999999999804743e+00 4.993000000000000307e-07
4.179999999999804317e+00 5.097799999999999498e-07
4.199999999999803890e+00 5.185400000000000362e-07
4.219999999999803464e+00 5.296900000000000268e-07
4.239999999999803038e+00 5.397299999999999765e-07
4.259999999999802611e+00 5.496299999999999791e-07
4.279999999999802185e+00 5.583000000000000163e-07
4.299999999999801759e+00 5.695899999999999540e-07
4.319999999999801332e+00 5.808500000000000164e-07
4.339999999999800906e+00 5.918799999999999769e-07
4.359999999999800480e+00 6.021000000000000247e-07
4.379999999999800053e+00 6.092000000000000288e-07
4.399999999999799627e+00 6.193300000000000275e-07
4.419999999999799201e+00 6.323999999999999718e-07
4.439999999999798774e+00 6.466900000000000290e-07
4.459999999999798348e+00 6.587300000000000230e-07
4.479999999999797922e+00 6.677900000000000260e-07
4.499999999999797495e+00 6.777999999999999945e-07
4.519999999999797069e+00 6.950000000000000162e-07
4.539999999999796643e+00 7.074799999999999797e-07
4.559999999999796216e+00 7.189799999999999967e-07
4.579999999999795790e+00 7.297799999999999610e-07
4.599999999999795364e+00 7.414799999999999930e-07
4.619999999999794937e+00 7.586500000000000336e-07
4.639999999999794511e+00 7.722400000000000382e-07
4.659999999999794085e+00 7.849900000000000431e-07
4.679999999999793658e+00 7.947400000000000345e-07
4.699999999999793232e+00 8.098699999999999853e-07
4.719999999999792806e+00 8.284400000000000252e-07
4.739999999999792379e+00 8.408900000000000077e-07
4.759999999999791953e+00 8.544300000000000085e-07
4.779999999999791527e+00 8.725299999999999919e-07
4.799999999999791100e+00 8.836799999999999825e-07
4.819999999999790674e+00 8.995399999999999671e-07
4.839999999999790248e+00 9.145900000000000390e-07
4.859999999999789821e+00 9.325499999999999695e-07
4.879999999999789395e+00 9.509900000000000208e-07
4.899999999999788969e+00 9.631599999999998975e-07
4.919999999999788542e+00 9.801599999999999041e-07
4.939999999999788116e+00 1.001700000000000082e-06
4.959999999999787690e+00 1.018100000000000044e-06
4.979999999999787264e+00 1.037500000000000019e-06
4.999999999999786837e+00 1.052000000000000050e-06
