-5.000000000000000000e+00 -1.232000000000000020e-06
-4.980000000000000426e+00 -1.215500000000000051e-06
-4.960000000000000853e+00 -1.197499999999999970e-06
-4.940000000000001279e+00 -1.182499999999999901e-06
-4.920000000000001705e+00 -1.162000000000000055e-06
-4.900000000000002132e+00 -1.148999999999999926e-06
-4.880000000000002558e+00 -1.135499999999999970e-06
-4.860000000000002984e+00 -1.114000000000000049e-06
-4.840000000000003411e+00 -1.098999999999999981e-06
-4.820000000000003837e+00 -1.083999999999999913e-06
-4.800000000000004263e+00 -1.067499999999999944e-06
-4.780000000000004690e+00 -1.049999999999999900e-06
-4.760000000000005116e+00 -1.043000000000000009e-06
-4.740000000000005542e+00 -1.024500000000000101e-06
-4.720000000000005969e+00 -1.009700000000000048e-06
-4.700000000000006395e+00 -9.971599999999999108e-07
-4.680000000000006821e+00 -9.816700000000000811e-07
-4.660000000000007248e+00 -9.683999999999999100e-07
-4.640000000000007674e+00 -9.543699999999999359e-07
-4.620000000000008100e+00 -9.380400000000000008e-07
-4.600000000000008527e+00 -9.244200000000000152e-07
-4.580000000000008953e+00 -9.125199999999999682e-07
-4.560000000000009379e+00 -9.006500000000000081e-07
-4.540000000000009805e+00 -8.840300000000000088e-07
-4.520000000000010232e+00 -8.734900000000000217e-07
-4.500000000000010658e+00 -8.591699999999999834e-07
-4.480000000000011084e+00 -8.472700000000000423e-07
-4.460000000000011511e+00 -8.347300000000000108e-07
-4.440000000000011937e+00 -8.223899999999999942e-07
-4.420000000000012363e+00 -8.103400000000000418e-07
-4.400000000000012790e+00 -7.974700000000000067e-07
-4.380000000000013216e+00 -7.857399999999999936e-07
-4.360000000000013642e+00 -7.743899999999999879e-07
-4.340000000000014069e+00 -7.605999999999999683e-07
-4.320000000000014495e+00 -7.517199999999999576e-07
-4.300000000000014921e+00 -7.421699999999999813e-07
-4.280000000000015348e+00 -7.298900000000000328e-07
-4.260000000000015774e+00 -7.185400000000000271e-07
-4.240000000000016200e+00 -7.071299999999999534e-07
-4.220000000000016627e+00 -6.982300000000000259e-07
-4.200000000000017053e+00 -6.869899999999999862e-07
-4.180000000000017479e+00 -6.760799999999999500e-07
-4.160000000000017906e+00 -6.648799999999999556e-07
-4.140000000000018332e+00 -6.552999999999999982e-07
-4.120000000000018758e+00 -6.450799999999999504e-07
-4.100000000000019185e+00 -6.343799999999999935e-07
-4.080000000000019611e+00 -6.256400000000000357e-07
-4.060000000000020037e+00 -6.157499999999999915e-07
-4.040000000000020464e+00 -6.074299999999999805e-07
-4.020000000000020890e+00 -5.964500000000000238e-07
-4.000000000000021316e+00 -5.874299999999999602e-07
-3.980000000000021743e+00 -5.780299999999999952e-07
-3.960000000000022169e+00 -5.690400000000000185e-07
-3.940000000000022595e+00 -5.608299999999999735e-07
-3.920000000000023022e+00 -5.511400000000000502e-07
-3.900000000000023448e+00 -5.436299999999999518e-07
-3.880000000000023874e+00 -5.342000000000000057e-07
-3.860000000000024301e+00 -5.258500000000000136e-07
-3.840000000000024727e+00 -5.161000000000000223e-07
-3.820000000000025153e+00 -5.088799999999999881e-07
-3.800000000000025580e+00 -5.010499999999999504e-07
-3.780000000000026006e+00 -4.922899999999999699e-07
-3.760000000000026432e+00 -4.824800000000000164e-07
-3.740000000000026859e+00 -4.772999999999999660e-07
-3.720000000000027285e+00 -4.683400000000000234e-07
-3.700000000000027711e+00 -4.616399999999999965e-07
-3.680000000000028137e+00 -4.538500000000000042e-07
-3.660000000000028564e+00 -4.466399999999999813e-07
-3.640000000000028990e+00 -4.409999999999999917e-07
-3.620000000000029416e+00 -4.323400000000000187e-07
-3.600000000000029843e+00 -4.250500000000000110e-07
-3.580000000000030269e+00 -4.172899999999999997e-07
-3.560000000000030695e+00 -4.114399999999999838e-07
-3.540000000000031122e+00 -4.053000000000000095e-07
-3.520000000000031548e+00 -3.984900000000000167e-07
-3.500000000000031974e+00 -3.908499999999999827e-07
-3.480000000000032401e+00 -3.848000000000000046e-07
-3.460000000000032827e+00 -3.786400000000000077e-07
-3.440000000000033253e+00 -3.723400000000000108e-07
-3.420000000000033680e+00 -3.657899999999999952e-07
-3.400000000000034106e+00 -3.594899999999999983e-07
-3.380000000000034532e+00 -3.538900000000000011e-07
-3.360000000000034959e+00 -3.479999999999999927e-07
-3.340000000000035385e+00 -3.418399999999999958e-07
-3.320000000000035811e+00 -3.351900000000000256e-07
-3.300000000000036238e+00 -3.302400000000000243e-07
-3.280000000000036664e+00 -3.248399999999999892e-07
-3.260000000000037090e+00 -3.182900000000000265e-07
-3.240000000000037517e+00 -3.137400000000000023e-07
-3.220000000000037943e+00 -3.077399999999999750e-07
-3.200000000000038369e+00 -3.032900000000000113e-07
-3.180000000000038796e+00 -2.986899999999999833e-07
-3.160000000000039222e+00 -2.921900000000000244e-07
-3.140000000000039648e+00 -2.877900000000000114e-07
-3.120000000000040075e+00 -2.825399999999999876e-07
-3.100000000000040501e+00 -2.767499999999999867e-07
-3.080000000000040927e+00 -2.727899999999999962e-07
-3.060000000000041354e+00 -2.671000000000000028e-07
-3.040000000000041780e+00 -2.626899999999999786e-07
-3.020000000000042206e+00 -2.574500000000000190e-07
-3.000000000000042633e+00 -2.533499999999999757e-07
-2.980000000000043059e+00 -2.488500000000000082e-07
-2.960000000000043485e+00 -2.447900000000000102e-07
-2.940000000000043912e+00 -2.399900000000000202e-07
-2.920000000000044338e+00 -2.359400000000000070e-07
-2.900000000000044764e+00 -2.312399999999999980e-07
-2.880000000000045191e+00 -2.284000000000000070e-07
-2.860000000000045617e+00 -2.233399999999999869e-07
-2.840000000000046043e+00 -2.193999999999999926e-07
-2.820000000000046469e+00 -2.154000000000000097e-07
-2.800000000000046896e+00 -2.108000000000000082e-07
-2.780000000000047322e+00 -2.073900000000000062e-07
-2.760000000000047748e+00 -2.029500000000000008e-07
-2.740000000000048175e+00 -1.998000000000000024e-07
-2.720000000000048601e+00 -1.960000000000000081e-07
-2.700000000000049027e+00 -1.927500000000000021e-07
-2.680000000000049454e+00 -1.880999999999999969e-07
-2.660000000000049880e+00 -1.854500000000000096e-07
-2.640000000000050306e+00 -1.824999999999999997e-07
-2.620000000000050733e+00 -1.785400000000000092e-07
-2.600000000000051159e+00 -1.751500000000000034e-07
-2.580000000000051585e+00 -1.716000000000000013e-07
-2.560000000000052012e+00 -1.689000000000000103e-07
-2.540000000000052438e+00 -1.661499999999999889e-07
-2.520000000000052864e+00 -1.627499999999999982e-07
-2.500000000000053291e+00 -1.595499999999999960e-07
-2.480000000000053717e+00 -1.563999999999999976e-07
-2.460000000000054143e+00 -1.541999999999999911e-07
-2.440000000000054570e+00 -1.507499999999999966e-07
-2.420000000000054996e+00 -1.488400000000000014e-07
-2.400000000000055422e+00 -1.453999999999999917e-07
-2.380000000000055849e+00 -1.424500000000000083e-07
-2.360000000000056275e+00 -1.403500000000000094e-07
-2.340000000000056701e+00 -1.376499999999999918e-07
-2.320000000000057128e+00 -1.356500000000000004e-07
-2.300000000000057554e+00 -1.325000000000000019e-07
-2.280000000000057980e+00 -1.306499999999999953e-07
-2.260000000000058407e+00 -1.277000000000000119e-07
-2.240000000000058833e+00 -1.255500000000000092e-07
-2.220000000000059259e+00 -1.231499999999999877e-07
-2.200000000000059686e+00 -1.204499999999999966e-07
-2.180000000000060112e+00 -1.182999999999999939e-07
-2.160000000000060538e+00 -1.158999999999999989e-07
-2.140000000000060965e+00 -1.144000000000000053e-07
-2.120000000000061391e+00 -1.119999999999999970e-07
-2.100000000000061817e+00 -1.093000000000000060e-07
-2.080000000000062244e+00 -1.075499999999999936e-07
-2.060000000000062670e+00 -1.059999999999999963e-07
-2.040000000000063096e+00 -1.036500000000000050e-07
-2.020000000000063523e+00 -1.016500000000000003e-07
-2.000000000000063949e+00 -1.002599999999999991e-07
-1.980000000000064375e+00 -9.813099999999999376e-08
-1.960000000000064801e+00 -9.594400000000000204e-08
-1.940000000000065228e+00 -9.400199999999999696e-08
-1.920000000000065654e+00 -9.217899999999999446e-08
-1.900000000000066080e+00 -9.081100000000000498e-08
-1.880000000000066507e+00 -8.875899999999999428e-08
-1.860000000000066933e+00 -8.726400000000000637e-08
-1.840000000000067359e+00 -8.570299999999999656e-08
-1.820000000000067786e+00 -8.378600000000000659e-08
-1.800000000000068212e+00 -8.197400000000000334e-08
-1.780000000000068638e+00 -8.091899999999999819e-08
-1.760000000000069065e+00 -7.907099999999999382e-08
-1.740000000000069491e+00 -7.776499999999999523e-08
-1.720000000000069917e+00 -7.635000000000000539e-08
-1.700000000000070344e+00 -7.429500000000000452e-08
-1.680000000000070770e+00 -7.318500000000000318e-08
-1.660000000000071196e+00 -7.170400000000000468e-08
-1.640000000000071623e+00 -7.017999999999999712e-08
-1.620000000000072049e+00 -6.885899999999999475e-08
-1.600000000000072475e+00 -6.746600000000000339e-08
-1.580000000000072902e+00 -6.609499999999999727e-08
-1.560000000000073328e+00 -6.454099999999999540e-08
-1.540000000000073754e+00 -6.398099999999999568e-08
-1.520000000000074181e+00 -6.177599999999999678e-08
-1.500000000000074607e+00 -6.088100000000000100e-08
-1.480000000000075033e+00 -5.952999999999999771e-08
-1.460000000000075460e+00 -5.856099999999999744e-08
-1.440000000000075886e+00 -5.703999999999999990e-08
-1.420000000000076312e+00 -5.587599999999999688e-08
-1.400000000000076739e+00 -5.491499999999999907e-08
-1.380000000000077165e+00 -5.360900000000000047e-08
-1.360000000000077591e+00 -5.243000000000000031e-08
-1.340000000000078018e+00 -5.161599999999999712e-08
-1.320000000000078444e+00 -5.024400000000000310e-08
-1.300000000000078870e+00 -4.932600000000000110e-08
-1.280000000000079297e+00 -4.844000000000000230e-08
-1.260000000000079723e+00 -4.715899999999999897e-08
-1.240000000000080149e+00 -4.614399999999999947e-08
-1.220000000000080576e+00 -4.512899999999999998e-08
-1.200000000000081002e+00 -4.426499999999999965e-08
-1.180000000000081428e+00 -4.293000000000000127e-08
-1.160000000000081855e+00 -4.218900000000000145e-08
-1.140000000000082281e+00 -4.126899999999999718e-08
-1.120000000000082707e+00 -4.052000000000000152e-08
-1.100000000000083134e+00 -3.939900000000000095e-08
-1.080000000000083560e+00 -3.843499999999999973e-08
-1.060000000000083986e+00 -3.748000000000000209e-08
-1.040000000000084412e+00 -3.650500000000000164e-08
-1.020000000000084839e+00 -3.565599999999999847e-08
-1.000000000000085265e+00 -3.476999999999999967e-08
-9.800000000000856915e-01 -3.388400000000000086e-08
-9.600000000000861178e-01 -3.324900000000000213e-08
-9.400000000000865441e-01 -3.237099999999999916e-08
-9.200000000000869704e-01 -3.141600000000000153e-08
-9.000000000000873968e-01 -3.071000000000000169e-08
-8.800000000000878231e-01 -2.992999999999999735e-08
-8.600000000000882494e-01 -2.916999999999999915e-08
-8.400000000000886757e-01 -2.841999999999999905e-08
-8.200000000000891021e-01 -2.768000000000000037e-08
-8.000000000000895284e-01 -2.659500000000000091e-08
-7.800000000000899547e-01 -2.600500000000000026e-08
-7.600000000000903810e-01 -2.517499999999999878e-08
-7.400000000000908074e-01 -2.442499999999999868e-08
-7.200000000000912337e-01 -2.384499999999999945e-08
-7.000000000000916600e-01 -2.300000000000000081e-08
-6.800000000000920863e-01 -2.244999999999999920e-08
-6.600000000000925127e-01 -2.167500000000000053e-08
-6.400000000000929390e-01 -2.092999999999999948e-08
-6.200000000000933653e-01 -2.029999999999999980e-08
-6.000000000000937916e-01 -1.955499999999999875e-08
-5.800000000000942180e-01 -1.878000000000000008e-08
-5.600000000000946443e-01 -1.813000000000000088e-08
-5.400000000000950706e-01 -1.757999999999999926e-08
-5.200000000000954969e-01 -1.684499999999999963e-08
-5.000000000000959233e-01 -1.634499999999999846e-08
-4.800000000000963496e-01 -1.544500000000000033e-08
-4.600000000000967759e-01 -1.485499999999999968e-08
-4.400000000000972022e-01 -1.415500000000000003e-08
-4.200000000000976286e-01 -1.364000000000000005e-08
-4.000000000000980549e-01 -1.292499999999999993e-08
-3.800000000000984812e-01 -1.229999999999999930e-08
-3.600000000000989075e-01 -1.164000000000000034e-08
-3.400000000000993339e-01 -1.104999999999999969e-08
-3.200000000000997602e-01 -1.056999999999999969e-08
-3.000000000001001865e-01 -9.771199999999999510e-09
-2.800000000001006129e-01 -9.193599999999999354e-09
-2.600000000001010392e-01 -8.543300000000000473e-09
-2.400000000001014655e-01 -7.906699999999999590e-09
-2.200000000001018918e-01 -7.263400000000000374e-09
-2.000000000001023182e-01 -6.608399999999999638e-09
-1.800000000001027445e-01 -5.958299999999999990e-09
-1.600000000001031708e-01 -5.338999999999999865e-09
-1.400000000001035971e-01 -4.678899999999999631e-09
-1.200000000001040235e-01 -4.012500000000000361e-09
-1.000000000001044498e-01 -3.382399999999999818e-09
-8.000000000010487611e-02 -2.705400000000000191e-09
-6.000000000010530243e-02 -2.005400000000000127e-09
-4.000000000010572876e-02 -1.327500000000000017e-09
-2.000000000010615508e-02 -6.617400000000000330e-10
-1.065814103640150279e-13 5.695000000000000109e-11
1.999999999989299226e-02 7.538000000000000232e-10
3.999999999989256594e-02 1.463900000000000084e-09
5.999999999989213961e-02 2.163499999999999818e-09
7.999999999989171329e-02 2.903400000000000128e-09
9.999999999989128696e-02 3.665400000000000184e-09
1.199999999998908606e-01 4.402000000000000308e-09
1.399999999998904343e-01 5.141799999999999760e-09
1.599999999998900080e-01 5.934900000000000257e-09
1.799999999998895817e-01 6.731899999999999883e-09
1.999999999998891553e-01 7.479199999999999567e-09
2.199999999998887290e-01 8.298700000000000718e-09
2.399999999998883027e-01 9.152200000000000717e-09
2.599999999998878764e-01 9.982100000000000095e-09
2.799999999998874500e-01 1.089499999999999929e-08
2.999999999998870237e-01 1.188999999999999927e-08
3.199999999998865974e-01 1.263500000000000031e-08
3.399999999998861711e-01 1.354000000000000081e-08
3.599999999998857447e-01 1.452000000000000032e-08
3.799999999998853184e-01 1.530999999999999945e-08
3.999999999998848921e-01 1.621000000000000089e-08
4.199999999998844658e-01 1.731000000000000082e-08
4.399999999998840394e-01 1.826499999999999845e-08
4.599999999998836131e-01 1.909000000000000087e-08
4.799999999998831868e-01 2.035999999999999835e-08
4.999999999998827604e-01 2.155999999999999917e-08
5.199999999998823341e-01 2.249999999999999964e-08
5.399999999998819078e-01 2.334500000000000159e-08
5.599999999998814815e-01 2.461000000000000001e-08
5.799999999998810551e-01 2.585499999999999891e-08
5.999999999998806288e-01 2.709499999999999877e-08
6.199999999998802025e-01 2.813000000000000109e-08
6.399999999998797762e-01 2.937999999999999905e-08
6.599999999998793498e-01 3.039000000000000280e-08
6.799999999998789235e-01 3.169999999999999931e-08
6.999999999998784972e-01 3.304900000000000034e-08
7.199999999998780709e-01 3.444099999999999718e-08
7.399999999998776445e-01 3.589399999999999702e-08
7.599999999998772182e-01 3.718599999999999959e-08
7.799999999998767919e-01 3.864100000000000170e-08
7.999999999998763656e-01 4.003000000000000177e-08
8.199999999998759392e-01 4.165999999999999717e-08
8.399999999998755129e-01 4.316400000000000190e-08
8.599999999998750866e-01 4.464500000000000041e-08
8.799999999998746603e-01 4.600999999999999973e-08
8.999999999998742339e-01 4.771600000000000190e-08
9.199999999998738076e-01 4.957499999999999889e-08
9.399999999998733813e-01 5.108099999999999928e-08
9.599999999998729550e-01 5.280500000000000201e-08
9.799999999998725286e-01 5.423500000000000224e-08
9.999999999998721023e-01 5.602999999999999946e-08
1.019999999999871676e+00 5.794000000000000134e-08
1.039999999999871250e+00 5.967000000000000426e-08
1.059999999999870823e+00 6.168900000000000400e-08
1.079999999999870397e+00 6.373000000000000223e-08
1.099999999999869971e+00 6.581800000000000081e-08
1.119999999999869544e+00 6.776800000000000173e-08
1.139999999999869118e+00 7.003799999999999492e-08
1.159999999999868692e+00 7.189000000000000383e-08
1.179999999999868265e+00 7.412000000000000461e-08
1.199999999999867839e+00 7.607299999999999569e-08
1.219999999999867413e+00 7.835500000000000249e-08
1.239999999999866986e+00 8.114099999999999846e-08
1.259999999999866560e+00 8.329799999999999587e-08
1.279999999999866134e+00 8.514299999999999684e-08
1.299999999999865707e+00 8.807900000000000407e-08
1.319999999999865281e+00 9.057099999999999753e-08
1.339999999999864855e+00 9.293899999999999597e-08
1.359999999999864428e+00 9.635899999999999616e-08
1.379999999999864002e+00 9.844000000000000003e-08
1.399999999999863576e+00 1.015100000000000004e-07
1.419999999999863149e+00 1.040700000000000048e-07
1.439999999999862723e+00 1.067499999999999997e-07
1.459999999999862297e+00 1.098999999999999981e-07
1.479999999999861870e+00 1.124000000000000006e-07
1.499999999999861444e+00 1.161000000000000007e-07
1.519999999999861018e+00 1.177500000000000055e-07
1.539999999999860592e+00 1.216500000000000074e-07
1.559999999999860165e+00 1.245499999999999870e-07
1.579999999999859739e+00 1.277999999999999929e-07
1.599999999999859313e+00 1.314500000000000025e-07
1.619999999999858886e+00 1.350500000000000082e-07
1.639999999999858460e+00 1.382500000000000104e-07
1.659999999999858034e+00 1.413000000000000013e-07
1.679999999999857607e+00 1.454499999999999955e-07
1.699999999999857181e+00 1.485999999999999939e-07
1.719999999999856755e+00 1.534999999999999915e-07
1.739999999999856328e+00 1.554000000000000019e-07
1.759999999999855902e+00 1.598499999999999921e-07
1.779999999999855476e+00 1.639000000000000052e-07
1.799999999999855049e+00 1.673499999999999997e-07
1.819999999999854623e+00 1.718900000000000125e-07
1.839999999999854197e+00 1.762500000000000066e-07
1.859999999999853770e+00 1.802999999999999932e-07
1.879999999999853344e+00 1.845999999999999986e-07
1.899999999999852918e+00 1.887999999999999965e-07
1.919999999999852491e+00 1.929999999999999944e-07
1.939999999999852065e+00 1.981000000000000070e-07
1.959999999999851639e+00 2.021999999999999974e-07
1.979999999999851212e+00 2.072500000000000062e-07
1.999999999999850786e+00 2.106499999999999970e-07
2.019999999999850360e+00 2.162999999999999979e-07
2.039999999999849933e+00 2.209899999999999956e-07
2.059999999999849507e+00 2.265399999999999890e-07
2.079999999999849081e+00 2.316400000000000016e-07
2.099999999999848654e+00 2.360499999999999994e-07
2.119999999999848228e+00 2.416499999999999966e-07
2.139999999999847802e+00 2.471899999999999787e-07
2.159999999999847375e+00 2.528999999999999948e-07
2.179999999999846949e+00 2.580900000000000036e-07
2.199999999999846523e+00 2.643900000000000004e-07
2.219999999999846096e+00 2.690499999999999905e-07
2.239999999999845670e+00 2.753899999999999798e-07
2.259999999999845244e+00 2.812399999999999958e-07
2.279999999999844817e+00 2.881399999999999848e-07
2.299999999999844391e+00 2.931899999999999936e-07
2.319999999999843965e+00 3.000499999999999902e-07
2.339999999999843538e+00 3.065500000000000021e-07
2.359999999999843112e+00 3.129000000000000027e-07
2.379999999999842686e+00 3.190499999999999883e-07
2.399999999999842260e+00 3.264000000000000111e-07
2.419999999999841833e+00 3.315499999999999745e-07
2.439999999999841407e+00 3.400499999999999778e-07
2.459999999999840981e+00 3.469500000000000197e-07
2.479999999999840554e+00 3.543399999999999820e-07
2.499999999999840128e+00 3.620999999999999932e-07
2.519999999999839702e+00 3.676999999999999905e-07
2.539999999999839275e+00 3.756399999999999941e-07
2.559999999999838849e+00 3.839999999999999974e-07
2.579999999999838423e+00 3.915499999999999823e-07
2.599999999999837996e+00 3.983400000000000054e-07
2.619999999999837570e+00 4.062499999999999750e-07
2.639999999999837144e+00 4.165900000000000001e-07
2.659999999999836717e+00 4.236299999999999890e-07
2.679999999999836291e+00 4.316999999999999812e-07
2.699999999999835865e+00 4.416300000000000178e-07
2.719999999999835438e+00 4.501899999999999833e-07
2.739999999999835012e+00 4.587899999999999942e-07
2.759999999999834586e+00 4.673299999999999899e-07
2.779999999999834159e+00 4.768899999999999776e-07
2.799999999999833733e+00 4.870499999999999574e-07
2.819999999999833307e+00 4.966899999999999828e-07
2.839999999999832880e+00 5.053300000000000390e-07
2.859999999999832454e+00 5.163300000000000184e-07
2.879999999999832028e+00 5.270400000000000395e-07
2.899999999999831601e+00 5.371399999999999513e-07
2.919999999999831175e+00 5.472399999999999689e-07
2.939999999999830749e+00 5.570800000000000094e-07
2.959999999999830322e+00 5.694400000000000486e-07
2.979999999999829896e+00 5.794899999999999566e-07
2.999999999999829470e+00 5.912399999999999923e-07
3.019999999999829043e+00 6.029999999999999865e-07
3.039999999999828617e+00 6.135399999999999737e-07
3.059999999999828191e+00 6.264000000000000504e-07
3.079999999999827764e+00 6.384500000000000028e-07
3.099999999999827338e+00 6.495400000000000313e-07
3.119999999999826912e+00 6.627500000000000285e-07
3.139999999999826485e+00 6.748900000000000300e-07
3.159999999999826059e+00 6.891799999999999813e-07
3.179999999999825633e+00 7.021300000000000013e-07
3.199999999999825206e+00 7.158900000000000398e-07
3.219999999999824780e+00 7.296900000000000178e-07
3.239999999999824354e+00 7.434899999999999958e-07
3.259999999999823928e+00 7.576300000000000417e-07
3.279999999999823501e+00 7.716300000000000347e-07
3.299999999999823075e+00 7.866700000000000423e-07
3.319999999999822649e+00 8.005299999999999824e-07
3.339999999999822222e+00 8.159799999999999785e-07
3.359999999999821796e+00 8.303899999999999600e-07
3.379999999999821370e+00 8.473300000000000045e-07
3.399999999999820943e+00 8.632399999999999927e-07
3.419999999999820517e+00 8.773899999999999970e-07
3.439999999999820091e+00 8.955199999999999615e-07
3.459999999999819664e+00 9.102799999999999693e-07
3.479999999999819238e+00 9.276200000000000438e-07
3.499999999999818812e+00 9.464199999999999739e-07
3.519999999999818385e+00 9.639700000000000219e-07
3.539999999999817959e+00 9.808599999999999567e-07
3.559999999999817533e+00 9.987799999999999478e-07
3.579999999999817106e+00 1.015700000000000075e-06
3.599999999999816680e+00 1.036499999999999944e-06
3.619999999999816254e+00 1.052000000000000050e-06
3.639999999999815827e+00 1.067999999999999981e-06
3.659999999999815401e+00 1.089499999999999903e-06
3.679999999999814975e+00 1.111000000000000035e-06
3.699999999999814548e+00 1.130500000000000018e-06
3.719999999999814122e+00 1.151499999999999902e-06
3.739999999999813696e+00 1.171000000000000096e-06
3.759999999999813269e+00 1.193000000000000055e-06
3.779999999999812843e+00 1.214499999999999976e-06
3.799999999999812417e+00 1.241000000000000061e-06
3.819999999999811990e+00 1.261000000000000082e-06
3.839999999999811564e+00 1.283500000000000078e-06
3.859999999999811138e+00 1.303500000000000098e-06
3.879999999999810711e+00 1.331999999999999910e-06
3.899999999999810285e+00 1.355499999999999982e-06
3.919999999999809859e+00 1.379000000000000053e-06
3.939999999999809432e+00 1.402999999999999950e-06
3.959999999999809006e+00 1.424500000000000083e-06
3.979999999999808580e+00 1.450499999999999919e-06
3.999999999999808153e+00 1.480500000000000055e-06
4.019999999999807727e+00 1.504999999999999990e-06
4.039999999999807301e+00 1.526000000000000086e-06
4.059999999999806874e+00 1.560499999999999925e-06
4.079999999999806448e+00 1.585000000000000071e-06
4.099999999999806022e+00 1.613000000000000057e-06
4.119999999999805596e+00 1.643500000000000019e-06
4.139999999999805169e+00 1.670999999999999968e-06
4.159999999999804743e+00 1.701499999999999930e-06
4.179999999999804317e+00 1.734500000000000080e-06
4.199999999999803890e+00 1.760499999999999916e-06
4.219999999999803464e+00 1.793000000000000028e-06
4.239999999999803038e+00 1.824500000000000065e-06
4.259999999999802611e+00 1.853499999999999915e-06
4.279999999999802185e+00 1.889000000000000041e-06
4.299999999999801759e+00 1.921399999999999934e-06
4.319999999999801332e+00 1.956499999999999818e-06
4.339999999999800906e+00 1.989399999999999960e-06
4.359999999999800480e+00 2.026400000000000199e-06
4.379999999999800053e+00 2.062999999999999984e-06
4.399999999999799627e+00 2.096500000000000171e-06
4.419999999999799201e+00 2.128999999999999860e-06
4.439999999999798774e+00 2.167400000000000204e-06
4.459999999999798348e+00 2.205899999999999920e-06
4.479999999999797922e+00 2.241900000000000084e-06
4.499999999999797495e+00 2.282999999999999995e-06
4.519999999999797069e+00 2.323499999999999862e-06
4.539999999999796643e+00 2.358899999999999980e-06
4.559999999999796216e+00 2.400900000000000171e-06
4.579999999999795790e+00 2.440500000000000181e-06
4.599999999999795364e+00 2.484999999999999925e-06
4.619999999999794937e+00 2.523399999999999845e-06
4.639999999999794511e+00 2.566000000000000081e-06
4.659999999999794085e+00 2.611400000000000104e-06
4.679999999999793658e+00 2.651499999999999940e-06
4.699999999999793232e+00 2.697000000000000182e-06
4.719999999999792806e+00 2.744999999999999976e-06
4.739999999999792379e+00 2.787400000000000197e-06
4.759999999999791953e+00 2.828399999999999889e-06
4.779999999999791527e+00 2.877000000000000153e-06
4.799999999999791100e+00 2.926000000000000022e-06
4.819999999999790674e+00 2.974399999999999847e-06
4.839999999999790248e+00 3.025999999999999912e-06
4.859999999999789821e+00 3.068899999999999958e-06
4.879999999999789395e+00 3.122999999999999999e-06
4.899999999999788969e+00 3.167999999999999992e-06
4.919999999999788542e+00 3.226400000000000145e-06
4.939999999999788116e+00 3.277000000000000134e-06
4.959999999999787690e+00 3.326899999999999860e-06
4.979999999999787264e+00 3.384000000000000126e-06
4.999999999999786837e+00 3.433400000000000026e-06
