-5.000000000000000000e+00 -2.565400000000000036e-06
-4.980000000000000426e+00 -2.527499999999999941e-06
-4.960000000000000853e+00 -2.492499999999999853e-06
-4.940000000000001279e+00 -2.454499999999999963e-06
-4.920000000000001705e+00 -2.421399999999999805e-06
-4.900000000000002132e+00 -2.390899999999999843e-06
-4.880000000000002558e+00 -2.354999999999999899e-06
-4.860000000000002984e+00 -2.325500000000000012e-06
-4.840000000000003411e+00 -2.290499999999999923e-06
-4.820000000000003837e+00 -2.259500000000000135e-06
-4.800000000000004263e+00 -2.229000000000000173e-06
-4.780000000000004690e+00 -2.199000000000000037e-06
-4.760000000000005116e+00 -2.166499999999999925e-06
-4.740000000000005542e+00 -2.138000000000000113e-06
-4.720000000000005969e+00 -2.107900000000000181e-06
-4.700000000000006395e+00 -2.075400000000000069e-06
-4.680000000000006821e+00 -2.044900000000000106e-06
-4.660000000000007248e+00 -2.020499999999999967e-06
-4.640000000000007674e+00 -1.990499999999999831e-06
-4.620000000000008100e+00 -1.959999999999999869e-06
-4.600000000000008527e+00 -1.934000000000000033e-06
-4.580000000000008953e+00 -1.904499999999999934e-06
-4.560000000000009379e+00 -1.875999999999999911e-06
-4.540000000000009805e+00 -1.849500000000000038e-06
-4.520000000000010232e+00 -1.822999999999999952e-06
-4.500000000000010658e+00 -1.796000000000000042e-06
-4.480000000000011084e+00 -1.768000000000000056e-06
-4.460000000000011511e+00 -1.743999999999999946e-06
-4.440000000000011937e+00 -1.720500000000000087e-06
-4.420000000000012363e+00 -1.695000000000000077e-06
-4.400000000000012790e+00 -1.670499999999999930e-06
-4.380000000000013216e+00 -1.644000000000000057e-06
-4.360000000000013642e+00 -1.624500000000000074e-06
-4.340000000000014069e+00 -1.596000000000000051e-06
-4.320000000000014495e+00 -1.574999999999999955e-06
-4.300000000000014921e+00 -1.548500000000000082e-06
-4.280000000000015348e+00 -1.525500000000000048e-06
-4.260000000000015774e+00 -1.500500000000000076e-06
-4.240000000000016200e+00 -1.483000000000000031e-06
-4.220000000000016627e+00 -1.459499999999999960e-06
-4.200000000000017053e+00 -1.439499999999999940e-06
-4.180000000000017479e+00 -1.415500000000000042e-06
-4.160000000000017906e+00 -1.396500000000000097e-06
-4.140000000000018332e+00 -1.371499999999999913e-06
-4.120000000000018758e+00 -1.351999999999999930e-06
-4.100000000000019185e+00 -1.331000000000000047e-06
-4.080000000000019611e+00 -1.312999999999999965e-06
-4.060000000000020037e+00 -1.292000000000000081e-06
-4.040000000000020464e+00 -1.270499999999999948e-06
-4.020000000000020890e+00 -1.251500000000000003e-06
-4.000000000000021316e+00 -1.230000000000000082e-06
-3.980000000000021743e+00 -1.215000000000000014e-06
-3.960000000000022169e+00 -1.194499999999999956e-06
-3.940000000000022595e+00 -1.176500000000000086e-06
-3.920000000000023022e+00 -1.157499999999999929e-06
-3.900000000000023448e+00 -1.137000000000000083e-06
-3.880000000000023874e+00 -1.123000000000000090e-06
-3.860000000000024301e+00 -1.104499999999999971e-06
-3.840000000000024727e+00 -1.085500000000000026e-06
-3.820000000000025153e+00 -1.069500000000000094e-06
-3.800000000000025580e+00 -1.053999999999999988e-06
-3.780000000000026006e+00 -1.034500000000000006e-06
-3.760000000000026432e+00 -1.020500000000000013e-06
-3.740000000000026859e+00 -1.004200000000000059e-06
-3.720000000000027285e+00 -9.885999999999999453e-07
-3.700000000000027711e+00 -9.738699999999999186e-07
-3.680000000000028137e+00 -9.568200000000000141e-07
-3.660000000000028564e+00 -9.423199999999999835e-07
-3.640000000000028990e+00 -9.278300000000000172e-07
-3.620000000000029416e+00 -9.131900000000000397e-07
-3.600000000000029843e+00 -8.988400000000000204e-07
-3.580000000000030269e+00 -8.829199999999999678e-07
-3.560000000000030695e+00 -8.706400000000000193e-07
-3.540000000000031122e+00 -8.546300000000000235e-07
-3.520000000000031548e+00 -8.403699999999999474e-07
-3.500000000000031974e+00 -8.275899999999999614e-07
-3.480000000000032401e+00 -8.131900000000000442e-07
-3.460000000000032827e+00 -7.997399999999999866e-07
-3.440000000000033253e+00 -7.865899999999999516e-07
-3.420000000000033680e+00 -7.727300000000000114e-07
-3.400000000000034106e+00 -7.604800000000000440e-07
-3.380000000000034532e+00 -7.476800000000000353e-07
-3.360000000000034959e+00 -7.366699999999999916e-07
-3.340000000000035385e+00 -7.245399999999999485e-07
-3.320000000000035811e+00 -7.114999999999999853e-07
-3.300000000000036238e+00 -7.007899999999999641e-07
-3.280000000000036664e+00 -6.884800000000000346e-07
-3.260000000000037090e+00 -6.762799999999999650e-07
-3.240000000000037517e+00 -6.654299999999999969e-07
-3.220000000000037943e+00 -6.538400000000000367e-07
-3.200000000000038369e+00 -6.428700000000000384e-07
-3.180000000000038796e+00 -6.321899999999999984e-07
-3.160000000000039222e+00 -6.208399999999999927e-07
-3.140000000000039648e+00 -6.106300000000000091e-07
-3.120000000000040075e+00 -6.007000000000000254e-07
-3.100000000000040501e+00 -5.897899999999999893e-07
-3.080000000000040927e+00 -5.802400000000000130e-07
-3.060000000000041354e+00 -5.692999999999999957e-07
-3.040000000000041780e+00 -5.594299999999999742e-07
-3.020000000000042206e+00 -5.498899999999999563e-07
-3.000000000000042633e+00 -5.398799999999999877e-07
-2.980000000000043059e+00 -5.310299999999999581e-07
-2.960000000000043485e+00 -5.220899999999999853e-07
-2.940000000000043912e+00 -5.128999999999999936e-07
-2.920000000000044338e+00 -5.038399999999999906e-07
-2.900000000000044764e+00 -4.952300000000000213e-07
-2.880000000000045191e+00 -4.861499999999999956e-07
-2.860000000000045617e+00 -4.778900000000000527e-07
-2.840000000000046043e+00 -4.695500000000000190e-07
-2.820000000000046469e+00 -4.610500000000000157e-07
-2.800000000000046896e+00 -4.537399999999999853e-07
-2.780000000000047322e+00 -4.461900000000000004e-07
-2.760000000000047748e+00 -4.382899999999999893e-07
-2.740000000000048175e+00 -4.303399999999999743e-07
-2.720000000000048601e+00 -4.224000000000000237e-07
-2.700000000000049027e+00 -4.155399999999999741e-07
-2.680000000000049454e+00 -4.078899999999999817e-07
-2.660000000000049880e+00 -4.004400000000000044e-07
-2.640000000000050306e+00 -3.938499999999999963e-07
-2.620000000000050733e+00 -3.866400000000000264e-07
-2.600000000000051159e+00 -3.798899999999999957e-07
-2.580000000000051585e+00 -3.739999999999999873e-07
-2.560000000000052012e+00 -3.669399999999999757e-07
-2.540000000000052438e+00 -3.600399999999999867e-07
-2.520000000000052864e+00 -3.534400000000000203e-07
-2.500000000000053291e+00 -3.475400000000000005e-07
-2.480000000000053717e+00 -3.412000000000000112e-07
-2.460000000000054143e+00 -3.353499999999999953e-07
-2.440000000000054570e+00 -3.289499999999999909e-07
-2.420000000000054996e+00 -3.228500000000000091e-07
-2.400000000000055422e+00 -3.172500000000000118e-07
-2.380000000000055849e+00 -3.120499999999999918e-07
-2.360000000000056275e+00 -3.061000000000000212e-07
-2.340000000000056701e+00 -3.007399999999999785e-07
-2.320000000000057128e+00 -2.946900000000000004e-07
-2.300000000000057554e+00 -2.897000000000000067e-07
-2.280000000000057980e+00 -2.846499999999999979e-07
-2.260000000000058407e+00 -2.792500000000000157e-07
-2.240000000000058833e+00 -2.743500000000000181e-07
-2.220000000000059259e+00 -2.693400000000000017e-07
-2.200000000000059686e+00 -2.647999999999999889e-07
-2.180000000000060112e+00 -2.592999999999999992e-07
-2.160000000000060538e+00 -2.549899999999999824e-07
-2.140000000000060965e+00 -2.497400000000000115e-07
-2.120000000000061391e+00 -2.450999999999999911e-07
-2.100000000000061817e+00 -2.407499999999999820e-07
-2.080000000000062244e+00 -2.365000000000000068e-07
-2.060000000000062670e+00 -2.322500000000000051e-07
-2.040000000000063096e+00 -2.280399999999999959e-07
-2.020000000000063523e+00 -2.234500000000000057e-07
-2.000000000000063949e+00 -2.196000000000000076e-07
-1.980000000000064375e+00 -2.157500000000000096e-07
-1.960000000000064801e+00 -2.114500000000000041e-07
-1.940000000000065228e+00 -2.079500000000000059e-07
-1.920000000000065654e+00 -2.037000000000000042e-07
-1.900000000000066080e+00 -2.002999999999999870e-07
-1.880000000000066507e+00 -1.964900000000000078e-07
-1.860000000000066933e+00 -1.927500000000000021e-07
-1.840000000000067359e+00 -1.893900000000000038e-07
-1.820000000000067786e+00 -1.853500000000000020e-07
-1.800000000000068212e+00 -1.819000000000000075e-07
-1.780000000000068638e+00 -1.788000000000000129e-07
-1.760000000000069065e+00 -1.753400000000000070e-07
-1.740000000000069491e+00 -1.721499999999999897e-07
-1.720000000000069917e+00 -1.688000000000000027e-07
-1.700000000000070344e+00 -1.654000000000000120e-07
-1.680000000000070770e+00 -1.622499999999999871e-07
-1.660000000000071196e+00 -1.589500000000000039e-07
-1.640000000000071623e+00 -1.562400000000000014e-07
-1.620000000000072049e+00 -1.531999999999999954e-07
-1.600000000000072475e+00 -1.499000000000000122e-07
-1.580000000000072902e+00 -1.474999999999999907e-07
-1.560000000000073328e+00 -1.439499999999999887e-07
-1.540000000000073754e+00 -1.414000000000000088e-07
-1.520000000000074181e+00 -1.388500000000000026e-07
-1.500000000000074607e+00 -1.363399999999999887e-07
-1.480000000000075033e+00 -1.335500000000000014e-07
-1.460000000000075460e+00 -1.308500000000000103e-07
-1.440000000000075886e+00 -1.281400000000000079e-07
-1.420000000000076312e+00 -1.256000000000000130e-07
-1.400000000000076739e+00 -1.228999999999999954e-07
-1.380000000000077165e+00 -1.207999999999999964e-07
-1.360000000000077591e+00 -1.181999999999999996e-07
-1.340000000000078018e+00 -1.157500000000000009e-07
-1.320000000000078444e+00 -1.133500000000000058e-07
-1.300000000000078870e+00 -1.109499999999999976e-07
-1.280000000000079297e+00 -1.085500000000000026e-07
-1.260000000000079723e+00 -1.061000000000000038e-07
-1.240000000000080149e+00 -1.038499999999999936e-07
-1.220000000000080576e+00 -1.017499999999999946e-07
-1.200000000000081002e+00 -9.985500000000000311e-08
-1.180000000000081428e+00 -9.743599999999999978e-08
-1.160000000000081855e+00 -9.539900000000000609e-08
-1.140000000000082281e+00 -9.328099999999999996e-08
-1.120000000000082707e+00 -9.118899999999999685e-08
-1.100000000000083134e+00 -8.941000000000000454e-08
-1.080000000000083560e+00 -8.709299999999999776e-08
-1.060000000000083986e+00 -8.537599999999999634e-08
-1.040000000000084412e+00 -8.320399999999999516e-08
-1.020000000000084839e+00 -8.121099999999999842e-08
-1.000000000000085265e+00 -7.923899999999999903e-08
-9.800000000000856915e-01 -7.739399999999999806e-08
-9.600000000000861178e-01 -7.574599999999999548e-08
-9.400000000000865441e-01 -7.393100000000000206e-08
-9.200000000000869704e-01 -7.210499999999999616e-08
-9.000000000000873968e-01 -7.044599999999999434e-08
-8.800000000000878231e-01 -6.853599999999999908e-08
-8.600000000000882494e-01 -6.680000000000000259e-08
-8.400000000000886757e-01 -6.488999999999999409e-08
-8.200000000000891021e-01 -6.338399999999999371e-08
-8.000000000000895284e-01 -6.154399999999999841e-08
-7.800000000000899547e-01 -6.005899999999999536e-08
-7.600000000000903810e-01 -5.828000000000000306e-08
-7.400000000000908074e-01 -5.661100000000000314e-08
-7.200000000000912337e-01 -5.508399999999999879e-08
-7.000000000000916600e-01 -5.352900000000000240e-08
-6.800000000000920863e-01 -5.180499999999999967e-08
-6.600000000000925127e-01 -5.022899999999999932e-08
-6.400000000000929390e-01 -4.889400000000000094e-08
-6.200000000000933653e-01 -4.719000000000000103e-08
-6.000000000000937916e-01 -4.572600000000000195e-08
-5.800000000000942180e-01 -4.406999999999999692e-08
-5.600000000000946443e-01 -4.276100000000000154e-08
-5.400000000000950706e-01 -4.110900000000000104e-08
-5.200000000000954969e-01 -3.957600000000000313e-08
-5.000000000000959233e-01 -3.805999999999999802e-08
-4.800000000000963496e-01 -3.663400000000000233e-08
-4.600000000000967759e-01 -3.511899999999999836e-08
-4.400000000000972022e-01 -3.362900000000000288e-08
-4.200000000000976286e-01 -3.220500000000000284e-08
-4.000000000000980549e-01 -3.067000000000000266e-08
-3.800000000000984812e-01 -2.923000000000000101e-08
-3.600000000000989075e-01 -2.782499999999999935e-08
-3.400000000000993339e-01 -2.618499999999999922e-08
-3.200000000000997602e-01 -2.480000000000000039e-08
-3.000000000001001865e-01 -2.335000000000000064e-08
-2.800000000001006129e-01 -2.173499999999999908e-08
-2.600000000001010392e-01 -2.033999999999999883e-08
-2.400000000001014655e-01 -1.875500000000000151e-08
-2.200000000001018918e-01 -1.719499999999999945e-08
-2.000000000001023182e-01 -1.577000000000000158e-08
-1.800000000001027445e-01 -1.420500000000000047e-08
-1.600000000001031708e-01 -1.268999999999999981e-08
-1.400000000001035971e-01 -1.116499999999999939e-08
-1.200000000001040235e-01 -9.617399999999999483e-09
-1.000000000001044498e-01 -8.039900000000000743e-09
-8.000000000010487611e-02 -6.475800000000000323e-09
-6.000000000010530243e-02 -4.882799999999999724e-09
-4.000000000010572876e-02 -3.244999999999999858e-09
-2.000000000010615508e-02 -1.635999999999999934e-09
-1.065814103640150279e-13 -7.799900000000000318e-12
1.999999999989299226e-02 1.657900000000000034e-09
3.999999999989256594e-02 3.380900000000000185e-09
5.999999999989213961e-02 5.090900000000000277e-09
7.999999999989171329e-02 6.812800000000000297e-09
9.999999999989128696e-02 8.582400000000000472e-09
1.199999999998908606e-01 1.039100000000000020e-08
1.399999999998904343e-01 1.217000000000000078e-08
1.599999999998900080e-01 1.403000000000000056e-08
1.799999999998895817e-01 1.591500000000000057e-08
1.999999999998891553e-01 1.780499999999999962e-08
2.199999999998887290e-01 1.960000000000000015e-08
2.399999999998883027e-01 2.176500000000000001e-08
2.599999999998878764e-01 2.374499999999999855e-08
2.799999999998874500e-01 2.572999999999999945e-08
2.999999999998870237e-01 2.781500000000000125e-08
3.199999999998865974e-01 2.981999999999999835e-08
3.399999999998861711e-01 3.205999999999999724e-08
3.599999999998857447e-01 3.423000000000000277e-08
3.799999999998853184e-01 3.640000000000000169e-08
3.999999999998848921e-01 3.860399999999999945e-08
4.199999999998844658e-01 4.088499999999999850e-08
4.399999999998840394e-01 4.327000000000000299e-08
4.599999999998836131e-01 4.574599999999999816e-08
4.799999999998831868e-01 4.810499999999999963e-08
4.999999999998827604e-01 5.076100000000000038e-08
5.199999999998823341e-01 5.308500000000000187e-08
5.399999999998819078e-01 5.557499999999999968e-08
5.599999999998814815e-01 5.835500000000000208e-08
5.799999999998810551e-01 6.100900000000000056e-08
5.999999999998806288e-01 6.383500000000000218e-08
6.199999999998802025e-01 6.669099999999999811e-08
6.399999999998797762e-01 6.953599999999999480e-08
6.599999999998793498e-01 7.216599999999999915e-08
6.799999999998789235e-01 7.537499999999999831e-08
6.999999999998784972e-01 7.838000000000000437e-08
7.199999999998780709e-01 8.146899999999999981e-08
7.399999999998776445e-01 8.460399999999999446e-08
7.599999999998772182e-01 8.766399999999999671e-08
7.799999999998767919e-01 9.123299999999999380e-08
7.999999999998763656e-01 9.455400000000000084e-08
8.199999999998759392e-01 9.778499999999999847e-08
8.399999999998755129e-01 1.015500000000000060e-07
8.599999999998750866e-01 1.049000000000000063e-07
8.799999999998746603e-01 1.084999999999999988e-07
8.999999999998742339e-01 1.125499999999999987e-07
9.199999999998738076e-01 1.161500000000000044e-07
9.399999999998733813e-01 1.202000000000000043e-07
9.599999999998729550e-01 1.244500000000000060e-07
9.799999999998725286e-01 1.280000000000000080e-07
9.999999999998721023e-01 1.322500000000000096e-07
1.019999999999871676e+00 1.364500000000000075e-07
1.039999999999871250e+00 1.407000000000000092e-07
1.059999999999870823e+00 1.453400000000000031e-07
1.079999999999870397e+00 1.497500000000000009e-07
1.099999999999869971e+00 1.540000000000000026e-07
1.119999999999869544e+00 1.588499999999999964e-07
1.139999999999869118e+00 1.636400000000000015e-07
1.159999999999868692e+00 1.686499999999999915e-07
1.179999999999868265e+00 1.737500000000000040e-07
1.199999999999867839e+00 1.784900000000000055e-07
1.219999999999867413e+00 1.839899999999999952e-07
1.239999999999866986e+00 1.889000000000000041e-07
1.259999999999866560e+00 1.947999999999999973e-07
1.279999999999866134e+00 1.997499999999999986e-07
1.299999999999865707e+00 2.059999999999999917e-07
1.319999999999865281e+00 2.115000000000000079e-07
1.339999999999864855e+00 2.171900000000000013e-07
1.359999999999864428e+00 2.235000000000000095e-07
1.379999999999864002e+00 2.291000000000000067e-07
1.399999999999863576e+00 2.353499999999999998e-07
1.419999999999863149e+00 2.416499999999999966e-07
1.439999999999862723e+00 2.482400000000000047e-07
1.459999999999862297e+00 2.546000000000000166e-07
1.479999999999861870e+00 2.611900000000000247e-07
1.499999999999861444e+00 2.681900000000000212e-07
1.519999999999861018e+00 2.751500000000000253e-07
1.539999999999860592e+00 2.814500000000000222e-07
1.559999999999860165e+00 2.887999999999999920e-07
1.579999999999859739e+00 2.966399999999999881e-07
1.599999999999859313e+00 3.043999999999999994e-07
1.619999999999858886e+00 3.116900000000000071e-07
1.639999999999858460e+00 3.198499999999999954e-07
1.659999999999858034e+00 3.278000000000000104e-07
1.679999999999857607e+00 3.355399999999999989e-07
1.699999999999857181e+00 3.428900000000000217e-07
1.719999999999856755e+00 3.522899999999999868e-07
1.739999999999856328e+00 3.602900000000000055e-07
1.759999999999855902e+00 3.686900000000000013e-07
1.779999999999855476e+00 3.784399999999999927e-07
1.799999999999855049e+00 3.868499999999999998e-07
1.819999999999854623e+00 3.956999999999999765e-07
1.839999999999854197e+00 4.044399999999999872e-07
1.859999999999853770e+00 4.138900000000000090e-07
1.879999999999853344e+00 4.239400000000000229e-07
1.899999999999852918e+00 4.330400000000000184e-07
1.919999999999852491e+00 4.429900000000000247e-07
1.939999999999852065e+00 4.540900000000000116e-07
1.959999999999851639e+00 4.634899999999999767e-07
1.979999999999851212e+00 4.740899999999999790e-07
1.999999999999850786e+00 4.840500000000000496e-07
2.019999999999850360e+00 4.962799999999999944e-07
2.039999999999849933e+00 5.066399999999999892e-07
2.059999999999849507e+00 5.174899999999999573e-07
2.079999999999849081e+00 5.287000000000000160e-07
2.099999999999848654e+00 5.407799999999999495e-07
2.119999999999848228e+00 5.526799999999999965e-07
2.139999999999847802e+00 5.639399999999999530e-07
2.159999999999847375e+00 5.760499999999999735e-07
2.179999999999846949e+00 5.889999999999999935e-07
2.199999999999846523e+00 6.002900000000000370e-07
2.219999999999846096e+00 6.138900000000000000e-07
2.239999999999845670e+00 6.266900000000000087e-07
2.259999999999845244e+00 6.394999999999999758e-07
2.279999999999844817e+00 6.528899999999999654e-07
2.299999999999844391e+00 6.658899999999999891e-07
2.319999999999843965e+00 6.808200000000000308e-07
2.339999999999843538e+00 6.938899999999999752e-07
2.359999999999843112e+00 7.081199999999999643e-07
2.379999999999842686e+00 7.234300000000000134e-07
2.399999999999842260e+00 7.376300000000000214e-07
2.419999999999841833e+00 7.531800000000000250e-07
2.439999999999841407e+00 7.668799999999999955e-07
2.459999999999840981e+00 7.834400000000000326e-07
2.479999999999840554e+00 7.971800000000000484e-07
2.499999999999840128e+00 8.145299999999999755e-07
2.519999999999839702e+00 8.314400000000000389e-07
2.539999999999839275e+00 8.467499999999999821e-07
2.559999999999838849e+00 8.643800000000000149e-07
2.579999999999838423e+00 8.811700000000000481e-07
2.599999999999837996e+00 8.980800000000000056e-07
2.619999999999837570e+00 9.157799999999999590e-07
2.639999999999837144e+00 9.345200000000000328e-07
2.659999999999836717e+00 9.523299999999999521e-07
2.679999999999836291e+00 9.708499999999999882e-07
2.699999999999835865e+00 9.891199999999998997e-07
2.719999999999835438e+00 1.008499999999999958e-06
2.739999999999835012e+00 1.028399999999999971e-06
2.759999999999834586e+00 1.048499999999999999e-06
2.779999999999834159e+00 1.066000000000000043e-06
2.799999999999833733e+00 1.085500000000000026e-06
2.819999999999833307e+00 1.108500000000000059e-06
2.839999999999832880e+00 1.128000000000000042e-06
2.859999999999832454e+00 1.151000000000000076e-06
2.879999999999832028e+00 1.173999999999999898e-06
2.899999999999831601e+00 1.196000000000000069e-06
2.919999999999831175e+00 1.218500000000000065e-06
2.939999999999830749e+00 1.239999999999999986e-06
2.959999999999830322e+00 1.264000000000000095e-06
2.979999999999829896e+00 1.289000000000000068e-06
2.999999999999829470e+00 1.314000000000000040e-06
3.019999999999829043e+00 1.338499999999999975e-06
3.039999999999828617e+00 1.362000000000000046e-06
3.059999999999828191e+00 1.389499999999999995e-06
3.079999999999827764e+00 1.413000000000000066e-06
3.099999999999827338e+00 1.441500000000000090e-06
3.119999999999826912e+00 1.467999999999999963e-06
3.139999999999826485e+00 1.495499999999999912e-06
3.159999999999826059e+00 1.523000000000000072e-06
3.179999999999825633e+00 1.551000000000000058e-06
3.199999999999825206e+00 1.581500000000000020e-06
3.219999999999824780e+00 1.610000000000000044e-06
3.239999999999824354e+00 1.641500000000000081e-06
3.259999999999823928e+00 1.670000000000000104e-06
3.279999999999823501e+00 1.698499999999999916e-06
3.299999999999823075e+00 1.731000000000000029e-06
3.319999999999822649e+00 1.761499999999999991e-06
3.339999999999822222e+00 1.792499999999999990e-06
3.359999999999821796e+00 1.828999999999999980e-06
3.379999999999821370e+00 1.861500000000000092e-06
3.399999999999820943e+00 1.893999999999999993e-06
3.419999999999820517e+00 1.929899999999999937e-06
3.439999999999820091e+00 1.965999999999999896e-06
3.459999999999819664e+00 2.000500000000000159e-06
3.479999999999819238e+00 2.033999999999999923e-06
3.499999999999818812e+00 2.071999999999999813e-06
3.519999999999818385e+00 2.105999999999999826e-06
3.539999999999817959e+00 2.144999999999999792e-06
3.559999999999817533e+00 2.180900000000000160e-06
3.579999999999817106e+00 2.222899999999999927e-06
3.599999999999816680e+00 2.262499999999999937e-06
3.619999999999816254e+00 2.302900000000000008e-06
3.639999999999815827e+00 2.342500000000000018e-06
3.659999999999815401e+00 2.386499999999999936e-06
3.679999999999814975e+00 2.426999999999999802e-06
3.699999999999814548e+00 2.467399999999999873e-06
3.719999999999814122e+00 2.510499999999999935e-06
3.739999999999813696e+00 2.555000000000000101e-06
3.759999999999813269e+00 2.599000000000000019e-06
3.779999999999812843e+00 2.646000000000000162e-06
3.799999999999812417e+00 2.691999999999999806e-06
3.819999999999811990e+00 2.739500000000000198e-06
3.839999999999811564e+00 2.787900000000000023e-06
3.859999999999811138e+00 2.832999999999999811e-06
3.879999999999810711e+00 2.881499999999999855e-06
3.899999999999810285e+00 2.931499999999999800e-06
3.919999999999809859e+00 2.981500000000000168e-06
3.939999999999809432e+00 3.033400000000000044e-06
3.959999999999809006e+00 3.085899999999999965e-06
3.979999999999808580e+00 3.138999999999999931e-06
3.999999999999808153e+00 3.188999999999999876e-06
4.019999999999807727e+00 3.246900000000000202e-06
4.039999999999807301e+00 3.301999999999999895e-06
4.059999999999806874e+00 3.360000000000000017e-06
4.079999999999806448e+00 3.417499999999999890e-06
4.099999999999806022e+00 3.473000000000000037e-06
4.119999999999805596e+00 3.532500000000000060e-06
4.139999999999805169e+00 3.589999999999999933e-06
4.159999999999804743e+00 3.650399999999999812e-06
4.179999999999804317e+00 3.712999999999999856e-06
4.199999999999803890e+00 3.777400000000000036e-06
4.219999999999803464e+00 3.839400000000000035e-06
4.239999999999803038e+00 3.902500000000000329e-06
4.259999999999802611e+00 3.967000000000000304e-06
4.279999999999802185e+00 4.031900000000000310e-06
4.299999999999801759e+00 4.103400000000000388e-06
4.319999999999801332e+00 4.170900000000000165e-06
4.339999999999800906e+00 4.239399999999999594e-06
4.359999999999800480e+00 4.312000000000000389e-06
4.379999999999800053e+00 4.380899999999999848e-06
4.399999999999799627e+00 4.452900000000000175e-06
4.419999999999799201e+00 4.526899999999999806e-06
4.439999999999798774e+00 4.600000000000000004e-06
4.459999999999798348e+00 4.677300000000000094e-06
4.479999999999797922e+00 4.752499999999999814e-06
4.499999999999797495e+00 4.830499999999999745e-06
4.519999999999797069e+00 4.907399999999999805e-06
4.539999999999796643e+00 4.988899999999999787e-06
4.559999999999796216e+00 5.063399999999999666e-06
4.579999999999795790e+00 5.149999999999999820e-06
4.599999999999795364e+00 5.234000000000000201e-06
4.619999999999794937e+00 5.313900000000000063e-06
4.639999999999794511e+00 5.398399999999999847e-06
4.659999999999794085e+00 5.485999999999999652e-06
4.679999999999793658e+00 5.571899999999999965e-06
4.699999999999793232e+00 5.657999999999999869e-06
4.719999999999792806e+00 5.745999999999999704e-06
4.739999999999792379e+00 5.837499999999999590e-06
4.759999999999791953e+00 5.929499999999999726e-06
4.779999999999791527e+00 6.023300000000000420e-06
4.799999999999791100e+00 6.115500000000000147e-06
4.819999999999790674e+00 6.212900000000000265e-06
4.839999999999790248e+00 6.310399999999999755e-06
4.859999999999789821e+00 6.405899999999999942e-06
4.879999999999789395e+00 6.503000000000000249e-06
4.899999999999788969e+00 6.604500000000000039e-06
4.919999999999788542e+00 6.706900000000000109e-06
4.939999999999788116e+00 6.811499999999999921e-06
4.959999999999787690e+00 6.912999999999999712e-06
4.979999999999787264e+00 7.018899999999999833e-06
4.999999999999786837e+00 7.124900000000000173e-06
