-5.000000000000000000e+00 -6.271500000000000009e-06
-4.980000000000000426e+00 -6.187000000000000225e-06
-4.960000000000000853e+00 -6.106899999999999925e-06
-4.940000000000001279e+00 -6.028499999999999964e-06
-4.920000000000001705e+00 -5.949999999999999784e-06
-4.900000000000002132e+00 -5.871499999999999604e-06
-4.880000000000002558e+00 -5.791400000000000150e-06
-4.860000000000002984e+00 -5.717899999999999922e-06
-4.840000000000003411e+00 -5.638500000000000310e-06
-4.820000000000003837e+00 -5.567899999999999664e-06
-4.800000000000004263e+00 -5.488500000000000052e-06
-4.780000000000004690e+00 -5.414500000000000421e-06
-4.760000000000005116e+00 -5.341800000000000254e-06
-4.740000000000005542e+00 -5.268499999999999617e-06
-4.720000000000005969e+00 -5.197499999999999789e-06
-4.700000000000006395e+00 -5.130400000000000041e-06
-4.680000000000006821e+00 -5.059899999999999615e-06
-4.660000000000007248e+00 -4.989599999999999628e-06
-4.640000000000007674e+00 -4.922499999999999880e-06
-4.620000000000008100e+00 -4.852000000000000301e-06
-4.600000000000008527e+00 -4.787900000000000356e-06
-4.580000000000008953e+00 -4.719900000000000329e-06
-4.560000000000009379e+00 -4.655899999999999756e-06
-4.540000000000009805e+00 -4.590000000000000099e-06
-4.520000000000010232e+00 -4.526899999999999806e-06
-4.500000000000010658e+00 -4.464100000000000170e-06
-4.480000000000011084e+00 -4.405899999999999609e-06
-4.460000000000011511e+00 -4.343500000000000003e-06
-4.440000000000011937e+00 -4.283400000000000358e-06
-4.420000000000012363e+00 -4.223599999999999677e-06
-4.400000000000012790e+00 -4.165299999999999744e-06
-4.380000000000013216e+00 -4.103400000000000388e-06
-4.360000000000013642e+00 -4.047499999999999788e-06
-4.340000000000014069e+00 -3.987000000000000113e-06
-4.320000000000014495e+00 -3.931999999999999792e-06
-4.300000000000014921e+00 -3.874499999999999919e-06
-4.280000000000015348e+00 -3.820100000000000068e-06
-4.260000000000015774e+00 -3.765899999999999807e-06
-4.240000000000016200e+00 -3.711000000000000130e-06
-4.220000000000016627e+00 -3.658899999999999815e-06
-4.200000000000017053e+00 -3.602499999999999813e-06
-4.180000000000017479e+00 -3.552400000000000073e-06
-4.160000000000017906e+00 -3.501000000000000023e-06
-4.140000000000018332e+00 -3.450400000000000033e-06
-4.120000000000018758e+00 -3.403999999999999935e-06
-4.100000000000019185e+00 -3.352399999999999870e-06
-4.080000000000019611e+00 -3.301999999999999895e-06
-4.060000000000020037e+00 -3.253899999999999881e-06
-4.040000000000020464e+00 -3.206999999999999958e-06
-4.020000000000020890e+00 -3.156899999999999794e-06
-4.000000000000021316e+00 -3.110500000000000119e-06
-3.980000000000021743e+00 -3.065900000000000157e-06
-3.960000000000022169e+00 -3.016400000000000038e-06
-3.940000000000022595e+00 -2.975900000000000171e-06
-3.920000000000023022e+00 -2.928999999999999824e-06
-3.900000000000023448e+00 -2.884999999999999907e-06
-3.880000000000023874e+00 -2.841899999999999845e-06
-3.860000000000024301e+00 -2.798499999999999972e-06
-3.840000000000024727e+00 -2.759999999999999833e-06
-3.820000000000025153e+00 -2.716999999999999990e-06
-3.800000000000025580e+00 -2.675900000000000079e-06
-3.780000000000026006e+00 -2.633400000000000062e-06
-3.760000000000026432e+00 -2.593499999999999818e-06
-3.740000000000026859e+00 -2.552500000000000125e-06
-3.720000000000027285e+00 -2.515499999999999887e-06
-3.700000000000027711e+00 -2.478900000000000102e-06
-3.680000000000028137e+00 -2.441499999999999833e-06
-3.660000000000028564e+00 -2.402899999999999898e-06
-3.640000000000028990e+00 -2.364499999999999977e-06
-3.620000000000029416e+00 -2.328400000000000018e-06
-3.600000000000029843e+00 -2.292399999999999854e-06
-3.580000000000030269e+00 -2.257999999999999811e-06
-3.560000000000030695e+00 -2.222899999999999927e-06
-3.540000000000031122e+00 -2.185900000000000112e-06
-3.520000000000031548e+00 -2.150000000000000167e-06
-3.500000000000031974e+00 -2.121400000000000136e-06
-3.480000000000032401e+00 -2.084500000000000117e-06
-3.460000000000032827e+00 -2.051500000000000179e-06
-3.440000000000033253e+00 -2.019899999999999922e-06
-3.420000000000033680e+00 -1.988999999999999930e-06
-3.400000000000034106e+00 -1.955399999999999947e-06
-3.380000000000034532e+00 -1.924499999999999955e-06
-3.360000000000034959e+00 -1.892500000000000092e-06
-3.340000000000035385e+00 -1.864999999999999931e-06
-3.320000000000035811e+00 -1.834499999999999969e-06
-3.300000000000036238e+00 -1.805000000000000082e-06
-3.280000000000036664e+00 -1.774000000000000083e-06
-3.260000000000037090e+00 -1.744499999999999984e-06
-3.240000000000037517e+00 -1.717000000000000036e-06
-3.220000000000037943e+00 -1.689999999999999913e-06
-3.200000000000038369e+00 -1.664999999999999941e-06
-3.180000000000038796e+00 -1.635500000000000054e-06
-3.160000000000039222e+00 -1.611999999999999982e-06
-3.140000000000039648e+00 -1.582999999999999921e-06
-3.120000000000040075e+00 -1.557999999999999949e-06
-3.100000000000040501e+00 -1.533500000000000014e-06
-3.080000000000040927e+00 -1.508000000000000004e-06
-3.060000000000041354e+00 -1.483999999999999895e-06
-3.040000000000041780e+00 -1.457500000000000021e-06
-3.020000000000042206e+00 -1.436999999999999964e-06
-3.000000000000042633e+00 -1.412500000000000029e-06
-2.980000000000043059e+00 -1.387500000000000056e-06
-2.960000000000043485e+00 -1.362000000000000046e-06
-2.940000000000043912e+00 -1.342000000000000026e-06
-2.920000000000044338e+00 -1.318499999999999955e-06
-2.900000000000044764e+00 -1.296499999999999996e-06
-2.880000000000045191e+00 -1.275000000000000075e-06
-2.860000000000045617e+00 -1.253499999999999942e-06
-2.840000000000046043e+00 -1.233000000000000096e-06
-2.820000000000046469e+00 -1.211499999999999963e-06
-2.800000000000046896e+00 -1.193000000000000055e-06
-2.780000000000047322e+00 -1.170500000000000059e-06
-2.760000000000047748e+00 -1.151999999999999939e-06
-2.740000000000048175e+00 -1.131500000000000093e-06
-2.720000000000048601e+00 -1.113500000000000012e-06
-2.700000000000049027e+00 -1.095499999999999930e-06
-2.680000000000049454e+00 -1.077500000000000060e-06
-2.660000000000049880e+00 -1.058499999999999903e-06
-2.640000000000050306e+00 -1.040500000000000033e-06
-2.620000000000050733e+00 -1.022999999999999989e-06
-2.600000000000051159e+00 -1.005699999999999959e-06
-2.580000000000051585e+00 -9.888899999999999036e-07
-2.560000000000052012e+00 -9.716599999999999008e-07
-2.540000000000052438e+00 -9.554199999999999089e-07
-2.520000000000052864e+00 -9.386799999999999853e-07
-2.500000000000053291e+00 -9.223300000000000275e-07
-2.480000000000053717e+00 -9.063200000000000317e-07
-2.460000000000054143e+00 -8.910399999999999637e-07
-2.440000000000054570e+00 -8.751799999999999792e-07
-2.420000000000054996e+00 -8.602800000000000245e-07
-2.400000000000055422e+00 -8.459899999999999673e-07
-2.380000000000055849e+00 -8.310900000000000126e-07
-2.360000000000056275e+00 -8.166800000000000311e-07
-2.340000000000056701e+00 -8.025399999999999852e-07
-2.320000000000057128e+00 -7.879299999999999887e-07
-2.300000000000057554e+00 -7.748299999999999575e-07
-2.280000000000057980e+00 -7.610299999999999795e-07
-2.260000000000058407e+00 -7.483500000000000009e-07
-2.240000000000058833e+00 -7.349800000000000341e-07
-2.220000000000059259e+00 -7.221800000000000253e-07
-2.200000000000059686e+00 -7.094899999999999825e-07
-2.180000000000060112e+00 -6.970400000000000001e-07
-2.160000000000060538e+00 -6.843499999999999572e-07
-2.140000000000060965e+00 -6.725000000000000199e-07
-2.120000000000061391e+00 -6.623400000000000401e-07
-2.100000000000061817e+00 -6.503199999999999629e-07
-2.080000000000062244e+00 -6.391499999999999495e-07
-2.060000000000062670e+00 -6.281799999999999512e-07
-2.040000000000063096e+00 -6.166499999999999532e-07
-2.020000000000063523e+00 -6.058200000000000078e-07
-2.000000000000063949e+00 -5.948799999999999905e-07
-1.980000000000064375e+00 -5.846999999999999880e-07
-1.960000000000064801e+00 -5.744800000000000461e-07
-1.940000000000065228e+00 -5.643500000000000474e-07
-1.920000000000065654e+00 -5.539900000000000525e-07
-1.900000000000066080e+00 -5.441500000000000121e-07
-1.880000000000066507e+00 -5.344300000000000018e-07
-1.860000000000066933e+00 -5.245399999999999576e-07
-1.840000000000067359e+00 -5.150800000000000304e-07
-1.820000000000067786e+00 -5.059400000000000425e-07
-1.800000000000068212e+00 -4.966300000000000207e-07
-1.780000000000068638e+00 -4.876900000000000478e-07
-1.760000000000069065e+00 -4.790799999999999727e-07
-1.740000000000069491e+00 -4.703900000000000186e-07
-1.720000000000069917e+00 -4.613399999999999740e-07
-1.700000000000070344e+00 -4.527999999999999782e-07
-1.680000000000070770e+00 -4.446500000000000012e-07
-1.660000000000071196e+00 -4.360499999999999904e-07
-1.640000000000071623e+00 -4.279400000000000058e-07
-1.620000000000072049e+00 -4.202400000000000096e-07
-1.600000000000072475e+00 -4.120399999999999759e-07
-1.580000000000072902e+00 -4.045399999999999948e-07
-1.560000000000073328e+00 -3.970500000000000250e-07
-1.540000000000073754e+00 -3.892500000000000213e-07
-1.520000000000074181e+00 -3.816999999999999835e-07
-1.500000000000074607e+00 -3.743900000000000060e-07
-1.480000000000075033e+00 -3.673900000000000095e-07
-1.460000000000075460e+00 -3.603900000000000130e-07
-1.440000000000075886e+00 -3.531900000000000015e-07
-1.420000000000076312e+00 -3.463499999999999746e-07
-1.400000000000076739e+00 -3.395999999999999969e-07
-1.380000000000077165e+00 -3.327900000000000041e-07
-1.360000000000077591e+00 -3.259900000000000226e-07
-1.340000000000078018e+00 -3.197499999999999879e-07
-1.320000000000078444e+00 -3.132000000000000252e-07
-1.300000000000078870e+00 -3.072500000000000017e-07
-1.280000000000079297e+00 -3.009899999999999973e-07
-1.260000000000079723e+00 -2.949400000000000192e-07
-1.240000000000080149e+00 -2.887999999999999920e-07
-1.220000000000080576e+00 -2.828500000000000215e-07
-1.200000000000081002e+00 -2.771400000000000054e-07
-1.180000000000081428e+00 -2.709999999999999782e-07
-1.160000000000081855e+00 -2.654400000000000264e-07
-1.140000000000082281e+00 -2.598999999999999913e-07
-1.120000000000082707e+00 -2.543399999999999865e-07
-1.100000000000083134e+00 -2.489000000000000119e-07
-1.080000000000083560e+00 -2.434999999999999768e-07
-1.060000000000083986e+00 -2.382899999999999983e-07
-1.040000000000084412e+00 -2.330900000000000047e-07
-1.020000000000084839e+00 -2.277399999999999998e-07
-1.000000000000085265e+00 -2.227000000000000023e-07
-9.800000000000856915e-01 -2.175900000000000049e-07
-9.600000000000861178e-01 -2.126999999999999922e-07
-9.400000000000865441e-01 -2.076000000000000061e-07
-9.200000000000869704e-01 -2.027999999999999896e-07
-9.000000000000873968e-01 -1.979899999999999882e-07
-8.800000000000878231e-01 -1.930499999999999982e-07
-8.600000000000882494e-01 -1.883999999999999930e-07
-8.400000000000886757e-01 -1.835399999999999878e-07
-8.200000000000891021e-01 -1.791000000000000089e-07
-8.000000000000895284e-01 -1.743499999999999962e-07
-7.800000000000899547e-01 -1.697999999999999985e-07
-7.600000000000903810e-01 -1.653500000000000082e-07
-7.400000000000908074e-01 -1.609999999999999991e-07
-7.200000000000912337e-01 -1.563999999999999976e-07
-7.000000000000916600e-01 -1.520999999999999922e-07
-6.800000000000920863e-01 -1.475499999999999944e-07
-6.600000000000925127e-01 -1.432999999999999928e-07
-6.400000000000929390e-01 -1.389500000000000101e-07
-6.200000000000933653e-01 -1.347900000000000046e-07
-6.000000000000937916e-01 -1.303499999999999992e-07
-5.800000000000942180e-01 -1.261500000000000013e-07
-5.600000000000946443e-01 -1.218499999999999959e-07
-5.400000000000950706e-01 -1.176499999999999980e-07
-5.200000000000954969e-01 -1.133999999999999964e-07
-5.000000000000959233e-01 -1.091499999999999947e-07
-4.800000000000963496e-01 -1.050500000000000043e-07
-4.600000000000967759e-01 -1.008199999999999988e-07
-4.400000000000972022e-01 -9.657300000000000059e-08
-4.200000000000976286e-01 -9.249499999999999544e-08
-4.000000000000980549e-01 -8.822800000000000097e-08
-3.800000000000984812e-01 -8.413899999999999658e-08
-3.600000000000989075e-01 -7.993000000000000171e-08
-3.400000000000993339e-01 -7.564099999999999553e-08
-3.200000000000997602e-01 -7.149300000000000365e-08
-3.000000000001001865e-01 -6.722599999999999595e-08
-2.800000000001006129e-01 -6.291099999999999999e-08
-2.600000000001010392e-01 -5.865499999999999815e-08
-2.400000000001014655e-01 -5.432399999999999728e-08
-2.200000000001018918e-01 -4.996900000000000229e-08
-2.000000000001023182e-01 -4.566600000000000009e-08
-1.800000000001027445e-01 -4.118899999999999911e-08
-1.600000000001031708e-01 -3.681500000000000243e-08
-1.400000000001035971e-01 -3.235399999999999974e-08
-1.200000000001040235e-01 -2.779499999999999842e-08
-1.000000000001044498e-01 -2.333000000000000112e-08
-8.000000000010487611e-02 -1.869999999999999870e-08
-6.000000000010530243e-02 -1.400999999999999939e-08
-4.000000000010572876e-02 -9.323699999999999970e-09
-2.000000000010615508e-02 -4.550000000000000211e-09
-1.065814103640150279e-13 2.451900000000000084e-10
1.999999999989299226e-02 5.119999999999999690e-09
3.999999999989256594e-02 1.002399999999999930e-08
5.999999999989213961e-02 1.497500000000000009e-08
7.999999999989171329e-02 2.012999999999999894e-08
9.999999999989128696e-02 2.525000000000000111e-08
1.199999999998908606e-01 3.044399999999999785e-08
1.399999999998904343e-01 3.574500000000000012e-08
1.599999999998900080e-01 4.107500000000000219e-08
1.799999999998895817e-01 4.654400000000000305e-08
1.999999999998891553e-01 5.209900000000000217e-08
2.199999999998887290e-01 5.763999999999999865e-08
2.399999999998883027e-01 6.343199999999999519e-08
2.599999999998878764e-01 6.914299999999999915e-08
2.799999999998874500e-01 7.500400000000000114e-08
2.999999999998870237e-01 8.095600000000000044e-08
3.199999999998865974e-01 8.707500000000000382e-08
3.399999999998861711e-01 9.327400000000000526e-08
3.599999999998857447e-01 9.961900000000000020e-08
3.799999999998853184e-01 1.059000000000000020e-07
3.999999999998848921e-01 1.124999999999999949e-07
4.199999999998844658e-01 1.191999999999999953e-07
4.399999999998840394e-01 1.259500000000000128e-07
4.599999999998836131e-01 1.328399999999999904e-07
4.799999999998831868e-01 1.397999999999999945e-07
4.999999999998827604e-01 1.468899999999999872e-07
5.199999999998823341e-01 1.541999999999999911e-07
5.399999999998819078e-01 1.616499999999999950e-07
5.599999999998814815e-01 1.690499999999999951e-07
5.799999999998810551e-01 1.769000000000000025e-07
5.999999999998806288e-01 1.845999999999999986e-07
6.199999999998802025e-01 1.925900000000000060e-07
6.399999999998797762e-01 2.006000000000000096e-07
6.599999999998793498e-01 2.088900000000000130e-07
6.799999999998789235e-01 2.172999999999999937e-07
6.999999999998784972e-01 2.259500000000000083e-07
7.199999999998780709e-01 2.346399999999999888e-07
7.399999999998776445e-01 2.436999999999999918e-07
7.599999999998772182e-01 2.530399999999999947e-07
7.799999999998767919e-01 2.620499999999999940e-07
7.999999999998763656e-01 2.716400000000000157e-07
8.199999999998759392e-01 2.814500000000000222e-07
8.399999999998755129e-01 2.913999999999999756e-07
8.599999999998750866e-01 3.012999999999999782e-07
8.799999999998746603e-01 3.114399999999999883e-07
8.999999999998742339e-01 3.220899999999999943e-07
9.199999999998738076e-01 3.327400000000000003e-07
9.399999999998733813e-01 3.437499999999999911e-07
9.599999999998729550e-01 3.548499999999999780e-07
9.799999999998725286e-01 3.661400000000000215e-07
9.999999999998721023e-01 3.778400000000000005e-07
1.019999999999871676e+00 3.896399999999999871e-07
1.039999999999871250e+00 4.017500000000000075e-07
1.059999999999870823e+00 4.141499999999999862e-07
1.079999999999870397e+00 4.266500000000000253e-07
1.099999999999869971e+00 4.393400000000000152e-07
1.119999999999869544e+00 4.521899999999999748e-07
1.139999999999869118e+00 4.657499999999999982e-07
1.159999999999868692e+00 4.794299999999999990e-07
1.179999999999868265e+00 4.934799999999999958e-07
1.199999999999867839e+00 5.072799999999999737e-07
1.219999999999867413e+00 5.215400000000000498e-07
1.239999999999866986e+00 5.362999999999999517e-07
1.259999999999866560e+00 5.512000000000000123e-07
1.279999999999866134e+00 5.661799999999999519e-07
1.299999999999865707e+00 5.819900000000000386e-07
1.319999999999865281e+00 5.977299999999999929e-07
1.339999999999864855e+00 6.139999999999999659e-07
1.359999999999864428e+00 6.303300000000000069e-07
1.379999999999864002e+00 6.466900000000000290e-07
1.399999999999863576e+00 6.638900000000000506e-07
1.419999999999863149e+00 6.811699999999999513e-07
1.439999999999862723e+00 6.986400000000000144e-07
1.459999999999862297e+00 7.168900000000000091e-07
1.479999999999861870e+00 7.347199999999999510e-07
1.499999999999861444e+00 7.532300000000000287e-07
1.519999999999861018e+00 7.720900000000000269e-07
1.539999999999860592e+00 7.917400000000000209e-07
1.559999999999860165e+00 8.116700000000000147e-07
1.579999999999859739e+00 8.307999999999999484e-07
1.599999999999859313e+00 8.513700000000000327e-07
1.619999999999858886e+00 8.723299999999999769e-07
1.639999999999858460e+00 8.929900000000000044e-07
1.659999999999858034e+00 9.140300000000000392e-07
1.679999999999857607e+00 9.358900000000000510e-07
1.699999999999857181e+00 9.579200000000000968e-07
1.719999999999856755e+00 9.802100000000000138e-07
1.739999999999856328e+00 1.003199999999999983e-06
1.759999999999855902e+00 1.025899999999999995e-06
1.779999999999855476e+00 1.049700000000000089e-06
1.799999999999855049e+00 1.074500000000000046e-06
1.819999999999854623e+00 1.098499999999999943e-06
1.839999999999854197e+00 1.123000000000000090e-06
1.859999999999853770e+00 1.148000000000000062e-06
1.879999999999853344e+00 1.173000000000000035e-06
1.899999999999852918e+00 1.196000000000000069e-06
1.919999999999852491e+00 1.221500000000000079e-06
1.939999999999852065e+00 1.250999999999999966e-06
1.959999999999851639e+00 1.278000000000000088e-06
1.979999999999851212e+00 1.306000000000000074e-06
1.999999999999850786e+00 1.334500000000000098e-06
2.019999999999850360e+00 1.364500000000000022e-06
2.039999999999849933e+00 1.390999999999999896e-06
2.059999999999849507e+00 1.420499999999999994e-06
2.079999999999849081e+00 1.451499999999999994e-06
2.099999999999848654e+00 1.483500000000000069e-06
2.119999999999848228e+00 1.512499999999999918e-06
2.139999999999847802e+00 1.543999999999999956e-06
2.159999999999847375e+00 1.577499999999999931e-06
2.179999999999846949e+00 1.607500000000000068e-06
2.199999999999846523e+00 1.639999999999999968e-06
2.219999999999846096e+00 1.675999999999999920e-06
2.239999999999845670e+00 1.708500000000000032e-06
2.259999999999845244e+00 1.741499999999999970e-06
2.279999999999844817e+00 1.778499999999999997e-06
2.299999999999844391e+00 1.813500000000000086e-06
2.319999999999843965e+00 1.851499999999999976e-06
2.339999999999843538e+00 1.884000000000000088e-06
2.359999999999843112e+00 1.923499999999999880e-06
2.379999999999842686e+00 1.961500000000000193e-06
2.399999999999842260e+00 2.000500000000000159e-06
2.419999999999841833e+00 2.038999999999999875e-06
2.439999999999841407e+00 2.077000000000000189e-06
2.459999999999840981e+00 2.116999999999999806e-06
2.479999999999840554e+00 2.160000000000000072e-06
2.499999999999840128e+00 2.200899999999999968e-06
2.519999999999839702e+00 2.243399999999999985e-06
2.539999999999839275e+00 2.285900000000000001e-06
2.559999999999838849e+00 2.327999999999999988e-06
2.579999999999838423e+00 2.373899999999999836e-06
2.599999999999837996e+00 2.416999999999999898e-06
2.619999999999837570e+00 2.463499999999999792e-06
2.639999999999837144e+00 2.510000000000000109e-06
2.659999999999836717e+00 2.556500000000000002e-06
2.679999999999836291e+00 2.602500000000000070e-06
2.699999999999835865e+00 2.651000000000000114e-06
2.719999999999835438e+00 2.699399999999999939e-06
2.739999999999835012e+00 2.751499999999999829e-06
2.759999999999834586e+00 2.802499999999999849e-06
2.779999999999834159e+00 2.853499999999999869e-06
2.799999999999833733e+00 2.906999999999999865e-06
2.819999999999833307e+00 2.960000000000000035e-06
2.839999999999832880e+00 3.016000000000000008e-06
2.859999999999832454e+00 3.064999999999999877e-06
2.879999999999832028e+00 3.126900000000000081e-06
2.899999999999831601e+00 3.185899999999999855e-06
2.919999999999831175e+00 3.240999999999999971e-06
2.939999999999830749e+00 3.298499999999999844e-06
2.959999999999830322e+00 3.358500000000000116e-06
2.979999999999829896e+00 3.421399999999999972e-06
2.999999999999829470e+00 3.482399999999999896e-06
3.019999999999829043e+00 3.543399999999999820e-06
3.039999999999828617e+00 3.608400000000000045e-06
3.059999999999828191e+00 3.672900000000000020e-06
3.079999999999827764e+00 3.738000000000000040e-06
3.099999999999827338e+00 3.803399999999999872e-06
3.119999999999826912e+00 3.874099999999999889e-06
3.139999999999826485e+00 3.941400000000000075e-06
3.159999999999826059e+00 4.013099999999999744e-06
3.179999999999825633e+00 4.084599999999999822e-06
3.199999999999825206e+00 4.157000000000000179e-06
3.219999999999824780e+00 4.229399999999999689e-06
3.239999999999824354e+00 4.304299999999999599e-06
3.259999999999823928e+00 4.381400000000000098e-06
3.279999999999823501e+00 4.456800000000000257e-06
3.299999999999823075e+00 4.534400000000000157e-06
3.319999999999822649e+00 4.613499999999999959e-06
3.339999999999822222e+00 4.693399999999999821e-06
3.359999999999821796e+00 4.772599999999999842e-06
3.379999999999821370e+00 4.854499999999999854e-06
3.399999999999820943e+00 4.938299999999999797e-06
3.419999999999820517e+00 5.023999999999999671e-06
3.439999999999820091e+00 5.110899999999999635e-06
3.459999999999819664e+00 5.197499999999999789e-06
3.479999999999819238e+00 5.288100000000000243e-06
3.499999999999818812e+00 5.377000000000000357e-06
3.519999999999818385e+00 5.466399999999999874e-06
3.539999999999817959e+00 5.560500000000000379e-06
3.559999999999817533e+00 5.649899999999999896e-06
3.579999999999817106e+00 5.747400000000000233e-06
3.599999999999816680e+00 5.844099999999999663e-06
3.619999999999816254e+00 5.941799999999999591e-06
3.639999999999815827e+00 6.041000000000000268e-06
3.659999999999815401e+00 6.140399999999999689e-06
3.679999999999814975e+00 6.243400000000000227e-06
3.699999999999814548e+00 6.347899999999999820e-06
3.719999999999814122e+00 6.452000000000000229e-06
3.739999999999813696e+00 6.557900000000000350e-06
3.759999999999813269e+00 6.666400000000000243e-06
3.779999999999812843e+00 6.776999999999999658e-06
3.799999999999812417e+00 6.888500000000000200e-06
3.819999999999811990e+00 7.001000000000000394e-06
3.839999999999811564e+00 7.112500000000000088e-06
3.859999999999811138e+00 7.226799999999999994e-06
3.879999999999810711e+00 7.346499999999999881e-06
3.899999999999810285e+00 7.466400000000000207e-06
3.919999999999809859e+00 7.585400000000000253e-06
3.939999999999809432e+00 7.712300000000000682e-06
3.959999999999809006e+00 7.832899999999999154e-06
3.979999999999808580e+00 7.960499999999999423e-06
3.999999999999808153e+00 8.088099999999999692e-06
4.019999999999807727e+00 8.219399999999999604e-06
4.039999999999807301e+00 8.350300000000000333e-06
4.059999999999806874e+00 8.486200000000000167e-06
4.079999999999806448e+00 8.620800000000000538e-06
4.099999999999806022e+00 8.756299999999999495e-06
4.119999999999805596e+00 8.897400000000000567e-06
4.139999999999805169e+00 9.036599999999999166e-06
4.159999999999804743e+00 9.179599999999999322e-06
4.179999999999804317e+00 9.320700000000000393e-06
4.199999999999803890e+00 9.468300000000000471e-06
4.219999999999803464e+00 9.618699999999999912e-06
4.239999999999803038e+00 9.768200000000000767e-06
4.259999999999802611e+00 9.924200000000000629e-06
4.279999999999802185e+00 1.007700000000000025e-05
4.299999999999801759e+00 1.023499999999999942e-05
4.319999999999801332e+00 1.039600000000000008e-05
4.339999999999800906e+00 1.054000000000000073e-05
4.359999999999800480e+00 1.069999999999999920e-05
4.379999999999800053e+00 1.086500000000000016e-05
4.399999999999799627e+00 1.103500000000000023e-05
4.419999999999799201e+00 1.120999999999999940e-05
4.439999999999798774e+00 1.137500000000000036e-05
4.459999999999798348e+00 1.154999999999999953e-05
4.479999999999797922e+00 1.172999999999999950e-05
4.499999999999797495e+00 1.190999999999999947e-05
4.519999999999797069e+00 1.209500000000000024e-05
4.539999999999796643e+00 1.226999999999999941e-05
4.559999999999796216e+00 1.245999999999999929e-05
4.579999999999795790e+00 1.264500000000000006e-05
4.599999999999795364e+00 1.283499999999999993e-05
4.619999999999794937e+00 1.303000000000000061e-05
4.639999999999794511e+00 1.322000000000000048e-05
4.659999999999794085e+00 1.342499999999999937e-05
4.679999999999793658e+00 1.362000000000000004e-05
4.699999999999793232e+00 1.382500000000000062e-05
4.719999999999792806e+00 1.402500000000000040e-05
4.739999999999792379e+00 1.422999999999999928e-05
4.759999999999791953e+00 1.444000000000000066e-05
4.779999999999791527e+00 1.464499999999999954e-05
4.799999999999791100e+00 1.486000000000000003e-05
4.819999999999790674e+00 1.507999999999999961e-05
4.839999999999790248e+00 1.529999999999999920e-05
4.859999999999789821e+00 1.552000000000000048e-05
4.879999999999789395e+00 1.574499999999999918e-05
4.899999999999788969e+00 1.596899999999999906e-05
4.919999999999788542e+00 1.619899999999999856e-05
4.939999999999788116e+00 1.643500000000000104e-05
4.959999999999787690e+00 1.666500000000000053e-05
4.979999999999787264e+00 1.690399999999999943e-05
4.999999999999786837e+00 1.714499999999999932e-05
