-5.000000000000000000e+00 -1.344999999999999997e-05
-4.980000000000000426e+00 -1.327999999999999991e-05
-4.960000000000000853e+00 -1.310999999999999984e-05
-4.940000000000001279e+00 -1.294500000000000057e-05
-4.920000000000001705e+00 -1.278500000000000041e-05
-4.900000000000002132e+00 -1.262500000000000025e-05
-4.880000000000002558e+00 -1.245999999999999929e-05
-4.860000000000002984e+00 -1.230000000000000082e-05
-4.840000000000003411e+00 -1.214499999999999976e-05
-4.820000000000003837e+00 -1.199000000000000040e-05
-4.800000000000004263e+00 -1.184000000000000014e-05
-4.780000000000004690e+00 -1.167999999999999998e-05
-4.760000000000005116e+00 -1.153500000000000052e-05
-4.740000000000005542e+00 -1.138500000000000026e-05
-4.720000000000005969e+00 -1.123500000000000001e-05
-4.700000000000006395e+00 -1.109000000000000055e-05
-4.680000000000006821e+00 -1.094499999999999939e-05
-4.660000000000007248e+00 -1.079999999999999993e-05
-4.640000000000007674e+00 -1.066500000000000038e-05
-4.620000000000008100e+00 -1.052500000000000003e-05
-4.600000000000008527e+00 -1.038000000000000057e-05
-4.580000000000008953e+00 -1.024499999999999932e-05
-4.560000000000009379e+00 -1.012299999999999947e-05
-4.540000000000009805e+00 -9.989800000000000475e-06
-4.520000000000010232e+00 -9.855300000000000323e-06
-4.500000000000010658e+00 -9.723499999999999315e-06
-4.480000000000011084e+00 -9.595000000000000460e-06
-4.460000000000011511e+00 -9.468799999999999873e-06
-4.440000000000011937e+00 -9.343000000000000163e-06
-4.420000000000012363e+00 -9.217800000000000074e-06
-4.400000000000012790e+00 -9.093899999999999448e-06
-4.380000000000013216e+00 -8.969599999999999638e-06
-4.360000000000013642e+00 -8.847100000000000387e-06
-4.340000000000014069e+00 -8.723699999999999163e-06
-4.320000000000014495e+00 -8.604999999999999775e-06
-4.300000000000014921e+00 -8.485299999999999887e-06
-4.280000000000015348e+00 -8.367500000000000778e-06
-4.260000000000015774e+00 -8.252900000000000215e-06
-4.240000000000016200e+00 -8.144399999999999475e-06
-4.220000000000016627e+00 -8.029900000000000826e-06
-4.200000000000017053e+00 -7.917700000000000443e-06
-4.180000000000017479e+00 -7.807300000000000619e-06
-4.160000000000017906e+00 -7.697400000000000197e-06
-4.140000000000018332e+00 -7.589300000000000335e-06
-4.120000000000018758e+00 -7.482499999999999934e-06
-4.100000000000019185e+00 -7.378400000000000372e-06
-4.080000000000019611e+00 -7.277399999999999983e-06
-4.060000000000020037e+00 -7.178399999999999745e-06
-4.040000000000020464e+00 -7.076899999999999955e-06
-4.020000000000020890e+00 -6.975800000000000194e-06
-4.000000000000021316e+00 -6.876900000000000176e-06
-3.980000000000021743e+00 -6.778899999999999589e-06
-3.960000000000022169e+00 -6.682499999999999970e-06
-3.940000000000022595e+00 -6.584500000000000231e-06
-3.920000000000023022e+00 -6.488499999999999795e-06
-3.900000000000023448e+00 -6.395900000000000038e-06
-3.880000000000023874e+00 -6.305500000000000022e-06
-3.860000000000024301e+00 -6.214000000000000136e-06
-3.840000000000024727e+00 -6.122100000000000220e-06
-3.820000000000025153e+00 -6.032900000000000294e-06
-3.800000000000025580e+00 -5.945299999999999642e-06
-3.780000000000026006e+00 -5.859899999999999579e-06
-3.760000000000026432e+00 -5.774900000000000393e-06
-3.740000000000026859e+00 -5.689500000000000330e-06
-3.720000000000027285e+00 -5.606999999999999849e-06
-3.700000000000027711e+00 -5.524399999999999996e-06
-3.680000000000028137e+00 -5.442399999999999765e-06
-3.660000000000028564e+00 -5.363500000000000402e-06
-3.640000000000028990e+00 -5.283400000000000101e-06
-3.620000000000029416e+00 -5.205400000000000170e-06
-3.600000000000029843e+00 -5.129000000000000360e-06
-3.580000000000030269e+00 -5.052000000000000081e-06
-3.560000000000030695e+00 -4.976099999999999672e-06
-3.540000000000031122e+00 -4.901599999999999793e-06
-3.520000000000031548e+00 -4.828000000000000192e-06
-3.500000000000031974e+00 -4.757400000000000394e-06
-3.480000000000032401e+00 -4.685500000000000286e-06
-3.460000000000032827e+00 -4.616599999999999980e-06
-3.440000000000033253e+00 -4.546499999999999584e-06
-3.420000000000033680e+00 -4.477600000000000125e-06
-3.400000000000034106e+00 -4.410500000000000378e-06
-3.380000000000034532e+00 -4.343500000000000003e-06
-3.360000000000034959e+00 -4.277600000000000346e-06
-3.340000000000035385e+00 -4.213999999999999803e-06
-3.320000000000035811e+00 -4.149499999999999828e-06
-3.300000000000036238e+00 -4.085500000000000102e-06
-3.280000000000036664e+00 -4.021400000000000156e-06
-3.260000000000037090e+00 -3.958400000000000082e-06
-3.240000000000037517e+00 -3.898099999999999998e-06
-3.220000000000037943e+00 -3.839400000000000035e-06
-3.200000000000038369e+00 -3.778499999999999907e-06
-3.180000000000038796e+00 -3.720500000000000208e-06
-3.160000000000039222e+00 -3.661500000000000011e-06
-3.140000000000039648e+00 -3.605999999999999864e-06
-3.120000000000040075e+00 -3.548000000000000166e-06
-3.100000000000040501e+00 -3.491400000000000148e-06
-3.080000000000040927e+00 -3.437999999999999948e-06
-3.060000000000041354e+00 -3.384400000000000156e-06
-3.040000000000041780e+00 -3.332499999999999857e-06
-3.020000000000042206e+00 -3.279999999999999936e-06
-3.000000000000042633e+00 -3.224499999999999790e-06
-2.980000000000043059e+00 -3.173500000000000194e-06
-2.960000000000043485e+00 -3.125999999999999801e-06
-2.940000000000043912e+00 -3.074400000000000160e-06
-2.920000000000044338e+00 -3.024900000000000041e-06
-2.900000000000044764e+00 -2.974999999999999892e-06
-2.880000000000045191e+00 -2.928999999999999824e-06
-2.860000000000045617e+00 -2.879999999999999954e-06
-2.840000000000046043e+00 -2.833399999999999842e-06
-2.820000000000046469e+00 -2.787400000000000197e-06
-2.800000000000046896e+00 -2.741000000000000099e-06
-2.780000000000047322e+00 -2.700499999999999810e-06
-2.760000000000047748e+00 -2.654999999999999991e-06
-2.740000000000048175e+00 -2.609900000000000203e-06
-2.720000000000048601e+00 -2.569999999999999958e-06
-2.700000000000049027e+00 -2.524500000000000139e-06
-2.680000000000049454e+00 -2.486499999999999826e-06
-2.660000000000049880e+00 -2.445999999999999959e-06
-2.640000000000050306e+00 -2.403499999999999943e-06
-2.620000000000050733e+00 -2.363899999999999932e-06
-2.600000000000051159e+00 -2.329499999999999889e-06
-2.580000000000051585e+00 -2.290000000000000098e-06
-2.560000000000052012e+00 -2.251499999999999958e-06
-2.540000000000052438e+00 -2.214999999999999969e-06
-2.520000000000052864e+00 -2.177400000000000108e-06
-2.500000000000053291e+00 -2.141900000000000194e-06
-2.480000000000053717e+00 -2.105000000000000175e-06
-2.460000000000054143e+00 -2.070000000000000086e-06
-2.440000000000054570e+00 -2.035499999999999824e-06
-2.420000000000054996e+00 -2.004399999999999817e-06
-2.400000000000055422e+00 -1.968499999999999872e-06
-2.380000000000055849e+00 -1.936500000000000009e-06
-2.360000000000056275e+00 -1.904499999999999934e-06
-2.340000000000056701e+00 -1.873999999999999972e-06
-2.320000000000057128e+00 -1.844500000000000085e-06
-2.300000000000057554e+00 -1.810999999999999898e-06
-2.280000000000057980e+00 -1.780499999999999936e-06
-2.260000000000058407e+00 -1.749499999999999936e-06
-2.240000000000058833e+00 -1.720999999999999913e-06
-2.220000000000059259e+00 -1.695499999999999903e-06
-2.200000000000059686e+00 -1.661999999999999927e-06
-2.180000000000060112e+00 -1.634499999999999978e-06
-2.160000000000060538e+00 -1.605999999999999955e-06
-2.140000000000060965e+00 -1.579500000000000082e-06
-2.120000000000061391e+00 -1.552499999999999959e-06
-2.100000000000061817e+00 -1.526999999999999949e-06
-2.080000000000062244e+00 -1.498000000000000100e-06
-2.060000000000062670e+00 -1.473499999999999953e-06
-2.040000000000063096e+00 -1.447000000000000080e-06
-2.020000000000063523e+00 -1.422499999999999933e-06
-2.000000000000063949e+00 -1.401500000000000049e-06
-1.980000000000064375e+00 -1.374999999999999964e-06
-1.960000000000064801e+00 -1.351500000000000105e-06
-1.940000000000065228e+00 -1.326999999999999958e-06
-1.920000000000065654e+00 -1.304499999999999962e-06
-1.900000000000066080e+00 -1.281000000000000102e-06
-1.880000000000066507e+00 -1.260500000000000044e-06
-1.860000000000066933e+00 -1.235000000000000034e-06
-1.840000000000067359e+00 -1.214499999999999976e-06
-1.820000000000067786e+00 -1.194499999999999956e-06
-1.800000000000068212e+00 -1.174499999999999936e-06
-1.780000000000068638e+00 -1.150500000000000038e-06
-1.760000000000069065e+00 -1.131999999999999919e-06
-1.740000000000069491e+00 -1.111000000000000035e-06
-1.720000000000069917e+00 -1.089499999999999903e-06
-1.700000000000070344e+00 -1.072499999999999896e-06
-1.680000000000070770e+00 -1.050999999999999975e-06
-1.660000000000071196e+00 -1.033499999999999930e-06
-1.640000000000071623e+00 -1.015500000000000060e-06
-1.620000000000072049e+00 -9.968099999999999904e-07
-1.600000000000072475e+00 -9.787600000000000107e-07
-1.580000000000072902e+00 -9.604900000000000993e-07
-1.560000000000073328e+00 -9.433699999999999565e-07
-1.540000000000073754e+00 -9.261700000000000407e-07
-1.520000000000074181e+00 -9.089400000000000380e-07
-1.500000000000074607e+00 -8.920299999999999746e-07
-1.480000000000075033e+00 -8.753000000000000094e-07
-1.460000000000075460e+00 -8.587899999999999761e-07
-1.440000000000075886e+00 -8.427900000000000445e-07
-1.420000000000076312e+00 -8.266899999999999996e-07
-1.400000000000076739e+00 -8.115299999999999618e-07
-1.380000000000077165e+00 -7.959299999999999545e-07
-1.360000000000077591e+00 -7.809399999999999506e-07
-1.340000000000078018e+00 -7.659199999999999657e-07
-1.320000000000078444e+00 -7.510200000000000109e-07
-1.300000000000078870e+00 -7.361800000000000183e-07
-1.280000000000079297e+00 -7.215400000000000408e-07
-1.260000000000079723e+00 -7.078300000000000060e-07
-1.240000000000080149e+00 -6.938899999999999752e-07
-1.220000000000080576e+00 -6.799800000000000313e-07
-1.200000000000081002e+00 -6.664799999999999699e-07
-1.180000000000081428e+00 -6.533499999999999576e-07
-1.160000000000081855e+00 -6.399299999999999870e-07
-1.140000000000082281e+00 -6.268900000000000237e-07
-1.120000000000082707e+00 -6.137399999999999887e-07
-1.100000000000083134e+00 -6.007899999999999687e-07
-1.080000000000083560e+00 -5.883899999999999900e-07
-1.060000000000083986e+00 -5.759300000000000491e-07
-1.040000000000084412e+00 -5.635400000000000289e-07
-1.020000000000084839e+00 -5.513399999999999593e-07
-1.000000000000085265e+00 -5.393499999999999691e-07
-9.800000000000856915e-01 -5.276800000000000241e-07
-9.600000000000861178e-01 -5.157799999999999771e-07
-9.400000000000865441e-01 -5.040499999999999640e-07
-9.200000000000869704e-01 -4.924399999999999811e-07
-9.000000000000873968e-01 -4.810000000000000322e-07
-8.800000000000878231e-01 -4.695500000000000190e-07
-8.600000000000882494e-01 -4.584900000000000246e-07
-8.400000000000886757e-01 -4.472999999999999885e-07
-8.200000000000891021e-01 -4.360899999999999828e-07
-8.000000000000895284e-01 -4.250900000000000034e-07
-7.800000000000899547e-01 -4.144399999999999974e-07
-7.600000000000903810e-01 -4.037899999999999914e-07
-7.400000000000908074e-01 -3.930499999999999891e-07
-7.200000000000912337e-01 -3.823400000000000210e-07
-7.000000000000916600e-01 -3.717900000000000224e-07
-6.800000000000920863e-01 -3.614399999999999860e-07
-6.600000000000925127e-01 -3.509500000000000026e-07
-6.400000000000929390e-01 -3.406900000000000153e-07
-6.200000000000933653e-01 -3.302400000000000243e-07
-6.000000000000937916e-01 -3.197899999999999803e-07
-5.800000000000942180e-01 -3.095500000000000157e-07
-5.600000000000946443e-01 -2.992899999999999754e-07
-5.400000000000950706e-01 -2.890900000000000032e-07
-5.200000000000954969e-01 -2.788399999999999743e-07
-5.000000000000959233e-01 -2.687400000000000096e-07
-4.800000000000963496e-01 -2.584999999999999920e-07
-4.600000000000967759e-01 -2.483400000000000122e-07
-4.400000000000972022e-01 -2.381899999999999908e-07
-4.200000000000976286e-01 -2.278999999999999959e-07
-4.000000000000980549e-01 -2.176999999999999972e-07
-3.800000000000984812e-01 -2.076000000000000061e-07
-3.600000000000989075e-01 -1.974000000000000074e-07
-3.400000000000993339e-01 -1.869999999999999937e-07
-3.200000000000997602e-01 -1.766999999999999875e-07
-3.000000000001001865e-01 -1.661999999999999927e-07
-2.800000000001006129e-01 -1.556999999999999979e-07
-2.600000000001010392e-01 -1.452000000000000032e-07
-2.400000000001014655e-01 -1.345499999999999971e-07
-2.200000000001018918e-01 -1.238999999999999911e-07
-2.000000000001023182e-01 -1.130499999999999965e-07
-1.800000000001027445e-01 -1.022500000000000057e-07
-1.600000000001031708e-01 -9.119999999999999608e-08
-1.400000000001035971e-01 -8.018800000000000309e-08
-1.200000000001040235e-01 -6.907400000000000032e-08
-1.000000000001044498e-01 -5.768900000000000127e-08
-8.000000000010487611e-02 -4.636999999999999766e-08
-6.000000000010530243e-02 -3.476399999999999948e-08
-4.000000000010572876e-02 -2.307499999999999983e-08
-2.000000000010615508e-02 -1.135000000000000072e-08
-1.065814103640150279e-13 5.973400000000000279e-10
1.999999999989299226e-02 1.269999999999999957e-08
3.999999999989256594e-02 2.504500000000000026e-08
5.999999999989213961e-02 3.743499999999999739e-08
7.999999999989171329e-02 4.995999999999999870e-08
9.999999999989128696e-02 6.280900000000000345e-08
1.199999999998908606e-01 7.565499999999999817e-08
1.399999999998904343e-01 8.876600000000000222e-08
1.599999999998900080e-01 1.021499999999999982e-07
1.799999999998895817e-01 1.154999999999999953e-07
1.999999999998891553e-01 1.292499999999999960e-07
2.199999999998887290e-01 1.432000000000000117e-07
2.399999999998883027e-01 1.573999999999999933e-07
2.599999999998878764e-01 1.717500000000000126e-07
2.799999999998874500e-01 1.862900000000000091e-07
2.999999999998870237e-01 2.011400000000000131e-07
3.199999999998865974e-01 2.161999999999999904e-07
3.399999999998861711e-01 2.315399999999999941e-07
3.599999999998857447e-01 2.471499999999999863e-07
3.799999999998853184e-01 2.630000000000000125e-07
3.999999999998848921e-01 2.789899999999999856e-07
4.199999999998844658e-01 2.953900000000000001e-07
4.399999999998840394e-01 3.120499999999999918e-07
4.599999999998836131e-01 3.290499999999999984e-07
4.799999999998831868e-01 3.463499999999999746e-07
4.999999999998827604e-01 3.639400000000000150e-07
5.199999999998823341e-01 3.816999999999999835e-07
5.399999999998819078e-01 3.998900000000000160e-07
5.599999999998814815e-01 4.184999999999999954e-07
5.799999999998810551e-01 4.372800000000000087e-07
5.999999999998806288e-01 4.564899999999999802e-07
6.199999999998802025e-01 4.759900000000000158e-07
6.399999999998797762e-01 4.957499999999999757e-07
6.599999999998793498e-01 5.159799999999999921e-07
6.799999999998789235e-01 5.365900000000000158e-07
6.999999999998784972e-01 5.576300000000000507e-07
7.199999999998780709e-01 5.789900000000000249e-07
7.399999999998776445e-01 6.009399999999999799e-07
7.599999999998772182e-01 6.232000000000000218e-07
7.799999999998767919e-01 6.457299999999999992e-07
7.999999999998763656e-01 6.688300000000000406e-07
8.199999999998759392e-01 6.923800000000000099e-07
8.399999999998755129e-01 7.162700000000000472e-07
8.599999999998750866e-01 7.409199999999999933e-07
8.799999999998746603e-01 7.655700000000000453e-07
8.999999999998742339e-01 7.909200000000000440e-07
9.199999999998738076e-01 8.167399999999999933e-07
9.399999999998733813e-01 8.432800000000000178e-07
9.599999999998729550e-01 8.699699999999999478e-07
9.799999999998725286e-01 8.974700000000000021e-07
9.999999999998721023e-01 9.252999999999999542e-07
1.019999999999871676e+00 9.538499999999999816e-07
1.039999999999871250e+00 9.826600000000000920e-07
1.059999999999870823e+00 1.012200000000000024e-06
1.079999999999870397e+00 1.042199999999999949e-06
1.099999999999869971e+00 1.071500000000000033e-06
1.119999999999869544e+00 1.103499999999999896e-06
1.139999999999869118e+00 1.132499999999999957e-06
1.159999999999868692e+00 1.165000000000000069e-06
1.179999999999868265e+00 1.201500000000000058e-06
1.199999999999867839e+00 1.233499999999999921e-06
1.219999999999867413e+00 1.269500000000000085e-06
1.239999999999866986e+00 1.303000000000000061e-06
1.259999999999866560e+00 1.337000000000000074e-06
1.279999999999866134e+00 1.374999999999999964e-06
1.299999999999865707e+00 1.413000000000000066e-06
1.319999999999865281e+00 1.450999999999999957e-06
1.339999999999864855e+00 1.487999999999999983e-06
1.359999999999864428e+00 1.526499999999999911e-06
1.379999999999864002e+00 1.564500000000000013e-06
1.399999999999863576e+00 1.604000000000000016e-06
1.419999999999863149e+00 1.647000000000000071e-06
1.439999999999862723e+00 1.683500000000000060e-06
1.459999999999862297e+00 1.730499999999999991e-06
1.479999999999861870e+00 1.772499999999999970e-06
1.499999999999861444e+00 1.814999999999999987e-06
1.519999999999861018e+00 1.858999999999999904e-06
1.539999999999860592e+00 1.904499999999999934e-06
1.559999999999860165e+00 1.951000000000000040e-06
1.579999999999859739e+00 1.998500000000000009e-06
1.599999999999859313e+00 2.043000000000000175e-06
1.619999999999858886e+00 2.092000000000000045e-06
1.639999999999858460e+00 2.143000000000000065e-06
1.659999999999858034e+00 2.189400000000000163e-06
1.679999999999857607e+00 2.242999999999999955e-06
1.699999999999857181e+00 2.293500000000000149e-06
1.719999999999856755e+00 2.346899999999999925e-06
1.739999999999856328e+00 2.398999999999999816e-06
1.759999999999855902e+00 2.453899999999999917e-06
1.779999999999855476e+00 2.510000000000000109e-06
1.799999999999855049e+00 2.563500000000000105e-06
1.819999999999854623e+00 2.617000000000000101e-06
1.839999999999854197e+00 2.676500000000000124e-06
1.859999999999853770e+00 2.737500000000000048e-06
1.879999999999853344e+00 2.793500000000000020e-06
1.899999999999852918e+00 2.853499999999999869e-06
1.919999999999852491e+00 2.912900000000000097e-06
1.939999999999852065e+00 2.976499999999999793e-06
1.959999999999851639e+00 3.040400000000000147e-06
1.979999999999851212e+00 3.102499999999999942e-06
1.999999999999850786e+00 3.167399999999999947e-06
2.019999999999850360e+00 3.234500000000000118e-06
2.039999999999849933e+00 3.299400000000000123e-06
2.059999999999849507e+00 3.368000000000000195e-06
2.079999999999849081e+00 3.436500000000000047e-06
2.099999999999848654e+00 3.504399999999999855e-06
2.119999999999848228e+00 3.578500000000000128e-06
2.139999999999847802e+00 3.646900000000000184e-06
2.159999999999847375e+00 3.721000000000000034e-06
2.179999999999846949e+00 3.794400000000000043e-06
2.199999999999846523e+00 3.871500000000000118e-06
2.219999999999846096e+00 3.948299999999999958e-06
2.239999999999845670e+00 4.021900000000000406e-06
2.259999999999845244e+00 4.100899999999999988e-06
2.279999999999844817e+00 4.181000000000000288e-06
2.299999999999844391e+00 4.261499999999999772e-06
2.319999999999843965e+00 4.343900000000000033e-06
2.339999999999843538e+00 4.427100000000000355e-06
2.359999999999843112e+00 4.512000000000000169e-06
2.379999999999842686e+00 4.596499999999999952e-06
2.399999999999842260e+00 4.681499999999999986e-06
2.419999999999841833e+00 4.771399999999999752e-06
2.439999999999841407e+00 4.859899999999999836e-06
2.459999999999840981e+00 4.949499999999999791e-06
2.479999999999840554e+00 5.038500000000000125e-06
2.499999999999840128e+00 5.132999999999999813e-06
2.519999999999839702e+00 5.229400000000000279e-06
2.539999999999839275e+00 5.324800000000000247e-06
2.559999999999838849e+00 5.422900000000000206e-06
2.579999999999838423e+00 5.523899999999999747e-06
2.599999999999837996e+00 5.621900000000000333e-06
2.619999999999837570e+00 5.726500000000000145e-06
2.639999999999837144e+00 5.828500000000000185e-06
2.659999999999836717e+00 5.934899999999999708e-06
2.679999999999836291e+00 6.041000000000000268e-06
2.699999999999835865e+00 6.144900000000000239e-06
2.719999999999835438e+00 6.258000000000000054e-06
2.739999999999835012e+00 6.369999999999999998e-06
2.759999999999834586e+00 6.483899999999999873e-06
2.779999999999834159e+00 6.598899999999999619e-06
2.799999999999833733e+00 6.713500000000000182e-06
2.819999999999833307e+00 6.831499999999999730e-06
2.839999999999832880e+00 6.953499999999999578e-06
2.859999999999832454e+00 7.075500000000000273e-06
2.879999999999832028e+00 7.198000000000000371e-06
2.899999999999831601e+00 7.326500000000000072e-06
2.919999999999831175e+00 7.453899999999999903e-06
2.939999999999830749e+00 7.583999999999999725e-06
2.959999999999830322e+00 7.714199999999999765e-06
2.979999999999829896e+00 7.850600000000000696e-06
2.999999999999829470e+00 7.985700000000000469e-06
3.019999999999829043e+00 8.121099999999999207e-06
3.039999999999828617e+00 8.260800000000000597e-06
3.059999999999828191e+00 8.406600000000000116e-06
3.079999999999827764e+00 8.549999999999999454e-06
3.099999999999827338e+00 8.699999999999999712e-06
3.119999999999826912e+00 8.845700000000000706e-06
3.139999999999826485e+00 8.998500000000000327e-06
3.159999999999826059e+00 9.149800000000000047e-06
3.179999999999825633e+00 9.305300000000000507e-06
3.199999999999825206e+00 9.464099999999999732e-06
3.219999999999824780e+00 9.624799999999999735e-06
3.239999999999824354e+00 9.786799999999999200e-06
3.259999999999823928e+00 9.949299999999999762e-06
3.279999999999823501e+00 1.011699999999999987e-05
3.299999999999823075e+00 1.028599999999999944e-05
3.319999999999822649e+00 1.045400000000000020e-05
3.339999999999822222e+00 1.061499999999999916e-05
3.359999999999821796e+00 1.079000000000000003e-05
3.379999999999821370e+00 1.097000000000000000e-05
3.399999999999820943e+00 1.114999999999999997e-05
3.419999999999820517e+00 1.132999999999999994e-05
3.439999999999820091e+00 1.151999999999999982e-05
3.459999999999819664e+00 1.170999999999999969e-05
3.479999999999819238e+00 1.189500000000000046e-05
3.499999999999818812e+00 1.208999999999999944e-05
3.519999999999818385e+00 1.228500000000000012e-05
3.539999999999817959e+00 1.248000000000000079e-05
3.559999999999817533e+00 1.268000000000000057e-05
3.579999999999817106e+00 1.288499999999999945e-05
3.599999999999816680e+00 1.309500000000000083e-05
3.619999999999816254e+00 1.330500000000000051e-05
3.639999999999815827e+00 1.351500000000000020e-05
3.659999999999815401e+00 1.373000000000000068e-05
3.679999999999814975e+00 1.394499999999999947e-05
3.699999999999814548e+00 1.416500000000000075e-05
3.719999999999814122e+00 1.438999999999999944e-05
3.739999999999813696e+00 1.461000000000000073e-05
3.759999999999813269e+00 1.484000000000000022e-05
3.779999999999812843e+00 1.506999999999999971e-05
3.799999999999812417e+00 1.530400000000000120e-05
3.819999999999811990e+00 1.554500000000000109e-05
3.839999999999811564e+00 1.578499999999999879e-05
3.859999999999811138e+00 1.603500000000000148e-05
3.879999999999810711e+00 1.627499999999999918e-05
3.899999999999810285e+00 1.652399999999999968e-05
3.919999999999809859e+00 1.678499999999999938e-05
3.939999999999809432e+00 1.703900000000000068e-05
3.959999999999809006e+00 1.730000000000000038e-05
3.979999999999808580e+00 1.756000000000000128e-05
3.999999999999808153e+00 1.783000000000000039e-05
4.019999999999807727e+00 1.809999999999999950e-05
4.039999999999807301e+00 1.838000000000000021e-05
4.059999999999806874e+00 1.864999999999999931e-05
4.079999999999806448e+00 1.893500000000000082e-05
4.099999999999806022e+00 1.921999999999999894e-05
4.119999999999805596e+00 1.950899999999999905e-05
4.139999999999805169e+00 1.980500000000000096e-05
4.159999999999804743e+00 2.009499999999999988e-05
4.179999999999804317e+00 2.040399999999999980e-05
4.199999999999803890e+00 2.070499999999999912e-05
4.219999999999803464e+00 2.101000000000000044e-05
4.239999999999803038e+00 2.132400000000000116e-05
4.259999999999802611e+00 2.163499999999999869e-05
4.279999999999802185e+00 2.195999999999999981e-05
4.299999999999801759e+00 2.228500000000000093e-05
4.319999999999801332e+00 2.260999999999999867e-05
4.339999999999800906e+00 2.294500000000000139e-05
4.359999999999800480e+00 2.327499999999999993e-05
4.379999999999800053e+00 2.361500000000000006e-05
4.399999999999799627e+00 2.396000000000000099e-05
4.419999999999799201e+00 2.430900000000000053e-05
4.439999999999798774e+00 2.466000000000000107e-05
4.459999999999798348e+00 2.501400000000000140e-05
4.479999999999797922e+00 2.537500000000000015e-05
4.499999999999797495e+00 2.574000000000000089e-05
4.519999999999797069e+00 2.610999999999999904e-05
4.539999999999796643e+00 2.647499999999999978e-05
4.559999999999796216e+00 2.685900000000000153e-05
4.579999999999795790e+00 2.723499999999999928e-05
4.599999999999795364e+00 2.762500000000000063e-05
4.619999999999794937e+00 2.801000000000000118e-05
4.639999999999794511e+00 2.840400000000000113e-05
4.659999999999794085e+00 2.880499999999999950e-05
4.679999999999793658e+00 2.920999999999999985e-05
4.699999999999793232e+00 2.960999999999999941e-05
4.719999999999792806e+00 3.002500000000000137e-05
4.739999999999792379e+00 3.043499999999999914e-05
4.759999999999791953e+00 3.084900000000000229e-05
4.779999999999791527e+00 3.127399999999999907e-05
4.799999999999791100e+00 3.170400000000000003e-05
4.819999999999790674e+00 3.213400000000000100e-05
4.839999999999790248e+00 3.257900000000000097e-05
4.859999999999789821e+00 3.301899999999999676e-05
4.879999999999789395e+00 3.347000000000000311e-05
4.899999999999788969e+00 3.391899999999999831e-05
4.919999999999788542e+00 3.437500000000000207e-05
4.939999999999788116e+00 3.484400000000000046e-05
4.959999999999787690e+00 3.531400000000000104e-05
4.979999999999787264e+00 3.577899999999999744e-05
4.999999999999786837e+00 3.624899999999999802e-05
