-5.000000000000000000e+00 -2.736499999999999973e-05
-4.980000000000000426e+00 -2.702499999999999960e-05
-4.960000000000000853e+00 -2.669999999999999847e-05
-4.940000000000001279e+00 -2.637500000000000074e-05
-4.920000000000001705e+00 -2.605500000000000041e-05
-4.900000000000002132e+00 -2.574000000000000089e-05
-4.880000000000002558e+00 -2.543400000000000077e-05
-4.860000000000002984e+00 -2.512399999999999866e-05
-4.840000000000003411e+00 -2.481499999999999873e-05
-4.820000000000003837e+00 -2.450500000000000001e-05
-4.800000000000004263e+00 -2.421000000000000029e-05
-4.780000000000004690e+00 -2.390499999999999898e-05
-4.760000000000005116e+00 -2.361500000000000006e-05
-4.740000000000005542e+00 -2.331900000000000154e-05
-4.720000000000005969e+00 -2.302500000000000063e-05
-4.700000000000006395e+00 -2.273999999999999912e-05
-4.680000000000006821e+00 -2.245000000000000020e-05
-4.660000000000007248e+00 -2.217500000000000029e-05
-4.640000000000007674e+00 -2.189400000000000078e-05
-4.620000000000008100e+00 -2.161999999999999968e-05
-4.600000000000008527e+00 -2.134499999999999977e-05
-4.580000000000008953e+00 -2.106999999999999986e-05
-4.560000000000009379e+00 -2.080000000000000075e-05
-4.540000000000009805e+00 -2.053499999999999905e-05
-4.520000000000010232e+00 -2.027000000000000075e-05
-4.500000000000010658e+00 -2.001500000000000065e-05
-4.480000000000011084e+00 -1.976500000000000134e-05
-4.460000000000011511e+00 -1.950500000000000045e-05
-4.440000000000011937e+00 -1.925500000000000115e-05
-4.420000000000012363e+00 -1.900499999999999846e-05
-4.400000000000012790e+00 -1.875499999999999916e-05
-4.380000000000013216e+00 -1.851000000000000066e-05
-4.360000000000013642e+00 -1.827400000000000156e-05
-4.340000000000014069e+00 -1.803499999999999927e-05
-4.320000000000014495e+00 -1.779500000000000157e-05
-4.300000000000014921e+00 -1.756000000000000128e-05
-4.280000000000015348e+00 -1.732999999999999840e-05
-4.260000000000015774e+00 -1.709399999999999930e-05
-4.240000000000016200e+00 -1.686999999999999942e-05
-4.220000000000016627e+00 -1.664500000000000072e-05
-4.200000000000017053e+00 -1.642499999999999944e-05
-4.180000000000017479e+00 -1.620999999999999896e-05
-4.160000000000017906e+00 -1.599000000000000107e-05
-4.140000000000018332e+00 -1.577899999999999919e-05
-4.120000000000018758e+00 -1.556500000000000090e-05
-4.100000000000019185e+00 -1.535500000000000122e-05
-4.080000000000019611e+00 -1.515000000000000064e-05
-4.060000000000020037e+00 -1.493999999999999926e-05
-4.040000000000020464e+00 -1.474500000000000028e-05
-4.020000000000020890e+00 -1.453999999999999970e-05
-4.000000000000021316e+00 -1.434500000000000072e-05
-3.980000000000021743e+00 -1.414499999999999925e-05
-3.960000000000022169e+00 -1.395000000000000027e-05
-3.940000000000022595e+00 -1.376000000000000039e-05
-3.920000000000023022e+00 -1.357000000000000052e-05
-3.900000000000023448e+00 -1.338499999999999975e-05
-3.880000000000023874e+00 -1.320000000000000067e-05
-3.860000000000024301e+00 -1.302000000000000070e-05
-3.840000000000024727e+00 -1.283499999999999993e-05
-3.820000000000025153e+00 -1.266000000000000076e-05
-3.800000000000025580e+00 -1.248499999999999990e-05
-3.780000000000026006e+00 -1.231499999999999983e-05
-3.760000000000026432e+00 -1.214000000000000066e-05
-3.740000000000026859e+00 -1.196499999999999979e-05
-3.720000000000027285e+00 -1.180000000000000052e-05
-3.700000000000027711e+00 -1.163499999999999956e-05
-3.680000000000028137e+00 -1.146499999999999950e-05
-3.660000000000028564e+00 -1.131000000000000013e-05
-3.640000000000028990e+00 -1.115500000000000077e-05
-3.620000000000029416e+00 -1.099500000000000061e-05
-3.600000000000029843e+00 -1.083999999999999955e-05
-3.580000000000030269e+00 -1.067999999999999939e-05
-3.560000000000030695e+00 -1.053000000000000083e-05
-3.540000000000031122e+00 -1.038000000000000057e-05
-3.520000000000031548e+00 -1.023499999999999942e-05
-3.500000000000031974e+00 -1.010400000000000016e-05
-3.480000000000032401e+00 -9.954499999999999305e-06
-3.460000000000032827e+00 -9.814799999999999610e-06
-3.440000000000033253e+00 -9.671300000000000052e-06
-3.420000000000033680e+00 -9.527900000000000713e-06
-3.400000000000034106e+00 -9.391499999999999783e-06
-3.380000000000034532e+00 -9.255499999999999730e-06
-3.360000000000034959e+00 -9.120000000000000773e-06
-3.340000000000035385e+00 -8.988199999999999765e-06
-3.320000000000035811e+00 -8.855500000000000172e-06
-3.300000000000036238e+00 -8.726099999999999344e-06
-3.280000000000036664e+00 -8.600800000000000730e-06
-3.260000000000037090e+00 -8.473699999999999863e-06
-3.240000000000037517e+00 -8.346999999999999873e-06
-3.220000000000037943e+00 -8.222200000000000662e-06
-3.200000000000038369e+00 -8.100700000000000215e-06
-3.180000000000038796e+00 -7.979600000000000646e-06
-3.160000000000039222e+00 -7.860799999999999344e-06
-3.140000000000039648e+00 -7.744399999999999917e-06
-3.120000000000040075e+00 -7.625399999999999870e-06
-3.100000000000040501e+00 -7.511799999999999806e-06
-3.080000000000040927e+00 -7.399399999999999832e-06
-3.060000000000041354e+00 -7.289500000000000257e-06
-3.040000000000041780e+00 -7.177500000000000313e-06
-3.020000000000042206e+00 -7.069399999999999603e-06
-3.000000000000042633e+00 -6.959500000000000029e-06
-2.980000000000043059e+00 -6.854999999999999589e-06
-2.960000000000043485e+00 -6.749999999999999747e-06
-2.940000000000043912e+00 -6.642900000000000383e-06
-2.920000000000044338e+00 -6.539499999999999815e-06
-2.900000000000044764e+00 -6.438000000000000024e-06
-2.880000000000045191e+00 -6.337899999999999915e-06
-2.860000000000045617e+00 -6.241000000000000047e-06
-2.840000000000046043e+00 -6.146999999999999761e-06
-2.820000000000046469e+00 -6.049900000000000301e-06
-2.800000000000046896e+00 -5.955300000000000394e-06
-2.780000000000047322e+00 -5.861499999999999699e-06
-2.760000000000047748e+00 -5.772299999999999774e-06
-2.740000000000048175e+00 -5.679899999999999608e-06
-2.720000000000048601e+00 -5.593499999999999894e-06
-2.700000000000049027e+00 -5.503399999999999689e-06
-2.680000000000049454e+00 -5.417500000000000223e-06
-2.660000000000049880e+00 -5.330900000000000070e-06
-2.640000000000050306e+00 -5.248000000000000406e-06
-2.620000000000050733e+00 -5.167399999999999857e-06
-2.600000000000051159e+00 -5.082500000000000043e-06
-2.580000000000051585e+00 -5.002799999999999772e-06
-2.560000000000052012e+00 -4.921999999999999631e-06
-2.540000000000052438e+00 -4.843299999999999859e-06
-2.520000000000052864e+00 -4.766500000000000019e-06
-2.500000000000053291e+00 -4.692500000000000389e-06
-2.480000000000053717e+00 -4.617500000000000260e-06
-2.460000000000054143e+00 -4.542500000000000131e-06
-2.440000000000054570e+00 -4.471999999999999704e-06
-2.420000000000054996e+00 -4.398900000000000354e-06
-2.400000000000055422e+00 -4.327899999999999678e-06
-2.380000000000055849e+00 -4.256399999999999600e-06
-2.360000000000056275e+00 -4.191400000000000223e-06
-2.340000000000056701e+00 -4.121999999999999667e-06
-2.320000000000057128e+00 -4.052000000000000338e-06
-2.300000000000057554e+00 -3.987000000000000113e-06
-2.280000000000057980e+00 -3.921599999999999858e-06
-2.260000000000058407e+00 -3.857099999999999883e-06
-2.240000000000058833e+00 -3.792900000000000142e-06
-2.220000000000059259e+00 -3.733000000000000088e-06
-2.200000000000059686e+00 -3.668900000000000143e-06
-2.180000000000060112e+00 -3.609400000000000120e-06
-2.160000000000060538e+00 -3.548000000000000166e-06
-2.140000000000060965e+00 -3.490899999999999899e-06
-2.120000000000061391e+00 -3.432500000000000170e-06
-2.100000000000061817e+00 -3.374399999999999829e-06
-2.080000000000062244e+00 -3.317900000000000031e-06
-2.060000000000062670e+00 -3.262999999999999930e-06
-2.040000000000063096e+00 -3.207500000000000207e-06
-2.020000000000063523e+00 -3.154500000000000037e-06
-2.000000000000063949e+00 -3.103999999999999843e-06
-1.980000000000064375e+00 -3.050000000000000021e-06
-1.960000000000064801e+00 -2.997500000000000100e-06
-1.940000000000065228e+00 -2.948499999999999807e-06
-1.920000000000065654e+00 -2.897500000000000210e-06
-1.900000000000066080e+00 -2.846500000000000190e-06
-1.880000000000066507e+00 -2.798999999999999798e-06
-1.860000000000066933e+00 -2.750399999999999959e-06
-1.840000000000067359e+00 -2.705500000000000185e-06
-1.820000000000067786e+00 -2.656000000000000066e-06
-1.800000000000068212e+00 -2.611000000000000073e-06
-1.780000000000068638e+00 -2.567400000000000186e-06
-1.760000000000069065e+00 -2.524900000000000169e-06
-1.740000000000069491e+00 -2.480899999999999828e-06
-1.720000000000069917e+00 -2.436899999999999911e-06
-1.700000000000070344e+00 -2.393500000000000038e-06
-1.680000000000070770e+00 -2.351499999999999848e-06
-1.660000000000071196e+00 -2.310999999999999981e-06
-1.640000000000071623e+00 -2.270999999999999941e-06
-1.620000000000072049e+00 -2.229900000000000029e-06
-1.600000000000072475e+00 -2.193499999999999836e-06
-1.580000000000072902e+00 -2.151900000000000098e-06
-1.560000000000073328e+00 -2.112900000000000133e-06
-1.540000000000073754e+00 -2.077399999999999795e-06
-1.520000000000074181e+00 -2.041000000000000025e-06
-1.500000000000074607e+00 -2.003499999999999961e-06
-1.480000000000075033e+00 -1.967499999999999797e-06
-1.460000000000075460e+00 -1.932999999999999958e-06
-1.440000000000075886e+00 -1.896499999999999969e-06
-1.420000000000076312e+00 -1.860500000000000017e-06
-1.400000000000076739e+00 -1.825999999999999966e-06
-1.380000000000077165e+00 -1.793500000000000065e-06
-1.360000000000077591e+00 -1.761499999999999991e-06
-1.340000000000078018e+00 -1.728500000000000053e-06
-1.320000000000078444e+00 -1.695999999999999940e-06
-1.300000000000078870e+00 -1.664000000000000077e-06
-1.280000000000079297e+00 -1.630999999999999927e-06
-1.260000000000079723e+00 -1.598500000000000027e-06
-1.240000000000080149e+00 -1.568500000000000102e-06
-1.220000000000080576e+00 -1.542000000000000017e-06
-1.200000000000081002e+00 -1.509499999999999905e-06
-1.180000000000081428e+00 -1.478999999999999943e-06
-1.160000000000081855e+00 -1.450499999999999919e-06
-1.140000000000082281e+00 -1.423500000000000008e-06
-1.120000000000082707e+00 -1.396999999999999923e-06
-1.100000000000083134e+00 -1.365999999999999923e-06
-1.080000000000083560e+00 -1.339000000000000012e-06
-1.060000000000083986e+00 -1.310499999999999989e-06
-1.040000000000084412e+00 -1.282500000000000003e-06
-1.020000000000084839e+00 -1.255500000000000092e-06
-1.000000000000085265e+00 -1.226500000000000031e-06
-9.800000000000856915e-01 -1.202499999999999922e-06
-9.600000000000861178e-01 -1.180499999999999963e-06
-9.400000000000865441e-01 -1.149499999999999963e-06
-9.200000000000869704e-01 -1.124499999999999991e-06
-9.000000000000873968e-01 -1.095499999999999930e-06
-8.800000000000878231e-01 -1.072000000000000070e-06
-8.600000000000882494e-01 -1.047499999999999923e-06
-8.400000000000886757e-01 -1.022999999999999989e-06
-8.200000000000891021e-01 -9.995399999999999625e-07
-8.000000000000895284e-01 -9.750999999999999899e-07
-7.800000000000899547e-01 -9.506699999999999756e-07
-7.600000000000903810e-01 -9.261399999999999538e-07
-7.400000000000908074e-01 -9.024199999999999505e-07
-7.200000000000912337e-01 -8.784399999999999700e-07
-7.000000000000916600e-01 -8.546300000000000235e-07
-6.800000000000920863e-01 -8.308800000000000391e-07
-6.600000000000925127e-01 -8.072199999999999980e-07
-6.400000000000929390e-01 -7.837899999999999530e-07
-6.200000000000933653e-01 -7.603399999999999912e-07
-6.000000000000937916e-01 -7.369400000000000331e-07
-5.800000000000942180e-01 -7.134800000000000070e-07
-5.600000000000946443e-01 -6.901400000000000111e-07
-5.400000000000950706e-01 -6.668299999999999962e-07
-5.200000000000954969e-01 -6.435999999999999662e-07
-5.000000000000959233e-01 -6.202000000000000081e-07
-4.800000000000963496e-01 -5.969800000000000424e-07
-4.600000000000967759e-01 -5.735799999999999785e-07
-4.400000000000972022e-01 -5.502399999999999826e-07
-4.200000000000976286e-01 -5.267799999999999564e-07
-4.000000000000980549e-01 -5.032099999999999644e-07
-3.800000000000984812e-01 -4.799800000000000403e-07
-3.600000000000989075e-01 -4.563900000000000256e-07
-3.400000000000993339e-01 -4.324400000000000262e-07
-3.200000000000997602e-01 -4.086499999999999965e-07
-3.000000000001001865e-01 -3.845499999999999858e-07
-2.800000000001006129e-01 -3.602500000000000131e-07
-2.600000000001010392e-01 -3.357999999999999761e-07
-2.400000000001014655e-01 -3.112899999999999770e-07
-2.200000000001018918e-01 -2.864400000000000159e-07
-2.000000000001023182e-01 -2.615000000000000056e-07
-1.800000000001027445e-01 -2.362000000000000107e-07
-1.600000000001031708e-01 -2.107500000000000045e-07
-1.400000000001035971e-01 -1.851000000000000097e-07
-1.200000000001040235e-01 -1.591999999999999962e-07
-1.000000000001044498e-01 -1.329500000000000093e-07
-8.000000000010487611e-02 -1.064500000000000036e-07
-6.000000000010530243e-02 -7.960600000000000490e-08
-4.000000000010572876e-02 -5.254499999999999836e-08
-2.000000000010615508e-02 -2.497000000000000125e-08
-1.065814103640150279e-13 2.722500000000000059e-09
1.999999999989299226e-02 3.090999999999999686e-08
3.999999999989256594e-02 5.945599999999999983e-08
5.999999999989213961e-02 8.844599999999999670e-08
7.999999999989171329e-02 1.177500000000000055e-07
9.999999999989128696e-02 1.475499999999999944e-07
1.199999999998908606e-01 1.776500000000000059e-07
1.399999999998904343e-01 2.080499999999999869e-07
1.599999999998900080e-01 2.390400000000000017e-07
1.799999999998895817e-01 2.703899999999999747e-07
1.999999999998891553e-01 3.023500000000000042e-07
2.199999999998887290e-01 3.348399999999999993e-07
2.399999999998883027e-01 3.676999999999999905e-07
2.599999999998878764e-01 4.010399999999999965e-07
2.799999999998874500e-01 4.349400000000000023e-07
2.999999999998870237e-01 4.694400000000000002e-07
3.199999999998865974e-01 5.043999999999999903e-07
3.399999999998861711e-01 5.399899999999999536e-07
3.599999999998857447e-01 5.760499999999999735e-07
3.799999999998853184e-01 6.125800000000000498e-07
3.999999999998848921e-01 6.499500000000000198e-07
4.199999999998844658e-01 6.877200000000000198e-07
4.399999999998840394e-01 7.265499999999999513e-07
4.599999999998836131e-01 7.657500000000000376e-07
4.799999999998831868e-01 8.055300000000000404e-07
4.999999999998827604e-01 8.461899999999999823e-07
5.199999999998823341e-01 8.871399999999999884e-07
5.399999999998819078e-01 9.292199999999999523e-07
5.599999999998814815e-01 9.718399999999999991e-07
5.799999999998810551e-01 1.015300000000000045e-06
5.999999999998806288e-01 1.060000000000000016e-06
6.199999999998802025e-01 1.103999999999999933e-06
6.399999999998797762e-01 1.148000000000000062e-06
6.599999999998793498e-01 1.196499999999999895e-06
6.799999999998789235e-01 1.241999999999999925e-06
6.999999999998784972e-01 1.290499999999999969e-06
7.199999999998780709e-01 1.335499999999999961e-06
7.399999999998776445e-01 1.390999999999999896e-06
7.599999999998772182e-01 1.439999999999999977e-06
7.799999999998767919e-01 1.492000000000000072e-06
7.999999999998763656e-01 1.543000000000000092e-06
8.199999999998759392e-01 1.596500000000000088e-06
8.399999999998755129e-01 1.654499999999999999e-06
8.599999999998750866e-01 1.709999999999999933e-06
8.799999999998746603e-01 1.764500000000000004e-06
8.999999999998742339e-01 1.823499999999999990e-06
9.199999999998738076e-01 1.880500000000000037e-06
9.399999999998733813e-01 1.941499999999999961e-06
9.599999999998729550e-01 2.003499999999999961e-06
9.799999999998725286e-01 2.060399999999999789e-06
9.999999999998721023e-01 2.127000000000000134e-06
1.019999999999871676e+00 2.190900000000000064e-06
1.039999999999871250e+00 2.254500000000000183e-06
1.059999999999870823e+00 2.323000000000000036e-06
1.079999999999870397e+00 2.390899999999999843e-06
1.099999999999869971e+00 2.458499999999999840e-06
1.119999999999869544e+00 2.528999999999999842e-06
1.139999999999869118e+00 2.598500000000000193e-06
1.159999999999868692e+00 2.674499999999999974e-06
1.179999999999868265e+00 2.748900000000000058e-06
1.199999999999867839e+00 2.822900000000000111e-06
1.219999999999867413e+00 2.901999999999999913e-06
1.239999999999866986e+00 2.977400000000000072e-06
1.259999999999866560e+00 3.059999999999999925e-06
1.279999999999866134e+00 3.137999999999999856e-06
1.299999999999865707e+00 3.219000000000000012e-06
1.319999999999865281e+00 3.301399999999999850e-06
1.339999999999864855e+00 3.386500000000000102e-06
1.359999999999864428e+00 3.473899999999999892e-06
1.379999999999864002e+00 3.562399999999999977e-06
1.399999999999863576e+00 3.651500000000000106e-06
1.419999999999863149e+00 3.742999999999999993e-06
1.439999999999862723e+00 3.832399999999999933e-06
1.459999999999862297e+00 3.927399999999999870e-06
1.479999999999861870e+00 4.021400000000000156e-06
1.499999999999861444e+00 4.119500000000000115e-06
1.519999999999861018e+00 4.215899999999999734e-06
1.539999999999860592e+00 4.316500000000000092e-06
1.559999999999860165e+00 4.417999999999999883e-06
1.579999999999859739e+00 4.519899999999999703e-06
1.599999999999859313e+00 4.622399999999999992e-06
1.619999999999858886e+00 4.733000000000000255e-06
1.639999999999858460e+00 4.839900000000000028e-06
1.659999999999858034e+00 4.945599999999999710e-06
1.679999999999857607e+00 5.057599999999999654e-06
1.699999999999857181e+00 5.169999999999999628e-06
1.719999999999856755e+00 5.285000000000000221e-06
1.739999999999856328e+00 5.400999999999999619e-06
1.759999999999855902e+00 5.519999999999999666e-06
1.779999999999855476e+00 5.638900000000000340e-06
1.799999999999855049e+00 5.760900000000000188e-06
1.819999999999854623e+00 5.884299999999999718e-06
1.839999999999854197e+00 6.010500000000000306e-06
1.859999999999853770e+00 6.134400000000000085e-06
1.879999999999853344e+00 6.265899999999999588e-06
1.899999999999852918e+00 6.395900000000000038e-06
1.919999999999852491e+00 6.527400000000000388e-06
1.939999999999852065e+00 6.661999999999999912e-06
1.959999999999851639e+00 6.799399999999999647e-06
1.979999999999851212e+00 6.936500000000000418e-06
1.999999999999850786e+00 7.075500000000000273e-06
2.019999999999850360e+00 7.218499999999999582e-06
2.039999999999849933e+00 7.362400000000000017e-06
2.059999999999849507e+00 7.510900000000000374e-06
2.079999999999849081e+00 7.660600000000000821e-06
2.099999999999848654e+00 7.808199999999999204e-06
2.119999999999848228e+00 7.961000000000000520e-06
2.139999999999847802e+00 8.117399999999999564e-06
2.159999999999847375e+00 8.273399999999999426e-06
2.179999999999846949e+00 8.432200000000000345e-06
2.199999999999846523e+00 8.591899999999999849e-06
2.219999999999846096e+00 8.755399999999999216e-06
2.239999999999845670e+00 8.921599999999999420e-06
2.259999999999845244e+00 9.087899999999999844e-06
2.279999999999844817e+00 9.262000000000000430e-06
2.299999999999844391e+00 9.432499999999999899e-06
2.319999999999843965e+00 9.607500000000000764e-06
2.339999999999843538e+00 9.786799999999999200e-06
2.359999999999843112e+00 9.963799999999999369e-06
2.379999999999842686e+00 1.014900000000000058e-05
2.399999999999842260e+00 1.033200000000000035e-05
2.419999999999841833e+00 1.051500000000000012e-05
2.439999999999841407e+00 1.069999999999999920e-05
2.459999999999840981e+00 1.089499999999999987e-05
2.479999999999840554e+00 1.109000000000000055e-05
2.499999999999840128e+00 1.129000000000000033e-05
2.519999999999839702e+00 1.149000000000000010e-05
2.539999999999839275e+00 1.169999999999999979e-05
2.559999999999838849e+00 1.189999999999999957e-05
2.579999999999838423e+00 1.210999999999999925e-05
2.599999999999837996e+00 1.232499999999999973e-05
2.619999999999837570e+00 1.254000000000000022e-05
2.639999999999837144e+00 1.275999999999999980e-05
2.659999999999836717e+00 1.298500000000000019e-05
2.679999999999836291e+00 1.320499999999999978e-05
2.699999999999835865e+00 1.343499999999999927e-05
2.719999999999835438e+00 1.366500000000000046e-05
2.739999999999835012e+00 1.389499999999999995e-05
2.759999999999834586e+00 1.413499999999999934e-05
2.779999999999834159e+00 1.437999999999999954e-05
2.799999999999833733e+00 1.462499999999999974e-05
2.819999999999833307e+00 1.487500000000000073e-05
2.839999999999832880e+00 1.511999999999999923e-05
2.859999999999832454e+00 1.537999999999999844e-05
2.879999999999832028e+00 1.563999999999999933e-05
2.899999999999831601e+00 1.590000000000000023e-05
2.919999999999831175e+00 1.617500000000000014e-05
2.939999999999830749e+00 1.643500000000000104e-05
2.959999999999830322e+00 1.671999999999999916e-05
2.979999999999829896e+00 1.699499999999999907e-05
2.999999999999829470e+00 1.727499999999999977e-05
3.019999999999829043e+00 1.756499999999999869e-05
3.039999999999828617e+00 1.785999999999999841e-05
3.059999999999828191e+00 1.815000000000000071e-05
3.079999999999827764e+00 1.844500000000000043e-05
3.099999999999827338e+00 1.874899999999999955e-05
3.119999999999826912e+00 1.905499999999999967e-05
3.139999999999826485e+00 1.936999999999999920e-05
3.159999999999826059e+00 1.968000000000000131e-05
3.179999999999825633e+00 2.000000000000000164e-05
3.199999999999825206e+00 2.033000000000000017e-05
3.219999999999824780e+00 2.065999999999999871e-05
3.239999999999824354e+00 2.099000000000000063e-05
3.259999999999823928e+00 2.133000000000000076e-05
3.279999999999823501e+00 2.166400000000000129e-05
3.299999999999823075e+00 2.201999999999999924e-05
3.319999999999822649e+00 2.236500000000000017e-05
3.339999999999822222e+00 2.271999999999999931e-05
3.359999999999821796e+00 2.307999999999999925e-05
3.379999999999821370e+00 2.343999999999999919e-05
3.399999999999820943e+00 2.381500000000000153e-05
3.419999999999820517e+00 2.419000000000000048e-05
3.439999999999820091e+00 2.456499999999999943e-05
3.459999999999819664e+00 2.494499999999999918e-05
3.479999999999819238e+00 2.532999999999999973e-05
3.499999999999818812e+00 2.571899999999999889e-05
3.519999999999818385e+00 2.612000000000000064e-05
3.539999999999817959e+00 2.651900000000000139e-05
3.559999999999817533e+00 2.692500000000000056e-05
3.579999999999817106e+00 2.733999999999999912e-05
3.599999999999816680e+00 2.775399999999999889e-05
3.619999999999816254e+00 2.818000000000000124e-05
3.639999999999815827e+00 2.860500000000000141e-05
3.659999999999815401e+00 2.903999999999999979e-05
3.679999999999814975e+00 2.947399999999999936e-05
3.699999999999814548e+00 2.992000000000000153e-05
3.719999999999814122e+00 3.035899999999999851e-05
3.739999999999813696e+00 3.081899999999999749e-05
3.759999999999813269e+00 3.127399999999999907e-05
3.779999999999812843e+00 3.173900000000000224e-05
3.799999999999812417e+00 3.220900000000000282e-05
3.819999999999811990e+00 3.268400000000000081e-05
3.839999999999811564e+00 3.316400000000000299e-05
3.859999999999811138e+00 3.365400000000000000e-05
3.879999999999810711e+00 3.414399999999999700e-05
3.899999999999810285e+00 3.464499999999999779e-05
3.919999999999809859e+00 3.515000000000000058e-05
3.939999999999809432e+00 3.566000000000000078e-05
3.959999999999809006e+00 3.618000000000000258e-05
3.979999999999808580e+00 3.669999999999999760e-05
3.999999999999808153e+00 3.723400000000000299e-05
4.019999999999807727e+00 3.776500000000000180e-05
4.039999999999807301e+00 3.830900000000000201e-05
4.059999999999806874e+00 3.886399999999999924e-05
4.079999999999806448e+00 3.941500000000000125e-05
4.099999999999806022e+00 3.998499999999999749e-05
4.119999999999805596e+00 4.055500000000000050e-05
4.139999999999805169e+00 4.112899999999999873e-05
4.159999999999804743e+00 4.171400000000000075e-05
4.179999999999804317e+00 4.229900000000000278e-05
4.199999999999803890e+00 4.289999999999999922e-05
4.219999999999803464e+00 4.350000000000000026e-05
4.239999999999803038e+00 4.410900000000000069e-05
4.259999999999802611e+00 4.473000000000000034e-05
4.279999999999802185e+00 4.535500000000000198e-05
4.299999999999801759e+00 4.598500000000000103e-05
4.319999999999801332e+00 4.661999999999999749e-05
4.339999999999800906e+00 4.726999999999999974e-05
4.359999999999800480e+00 4.792000000000000198e-05
4.379999999999800053e+00 4.857399999999999945e-05
4.399999999999799627e+00 4.924500000000000031e-05
4.419999999999799201e+00 4.991900000000000097e-05
4.439999999999798774e+00 5.059900000000000124e-05
4.459999999999798348e+00 5.129500000000000270e-05
4.479999999999797922e+00 5.198400000000000237e-05
4.499999999999797495e+00 5.269400000000000066e-05
4.519999999999797069e+00 5.339999999999999695e-05
4.539999999999796643e+00 5.411399999999999723e-05
4.559999999999796216e+00 5.484399999999999871e-05
4.579999999999795790e+00 5.557400000000000019e-05
4.599999999999795364e+00 5.631499999999999869e-05
4.619999999999794937e+00 5.706400000000000117e-05
4.639999999999794511e+00 5.782400000000000067e-05
4.659999999999794085e+00 5.859499999999999718e-05
4.679999999999793658e+00 5.935899999999999868e-05
4.699999999999793232e+00 6.013900000000000138e-05
4.719999999999792806e+00 6.092899999999999889e-05
4.739999999999792379e+00 6.170900000000000159e-05
4.759999999999791953e+00 6.251400000000000489e-05
4.779999999999791527e+00 6.331899999999999465e-05
4.799999999999791100e+00 6.414600000000000553e-05
4.819999999999790674e+00 6.496899999999999409e-05
4.839999999999790248e+00 6.580000000000000020e-05
4.859999999999789821e+00 6.664499999999999634e-05
4.879999999999789395e+00 6.749799999999999648e-05
4.899999999999788969e+00 6.835900000000000060e-05
4.919999999999788542e+00 6.922299999999999775e-05
4.939999999999788116e+00 7.010200000000000068e-05
4.959999999999787690e+00 7.098499999999999884e-05
4.979999999999787264e+00 7.187899999999999400e-05
4.999999999999786837e+00 7.276999999999999615e-05
