-5.000000000000000000e+00 -5.417500000000000223e-05
-4.980000000000000426e+00 -5.353999999999999900e-05
-4.960000000000000853e+00 -5.290999999999999995e-05
-4.940000000000001279e+00 -5.229900000000000190e-05
-4.920000000000001705e+00 -5.170000000000000306e-05
-4.900000000000002132e+00 -5.109400000000000242e-05
-4.880000000000002558e+00 -5.049400000000000139e-05
-4.860000000000002984e+00 -4.990400000000000196e-05
-4.840000000000003411e+00 -4.931499999999999794e-05
-4.820000000000003837e+00 -4.872900000000000050e-05
-4.800000000000004263e+00 -4.815899999999999749e-05
-4.780000000000004690e+00 -4.758499999999999926e-05
-4.760000000000005116e+00 -4.701899999999999824e-05
-4.740000000000005542e+00 -4.645399999999999942e-05
-4.720000000000005969e+00 -4.589900000000000219e-05
-4.700000000000006395e+00 -4.535500000000000198e-05
-4.680000000000006821e+00 -4.480999999999999957e-05
-4.660000000000007248e+00 -4.426899999999999916e-05
-4.640000000000007674e+00 -4.373500000000000055e-05
-4.620000000000008100e+00 -4.319999999999999974e-05
-4.600000000000008527e+00 -4.267900000000000253e-05
-4.580000000000008953e+00 -4.216500000000000033e-05
-4.560000000000009379e+00 -4.164900000000000053e-05
-4.540000000000009805e+00 -4.114399999999999774e-05
-4.520000000000010232e+00 -4.063499999999999973e-05
-4.500000000000010658e+00 -4.013399999999999894e-05
-4.480000000000011084e+00 -3.965000000000000154e-05
-4.460000000000011511e+00 -3.916999999999999936e-05
-4.440000000000011937e+00 -3.867000000000000076e-05
-4.420000000000012363e+00 -3.819500000000000277e-05
-4.400000000000012790e+00 -3.771999999999999800e-05
-4.380000000000013216e+00 -3.725500000000000160e-05
-4.360000000000013642e+00 -3.678500000000000102e-05
-4.340000000000014069e+00 -3.632500000000000204e-05
-4.320000000000014495e+00 -3.586899999999999827e-05
-4.300000000000014921e+00 -3.542000000000000308e-05
-4.280000000000015348e+00 -3.496399999999999931e-05
-4.260000000000015774e+00 -3.453000000000000313e-05
-4.240000000000016200e+00 -3.409400000000000256e-05
-4.220000000000016627e+00 -3.366499999999999701e-05
-4.200000000000017053e+00 -3.323500000000000282e-05
-4.180000000000017479e+00 -3.280500000000000186e-05
-4.160000000000017906e+00 -3.238999999999999990e-05
-4.140000000000018332e+00 -3.197400000000000253e-05
-4.120000000000018758e+00 -3.156999999999999759e-05
-4.100000000000019185e+00 -3.115999999999999982e-05
-4.080000000000019611e+00 -3.075999999999999687e-05
-4.060000000000020037e+00 -3.036500000000000150e-05
-4.040000000000020464e+00 -2.997500000000000015e-05
-4.020000000000020890e+00 -2.958400000000000000e-05
-4.000000000000021316e+00 -2.920400000000000025e-05
-3.980000000000021743e+00 -2.881999999999999851e-05
-3.960000000000022169e+00 -2.844400000000000075e-05
-3.940000000000022595e+00 -2.807500000000000140e-05
-3.920000000000023022e+00 -2.770499999999999986e-05
-3.900000000000023448e+00 -2.733999999999999912e-05
-3.880000000000023874e+00 -2.697999999999999918e-05
-3.860000000000024301e+00 -2.662500000000000004e-05
-3.840000000000024727e+00 -2.627399999999999950e-05
-3.820000000000025153e+00 -2.592400000000000116e-05
-3.800000000000025580e+00 -2.558400000000000103e-05
-3.780000000000026006e+00 -2.523999999999999890e-05
-3.760000000000026432e+00 -2.490499999999999957e-05
-3.740000000000026859e+00 -2.457000000000000023e-05
-3.720000000000027285e+00 -2.423999999999999831e-05
-3.700000000000027711e+00 -2.392499999999999878e-05
-3.680000000000028137e+00 -2.360399999999999966e-05
-3.660000000000028564e+00 -2.327899999999999853e-05
-3.640000000000028990e+00 -2.296999999999999861e-05
-3.620000000000029416e+00 -2.265400000000000028e-05
-3.600000000000029843e+00 -2.234500000000000036e-05
-3.580000000000030269e+00 -2.204400000000000104e-05
-3.560000000000030695e+00 -2.173999999999999853e-05
-3.540000000000031122e+00 -2.144499999999999881e-05
-3.520000000000031548e+00 -2.114900000000000029e-05
-3.500000000000031974e+00 -2.086000000000000018e-05
-3.480000000000032401e+00 -2.057499999999999867e-05
-3.460000000000032827e+00 -2.028499999999999975e-05
-3.440000000000033253e+00 -2.000900000000000104e-05
-3.420000000000033680e+00 -1.973499999999999994e-05
-3.400000000000034106e+00 -1.945400000000000043e-05
-3.380000000000034532e+00 -1.918500000000000012e-05
-3.360000000000034959e+00 -1.891500000000000101e-05
-3.340000000000035385e+00 -1.864999999999999931e-05
-3.320000000000035811e+00 -1.838999999999999842e-05
-3.300000000000036238e+00 -1.813000000000000091e-05
-3.280000000000036664e+00 -1.787000000000000001e-05
-3.260000000000037090e+00 -1.760900000000000030e-05
-3.240000000000037517e+00 -1.736399999999999841e-05
-3.220000000000037943e+00 -1.711999999999999872e-05
-3.200000000000038369e+00 -1.686999999999999942e-05
-3.180000000000038796e+00 -1.662999999999999833e-05
-3.160000000000039222e+00 -1.638899999999999843e-05
-3.140000000000039648e+00 -1.615500000000000033e-05
-3.120000000000040075e+00 -1.592000000000000004e-05
-3.100000000000040501e+00 -1.569000000000000055e-05
-3.080000000000040927e+00 -1.546499999999999847e-05
-3.060000000000041354e+00 -1.523999999999999978e-05
-3.040000000000041780e+00 -1.501499999999999939e-05
-3.020000000000042206e+00 -1.480000000000000060e-05
-3.000000000000042633e+00 -1.457500000000000021e-05
-2.980000000000043059e+00 -1.436500000000000053e-05
-2.960000000000043485e+00 -1.415999999999999995e-05
-2.940000000000043912e+00 -1.394499999999999947e-05
-2.920000000000044338e+00 -1.373499999999999979e-05
-2.900000000000044764e+00 -1.353500000000000001e-05
-2.880000000000045191e+00 -1.332999999999999943e-05
-2.860000000000045617e+00 -1.313500000000000045e-05
-2.840000000000046043e+00 -1.293999999999999977e-05
-2.820000000000046469e+00 -1.274500000000000079e-05
-2.800000000000046896e+00 -1.255499999999999923e-05
-2.780000000000047322e+00 -1.236499999999999935e-05
-2.760000000000047748e+00 -1.218000000000000027e-05
-2.740000000000048175e+00 -1.200000000000000030e-05
-2.720000000000048601e+00 -1.181000000000000043e-05
-2.700000000000049027e+00 -1.163499999999999956e-05
-2.680000000000049454e+00 -1.146000000000000039e-05
-2.660000000000049880e+00 -1.129000000000000033e-05
-2.640000000000050306e+00 -1.111499999999999946e-05
-2.620000000000050733e+00 -1.094499999999999939e-05
-2.600000000000051159e+00 -1.077000000000000022e-05
-2.580000000000051585e+00 -1.061000000000000006e-05
-2.560000000000052012e+00 -1.044999999999999990e-05
-2.540000000000052438e+00 -1.028500000000000063e-05
-2.520000000000052864e+00 -1.013399999999999987e-05
-2.500000000000053291e+00 -9.978200000000000451e-06
-2.480000000000053717e+00 -9.824999999999999952e-06
-2.460000000000054143e+00 -9.670399999999999772e-06
-2.440000000000054570e+00 -9.520000000000000332e-06
-2.420000000000054996e+00 -9.373300000000000533e-06
-2.400000000000055422e+00 -9.228000000000000417e-06
-2.380000000000055849e+00 -9.081800000000000021e-06
-2.360000000000056275e+00 -8.938900000000000085e-06
-2.340000000000056701e+00 -8.796800000000000208e-06
-2.320000000000057128e+00 -8.657599999999999915e-06
-2.300000000000057554e+00 -8.520200000000000180e-06
-2.280000000000057980e+00 -8.386099999999999211e-06
-2.260000000000058407e+00 -8.251099999999999656e-06
-2.240000000000058833e+00 -8.120200000000000622e-06
-2.220000000000059259e+00 -7.992600000000000353e-06
-2.200000000000059686e+00 -7.865000000000000083e-06
-2.180000000000060112e+00 -7.736499999999999535e-06
-2.160000000000060538e+00 -7.612900000000000413e-06
-2.140000000000060965e+00 -7.488999999999999787e-06
-2.120000000000061391e+00 -7.371000000000000239e-06
-2.100000000000061817e+00 -7.250400000000000073e-06
-2.080000000000062244e+00 -7.133500000000000396e-06
-2.060000000000062670e+00 -7.016800000000000310e-06
-2.040000000000063096e+00 -6.905999999999999609e-06
-2.020000000000063523e+00 -6.792400000000000392e-06
-2.000000000000063949e+00 -6.681999999999999721e-06
-1.980000000000064375e+00 -6.572299999999999738e-06
-1.960000000000064801e+00 -6.464599999999999905e-06
-1.940000000000065228e+00 -6.360500000000000343e-06
-1.920000000000065654e+00 -6.255499999999999654e-06
-1.900000000000066080e+00 -6.151400000000000092e-06
-1.880000000000066507e+00 -6.053400000000000352e-06
-1.860000000000066933e+00 -5.951899999999999715e-06
-1.840000000000067359e+00 -5.853399999999999726e-06
-1.820000000000067786e+00 -5.756499999999999858e-06
-1.800000000000068212e+00 -5.662000000000000169e-06
-1.780000000000068638e+00 -5.567899999999999664e-06
-1.760000000000069065e+00 -5.472899999999999727e-06
-1.740000000000069491e+00 -5.380500000000000408e-06
-1.720000000000069917e+00 -5.292999999999999975e-06
-1.700000000000070344e+00 -5.204499999999999891e-06
-1.680000000000070770e+00 -5.115500000000000404e-06
-1.660000000000071196e+00 -5.028900000000000251e-06
-1.640000000000071623e+00 -4.943900000000000218e-06
-1.620000000000072049e+00 -4.857599999999999875e-06
-1.600000000000072475e+00 -4.776099999999999893e-06
-1.580000000000072902e+00 -4.693399999999999821e-06
-1.560000000000073328e+00 -4.614499999999999611e-06
-1.540000000000073754e+00 -4.532500000000000226e-06
-1.520000000000074181e+00 -4.454500000000000296e-06
-1.500000000000074607e+00 -4.374399999999999995e-06
-1.480000000000075033e+00 -4.301999999999999638e-06
-1.460000000000075460e+00 -4.224899999999999987e-06
-1.440000000000075886e+00 -4.152099999999999599e-06
-1.420000000000076312e+00 -4.079400000000000279e-06
-1.400000000000076739e+00 -4.004900000000000399e-06
-1.380000000000077165e+00 -3.933400000000000321e-06
-1.360000000000077591e+00 -3.865499999999999667e-06
-1.340000000000078018e+00 -3.794400000000000043e-06
-1.320000000000078444e+00 -3.724500000000000085e-06
-1.300000000000078870e+00 -3.655900000000000013e-06
-1.280000000000079297e+00 -3.586400000000000086e-06
-1.260000000000079723e+00 -3.522500000000000156e-06
-1.240000000000080149e+00 -3.456499999999999856e-06
-1.220000000000080576e+00 -3.391399999999999835e-06
-1.200000000000081002e+00 -3.326499999999999830e-06
-1.180000000000081428e+00 -3.264499999999999831e-06
-1.160000000000081855e+00 -3.202000000000000005e-06
-1.140000000000082281e+00 -3.139900000000000210e-06
-1.120000000000082707e+00 -3.076999999999999932e-06
-1.100000000000083134e+00 -3.018999999999999809e-06
-1.080000000000083560e+00 -2.957399999999999840e-06
-1.060000000000083986e+00 -2.895500000000000060e-06
-1.040000000000084412e+00 -2.839500000000000088e-06
-1.020000000000084839e+00 -2.780499999999999891e-06
-1.000000000000085265e+00 -2.720999999999999867e-06
-9.800000000000856915e-01 -2.664500000000000069e-06
-9.600000000000861178e-01 -2.608500000000000097e-06
-9.400000000000865441e-01 -2.551900000000000080e-06
-9.200000000000869704e-01 -2.495500000000000078e-06
-9.000000000000873968e-01 -2.441000000000000007e-06
-8.800000000000878231e-01 -2.383500000000000134e-06
-8.600000000000882494e-01 -2.329899999999999919e-06
-8.400000000000886757e-01 -2.274999999999999818e-06
-8.200000000000891021e-01 -2.221400000000000026e-06
-8.000000000000895284e-01 -2.168900000000000105e-06
-7.800000000000899547e-01 -2.115000000000000079e-06
-7.600000000000903810e-01 -2.062999999999999984e-06
-7.400000000000908074e-01 -2.008499999999999913e-06
-7.200000000000912337e-01 -1.957499999999999893e-06
-7.000000000000916600e-01 -1.906500000000000085e-06
-6.800000000000920863e-01 -1.853999999999999952e-06
-6.600000000000925127e-01 -1.802499999999999895e-06
-6.400000000000929390e-01 -1.752499999999999950e-06
-6.200000000000933653e-01 -1.698499999999999916e-06
-6.000000000000937916e-01 -1.647000000000000071e-06
-5.800000000000942180e-01 -1.598500000000000027e-06
-5.600000000000946443e-01 -1.544499999999999993e-06
-5.400000000000950706e-01 -1.493499999999999973e-06
-5.200000000000954969e-01 -1.441000000000000052e-06
-5.000000000000959233e-01 -1.390000000000000032e-06
-4.800000000000963496e-01 -1.339000000000000012e-06
-4.600000000000967759e-01 -1.286500000000000092e-06
-4.400000000000972022e-01 -1.233000000000000096e-06
-4.200000000000976286e-01 -1.182499999999999901e-06
-4.000000000000980549e-01 -1.128000000000000042e-06
-3.800000000000984812e-01 -1.078000000000000097e-06
-3.600000000000989075e-01 -1.025499999999999965e-06
-3.400000000000993339e-01 -9.731700000000000778e-07
-3.200000000000997602e-01 -9.195899999999999911e-07
-3.000000000001001865e-01 -8.660699999999999724e-07
-2.800000000001006129e-01 -8.118200000000000260e-07
-2.600000000001010392e-01 -7.575399999999999925e-07
-2.400000000001014655e-01 -7.027400000000000048e-07
-2.200000000001018918e-01 -6.475000000000000475e-07
-2.000000000001023182e-01 -5.913900000000000036e-07
-1.800000000001027445e-01 -5.350999999999999674e-07
-1.600000000001031708e-01 -4.782000000000000336e-07
-1.400000000001035971e-01 -4.205399999999999792e-07
-1.200000000001040235e-01 -3.628399999999999853e-07
-1.000000000001044498e-01 -3.040500000000000260e-07
-8.000000000010487611e-02 -2.445399999999999914e-07
-6.000000000010530243e-02 -1.845499999999999949e-07
-4.000000000010572876e-02 -1.235999999999999950e-07
-2.000000000010615508e-02 -6.210399999999999813e-08
-1.065814103640150279e-13 -3.430000000000000046e-11
1.999999999989299226e-02 6.303899999999999955e-08
3.999999999989256594e-02 1.269900000000000009e-07
5.999999999989213961e-02 1.918499999999999875e-07
7.999999999989171329e-02 2.575999999999999773e-07
9.999999999989128696e-02 3.240399999999999820e-07
1.199999999998908606e-01 3.915499999999999823e-07
1.399999999998904343e-01 4.596400000000000051e-07
1.599999999998900080e-01 5.289300000000000121e-07
1.799999999998895817e-01 5.991899999999999543e-07
1.999999999998891553e-01 6.706999999999999905e-07
2.199999999998887290e-01 7.429899999999999582e-07
2.399999999998883027e-01 8.165899999999999820e-07
2.599999999998878764e-01 8.910399999999999637e-07
2.799999999998874500e-01 9.670000000000000166e-07
2.999999999998870237e-01 1.043800000000000069e-06
3.199999999998865974e-01 1.122000000000000015e-06
3.399999999998861711e-01 1.199999999999999946e-06
3.599999999998857447e-01 1.281499999999999928e-06
3.799999999998853184e-01 1.363499999999999947e-06
3.999999999998848921e-01 1.447999999999999943e-06
4.199999999998844658e-01 1.529499999999999925e-06
4.399999999998840394e-01 1.616000000000000071e-06
4.599999999998836131e-01 1.699499999999999991e-06
4.799999999998831868e-01 1.790000000000000014e-06
4.999999999998827604e-01 1.881999999999999938e-06
5.199999999998823341e-01 1.973499999999999824e-06
5.399999999998819078e-01 2.066000000000000209e-06
5.599999999998814815e-01 2.160000000000000072e-06
5.799999999998810551e-01 2.257499999999999985e-06
5.999999999998806288e-01 2.354500000000000073e-06
6.199999999998802025e-01 2.453000000000000062e-06
6.399999999998797762e-01 2.548400000000000029e-06
6.599999999998793498e-01 2.652999999999999841e-06
6.799999999998789235e-01 2.759500000000000007e-06
6.999999999998784972e-01 2.861999999999999873e-06
7.199999999998780709e-01 2.973000000000000165e-06
7.399999999998776445e-01 3.084000000000000034e-06
7.599999999998772182e-01 3.194399999999999858e-06
7.799999999998767919e-01 3.309499999999999823e-06
7.999999999998763656e-01 3.424000000000000167e-06
8.199999999998759392e-01 3.541000000000000063e-06
8.399999999998755129e-01 3.662999999999999912e-06
8.599999999998750866e-01 3.781999999999999958e-06
8.799999999998746603e-01 3.907400000000000062e-06
8.999999999998742339e-01 4.031900000000000310e-06
9.199999999998738076e-01 4.159499999999999732e-06
9.399999999998733813e-01 4.291999999999999734e-06
9.599999999998729550e-01 4.422899999999999616e-06
9.799999999998725286e-01 4.558400000000000266e-06
9.999999999998721023e-01 4.695999999999999593e-06
1.019999999999871676e+00 4.833999999999999796e-06
1.039999999999871250e+00 4.976999999999999952e-06
1.059999999999870823e+00 5.120400000000000137e-06
1.079999999999870397e+00 5.268499999999999617e-06
1.099999999999869971e+00 5.418399999999999656e-06
1.119999999999869544e+00 5.569600000000000004e-06
1.139999999999869118e+00 5.723000000000000094e-06
1.159999999999868692e+00 5.882900000000000036e-06
1.179999999999868265e+00 6.045399999999999751e-06
1.199999999999867839e+00 6.205399999999999913e-06
1.219999999999867413e+00 6.370900000000000277e-06
1.239999999999866986e+00 6.540000000000000064e-06
1.259999999999866560e+00 6.711399999999999812e-06
1.279999999999866134e+00 6.885500000000000398e-06
1.299999999999865707e+00 7.058999999999999669e-06
1.319999999999865281e+00 7.239899999999999919e-06
1.339999999999864855e+00 7.420299999999999920e-06
1.359999999999864428e+00 7.604499999999999782e-06
1.379999999999864002e+00 7.793799999999999817e-06
1.399999999999863576e+00 7.986099999999999652e-06
1.419999999999863149e+00 8.177499999999999209e-06
1.439999999999862723e+00 8.375900000000000562e-06
1.459999999999862297e+00 8.574200000000000002e-06
1.479999999999861870e+00 8.777299999999999802e-06
1.499999999999861444e+00 8.984000000000000720e-06
1.519999999999861018e+00 9.193599999999999526e-06
1.539999999999860592e+00 9.406400000000000267e-06
1.559999999999860165e+00 9.621100000000000092e-06
1.579999999999859739e+00 9.841300000000000118e-06
1.599999999999859313e+00 1.006599999999999985e-05
1.619999999999858886e+00 1.028899999999999924e-05
1.639999999999858460e+00 1.051500000000000012e-05
1.659999999999858034e+00 1.074499999999999961e-05
1.679999999999857607e+00 1.097500000000000080e-05
1.699999999999857181e+00 1.121500000000000020e-05
1.719999999999856755e+00 1.145499999999999959e-05
1.739999999999856328e+00 1.170500000000000059e-05
1.759999999999855902e+00 1.195000000000000078e-05
1.779999999999855476e+00 1.220499999999999919e-05
1.799999999999855049e+00 1.245999999999999929e-05
1.819999999999854623e+00 1.272499999999999929e-05
1.839999999999854197e+00 1.298500000000000019e-05
1.859999999999853770e+00 1.325499999999999930e-05
1.879999999999853344e+00 1.352500000000000010e-05
1.899999999999852918e+00 1.379499999999999921e-05
1.919999999999852491e+00 1.407499999999999992e-05
1.939999999999852065e+00 1.435999999999999973e-05
1.959999999999851639e+00 1.464000000000000044e-05
1.979999999999851212e+00 1.493500000000000016e-05
1.999999999999850786e+00 1.522500000000000077e-05
2.019999999999850360e+00 1.552000000000000048e-05
2.039999999999849933e+00 1.581899999999999881e-05
2.059999999999849507e+00 1.612999999999999973e-05
2.079999999999849081e+00 1.643500000000000104e-05
2.099999999999848654e+00 1.675399999999999917e-05
2.119999999999848228e+00 1.707000000000000089e-05
2.139999999999847802e+00 1.739499999999999863e-05
2.159999999999847375e+00 1.771999999999999975e-05
2.179999999999846949e+00 1.805000000000000167e-05
2.199999999999846523e+00 1.838500000000000101e-05
2.219999999999846096e+00 1.872500000000000114e-05
2.239999999999845670e+00 1.906500000000000127e-05
2.259999999999845244e+00 1.941400000000000081e-05
2.279999999999844817e+00 1.976500000000000134e-05
2.299999999999844391e+00 2.012500000000000129e-05
2.319999999999843965e+00 2.048399999999999903e-05
2.339999999999843538e+00 2.084899999999999978e-05
2.359999999999843112e+00 2.122500000000000092e-05
2.379999999999842686e+00 2.159999999999999987e-05
2.399999999999842260e+00 2.197999999999999962e-05
2.419999999999841833e+00 2.236899999999999877e-05
2.439999999999841407e+00 2.275500000000000152e-05
2.459999999999840981e+00 2.315399999999999888e-05
2.479999999999840554e+00 2.355500000000000063e-05
2.499999999999840128e+00 2.396499999999999840e-05
2.519999999999839702e+00 2.437499999999999956e-05
2.539999999999839275e+00 2.479499999999999893e-05
2.559999999999838849e+00 2.521500000000000168e-05
2.579999999999838423e+00 2.564499999999999926e-05
2.599999999999837996e+00 2.608000000000000102e-05
2.619999999999837570e+00 2.652500000000000100e-05
2.639999999999837144e+00 2.697499999999999838e-05
2.659999999999836717e+00 2.742499999999999916e-05
2.679999999999836291e+00 2.788500000000000153e-05
2.699999999999835865e+00 2.833999999999999971e-05
2.719999999999835438e+00 2.881500000000000109e-05
2.739999999999835012e+00 2.928999999999999909e-05
2.759999999999834586e+00 2.977399999999999987e-05
2.779999999999834159e+00 3.026999999999999987e-05
2.799999999999833733e+00 3.076900000000000305e-05
2.819999999999833307e+00 3.126999999999999707e-05
2.839999999999832880e+00 3.177999999999999727e-05
2.859999999999832454e+00 3.230400000000000106e-05
2.879999999999832028e+00 3.282499999999999828e-05
2.899999999999831601e+00 3.335399999999999948e-05
2.919999999999831175e+00 3.389999999999999730e-05
2.939999999999830749e+00 3.444399999999999751e-05
2.959999999999830322e+00 3.499499999999999952e-05
2.979999999999829896e+00 3.555399999999999874e-05
2.999999999999829470e+00 3.611999999999999976e-05
3.019999999999829043e+00 3.669399999999999799e-05
3.039999999999828617e+00 3.727499999999999802e-05
3.059999999999828191e+00 3.786899999999999945e-05
3.079999999999827764e+00 3.846499999999999849e-05
3.099999999999827338e+00 3.906900000000000151e-05
3.119999999999826912e+00 3.968400000000000155e-05
3.139999999999826485e+00 4.030399999999999901e-05
3.159999999999826059e+00 4.093500000000000025e-05
3.179999999999825633e+00 4.156900000000000129e-05
3.199999999999825206e+00 4.223000000000000056e-05
3.219999999999824780e+00 4.288399999999999802e-05
3.239999999999824354e+00 4.354899999999999928e-05
3.259999999999823928e+00 4.420999999999999854e-05
3.279999999999823501e+00 4.489500000000000299e-05
3.299999999999823075e+00 4.557500000000000326e-05
3.319999999999822649e+00 4.627000000000000253e-05
3.339999999999822222e+00 4.696999999999999922e-05
3.359999999999821796e+00 4.767999999999999750e-05
3.379999999999821370e+00 4.839499999999999998e-05
3.399999999999820943e+00 4.912899999999999667e-05
3.419999999999820517e+00 4.985899999999999816e-05
3.439999999999820091e+00 5.060999999999999825e-05
3.459999999999819664e+00 5.135900000000000073e-05
3.479999999999819238e+00 5.211900000000000023e-05
3.499999999999818812e+00 5.289300000000000333e-05
3.519999999999818385e+00 5.367400000000000144e-05
3.539999999999817959e+00 5.445399999999999736e-05
3.559999999999817533e+00 5.525900000000000066e-05
3.579999999999817106e+00 5.606399999999999719e-05
3.599999999999816680e+00 5.687900000000000209e-05
3.619999999999816254e+00 5.770499999999999724e-05
3.639999999999815827e+00 5.854500000000000275e-05
3.659999999999815401e+00 5.938500000000000148e-05
3.679999999999814975e+00 6.023999999999999922e-05
3.699999999999814548e+00 6.109900000000000574e-05
3.719999999999814122e+00 6.195899999999999411e-05
3.739999999999813696e+00 6.284600000000000104e-05
3.759999999999813269e+00 6.373600000000000099e-05
3.779999999999812843e+00 6.463400000000000493e-05
3.799999999999812417e+00 6.554999999999999412e-05
3.819999999999811990e+00 6.647000000000000564e-05
3.839999999999811564e+00 6.740499999999999584e-05
3.859999999999811138e+00 6.834800000000000359e-05
3.879999999999810711e+00 6.930500000000000137e-05
3.899999999999810285e+00 7.027000000000000314e-05
3.919999999999809859e+00 7.124200000000000671e-05
3.939999999999809432e+00 7.223000000000000470e-05
3.959999999999809006e+00 7.322799999999999752e-05
3.979999999999808580e+00 7.423399999999999433e-05
3.999999999999808153e+00 7.525499999999999692e-05
4.019999999999807727e+00 7.629000000000000310e-05
4.039999999999807301e+00 7.731799999999999394e-05
4.059999999999806874e+00 7.838000000000000511e-05
4.079999999999806448e+00 7.944599999999999796e-05
4.099999999999806022e+00 8.051800000000000396e-05
4.119999999999805596e+00 8.160999999999999960e-05
4.139999999999805169e+00 8.270500000000000182e-05
4.159999999999804743e+00 8.381900000000000505e-05
4.179999999999804317e+00 8.493999999999999652e-05
4.199999999999803890e+00 8.608000000000000254e-05
4.219999999999803464e+00 8.722400000000000379e-05
4.239999999999803038e+00 8.838299999999999726e-05
4.259999999999802611e+00 8.955199999999999912e-05
4.279999999999802185e+00 9.074100000000000416e-05
4.299999999999801759e+00 9.193300000000000224e-05
4.319999999999801332e+00 9.314000000000000610e-05
4.339999999999800906e+00 9.436499999999999522e-05
4.359999999999800480e+00 9.559499999999999530e-05
4.379999999999800053e+00 9.683899999999999897e-05
4.399999999999799627e+00 9.809799999999999488e-05
4.419999999999799201e+00 9.936800000000000136e-05
4.439999999999798774e+00 1.006499999999999935e-04
4.459999999999798348e+00 1.019499999999999980e-04
4.479999999999797922e+00 1.032500000000000025e-04
4.499999999999797495e+00 1.045699999999999966e-04
4.519999999999797069e+00 1.057499999999999955e-04
4.539999999999796643e+00 1.071000000000000012e-04
4.559999999999796216e+00 1.084999999999999946e-04
4.579999999999795790e+00 1.097999999999999991e-04
4.599999999999795364e+00 1.112000000000000060e-04
4.619999999999794937e+00 1.125999999999999994e-04
4.639999999999794511e+00 1.140499999999999939e-04
4.659999999999794085e+00 1.154500000000000009e-04
4.679999999999793658e+00 1.168999999999999955e-04
4.699999999999793232e+00 1.183000000000000024e-04
4.719999999999792806e+00 1.197999999999999982e-04
4.739999999999792379e+00 1.212500000000000063e-04
4.759999999999791953e+00 1.227500000000000021e-04
4.779999999999791527e+00 1.242500000000000115e-04
4.799999999999791100e+00 1.257499999999999937e-04
4.819999999999790674e+00 1.273000000000000043e-04
4.839999999999790248e+00 1.288499999999999878e-04
4.859999999999789821e+00 1.303999999999999983e-04
4.879999999999789395e+00 1.319500000000000089e-04
4.899999999999788969e+00 1.335499999999999936e-04
4.919999999999788542e+00 1.351500000000000054e-04
4.939999999999788116e+00 1.367999999999999913e-04
4.959999999999787690e+00 1.384000000000000031e-04
4.979999999999787264e+00 1.400499999999999890e-04
4.999999999999786837e+00 1.417000000000000020e-04
