-5.000000000000000000e+00 -9.693599999999999483e-05
-4.980000000000000426e+00 -9.582600000000000037e-05
-4.960000000000000853e+00 -9.474899999999999696e-05
-4.940000000000001279e+00 -9.369899999999999854e-05
-4.920000000000001705e+00 -9.265899999999999495e-05
-4.900000000000002132e+00 -9.161200000000000311e-05
-4.880000000000002558e+00 -9.058000000000000350e-05
-4.860000000000002984e+00 -8.956000000000000310e-05
-4.840000000000003411e+00 -8.854299999999999573e-05
-4.820000000000003837e+00 -8.754400000000000072e-05
-4.800000000000004263e+00 -8.653800000000000392e-05
-4.780000000000004690e+00 -8.554699999999999934e-05
-4.760000000000005116e+00 -8.457499999999999578e-05
-4.740000000000005542e+00 -8.360999999999999400e-05
-4.720000000000005969e+00 -8.264900000000000100e-05
-4.700000000000006395e+00 -8.169599999999999844e-05
-4.680000000000006821e+00 -8.074899999999999548e-05
-4.660000000000007248e+00 -7.981800000000000049e-05
-4.640000000000007674e+00 -7.888999999999999854e-05
-4.620000000000008100e+00 -7.797000000000000057e-05
-4.600000000000008527e+00 -7.706499999999999483e-05
-4.580000000000008953e+00 -7.616399999999999787e-05
-4.560000000000009379e+00 -7.526599999999999393e-05
-4.540000000000009805e+00 -7.438999999999999758e-05
-4.520000000000010232e+00 -7.351899999999999863e-05
-4.500000000000010658e+00 -7.265000000000000407e-05
-4.480000000000011084e+00 -7.180499999999999437e-05
-4.460000000000011511e+00 -7.094400000000000380e-05
-4.440000000000011937e+00 -7.011000000000000467e-05
-4.420000000000012363e+00 -6.927500000000000335e-05
-4.400000000000012790e+00 -6.845599999999999645e-05
-4.380000000000013216e+00 -6.762500000000000390e-05
-4.360000000000013642e+00 -6.681299999999999880e-05
-4.340000000000014069e+00 -6.601999999999999470e-05
-4.320000000000014495e+00 -6.522600000000000197e-05
-4.300000000000014921e+00 -6.443199999999999568e-05
-4.280000000000015348e+00 -6.366499999999999438e-05
-4.260000000000015774e+00 -6.289000000000000265e-05
-4.240000000000016200e+00 -6.213000000000000315e-05
-4.220000000000016627e+00 -6.137399999999999887e-05
-4.200000000000017053e+00 -6.062899999999999838e-05
-4.180000000000017479e+00 -5.988999999999999749e-05
-4.160000000000017906e+00 -5.915400000000000318e-05
-4.140000000000018332e+00 -5.842400000000000170e-05
-4.120000000000018758e+00 -5.770799999999999704e-05
-4.100000000000019185e+00 -5.700399999999999836e-05
-4.080000000000019611e+00 -5.629999999999999968e-05
-4.060000000000020037e+00 -5.559400000000000339e-05
-4.040000000000020464e+00 -5.490499999999999694e-05
-4.020000000000020890e+00 -5.421999999999999926e-05
-4.000000000000021316e+00 -5.353999999999999900e-05
-3.980000000000021743e+00 -5.287499999999999774e-05
-3.960000000000022169e+00 -5.221900000000000267e-05
-3.940000000000022595e+00 -5.156000000000000101e-05
-3.920000000000023022e+00 -5.090999999999999877e-05
-3.900000000000023448e+00 -5.027500000000000230e-05
-3.880000000000023874e+00 -4.963899999999999687e-05
-3.860000000000024301e+00 -4.901000000000000002e-05
-3.840000000000024727e+00 -4.838000000000000097e-05
-3.820000000000025153e+00 -4.776900000000000292e-05
-3.800000000000025580e+00 -4.715499999999999829e-05
-3.780000000000026006e+00 -4.655499999999999726e-05
-3.760000000000026432e+00 -4.595500000000000301e-05
-3.740000000000026859e+00 -4.536499999999999680e-05
-3.720000000000027285e+00 -4.478000000000000155e-05
-3.700000000000027711e+00 -4.419900000000000152e-05
-3.680000000000028137e+00 -4.362500000000000329e-05
-3.660000000000028564e+00 -4.305900000000000228e-05
-3.640000000000028990e+00 -4.250000000000000305e-05
-3.620000000000029416e+00 -4.194499999999999905e-05
-3.600000000000029843e+00 -4.139900000000000123e-05
-3.580000000000030269e+00 -4.084999999999999683e-05
-3.560000000000030695e+00 -4.031500000000000280e-05
-3.540000000000031122e+00 -3.978399999999999721e-05
-3.520000000000031548e+00 -3.925500000000000278e-05
-3.500000000000031974e+00 -3.872999999999999680e-05
-3.480000000000032401e+00 -3.821399999999999699e-05
-3.460000000000032827e+00 -3.771500000000000059e-05
-3.440000000000033253e+00 -3.720999999999999780e-05
-3.420000000000033680e+00 -3.670899999999999700e-05
-3.400000000000034106e+00 -3.621499999999999801e-05
-3.380000000000034532e+00 -3.572600000000000320e-05
-3.360000000000034959e+00 -3.523899999999999922e-05
-3.340000000000035385e+00 -3.475899999999999704e-05
-3.320000000000035811e+00 -3.428900000000000323e-05
-3.300000000000036238e+00 -3.381999999999999807e-05
-3.280000000000036664e+00 -3.335999999999999908e-05
-3.260000000000037090e+00 -3.290499999999999751e-05
-3.240000000000037517e+00 -3.245500000000000012e-05
-3.220000000000037943e+00 -3.200400000000000055e-05
-3.200000000000038369e+00 -3.156399999999999798e-05
-3.180000000000038796e+00 -3.112499999999999761e-05
-3.160000000000039222e+00 -3.070000000000000083e-05
-3.140000000000039648e+00 -3.026999999999999987e-05
-3.120000000000040075e+00 -2.985000000000000050e-05
-3.100000000000040501e+00 -2.943399999999999974e-05
-3.080000000000040927e+00 -2.901999999999999998e-05
-3.060000000000041354e+00 -2.862000000000000042e-05
-3.040000000000041780e+00 -2.821400000000000126e-05
-3.020000000000042206e+00 -2.781500000000000050e-05
-3.000000000000042633e+00 -2.742499999999999916e-05
-2.980000000000043059e+00 -2.703399999999999900e-05
-2.960000000000043485e+00 -2.665000000000000065e-05
-2.940000000000043912e+00 -2.625499999999999850e-05
-2.920000000000044338e+00 -2.588500000000000035e-05
-2.900000000000044764e+00 -2.551400000000000000e-05
-2.880000000000045191e+00 -2.514500000000000066e-05
-2.860000000000045617e+00 -2.477999999999999992e-05
-2.840000000000046043e+00 -2.442500000000000077e-05
-2.820000000000046469e+00 -2.407000000000000163e-05
-2.800000000000046896e+00 -2.371999999999999990e-05
-2.780000000000047322e+00 -2.337000000000000156e-05
-2.760000000000047748e+00 -2.303000000000000142e-05
-2.740000000000048175e+00 -2.269399999999999990e-05
-2.720000000000048601e+00 -2.235999999999999937e-05
-2.700000000000049027e+00 -2.203500000000000163e-05
-2.680000000000049454e+00 -2.171000000000000051e-05
-2.660000000000049880e+00 -2.138499999999999939e-05
-2.640000000000050306e+00 -2.106999999999999986e-05
-2.620000000000050733e+00 -2.075500000000000034e-05
-2.600000000000051159e+00 -2.044399999999999942e-05
-2.580000000000051585e+00 -2.014000000000000030e-05
-2.560000000000052012e+00 -1.983999999999999978e-05
-2.540000000000052438e+00 -1.953999999999999926e-05
-2.520000000000052864e+00 -1.924499999999999955e-05
-2.500000000000053291e+00 -1.896000000000000143e-05
-2.480000000000053717e+00 -1.866999999999999912e-05
-2.460000000000054143e+00 -1.838500000000000101e-05
-2.440000000000054570e+00 -1.811000000000000110e-05
-2.420000000000054996e+00 -1.783899999999999980e-05
-2.400000000000055422e+00 -1.756000000000000128e-05
-2.380000000000055849e+00 -1.730000000000000038e-05
-2.360000000000056275e+00 -1.703499999999999868e-05
-2.340000000000056701e+00 -1.676900000000000157e-05
-2.320000000000057128e+00 -1.652000000000000107e-05
-2.300000000000057554e+00 -1.626500000000000097e-05
-2.280000000000057980e+00 -1.601500000000000167e-05
-2.260000000000058407e+00 -1.576499999999999898e-05
-2.240000000000058833e+00 -1.552000000000000048e-05
-2.220000000000059259e+00 -1.527999999999999939e-05
-2.200000000000059686e+00 -1.504500000000000080e-05
-2.180000000000060112e+00 -1.481000000000000051e-05
-2.160000000000060538e+00 -1.458500000000000012e-05
-2.140000000000060965e+00 -1.435500000000000063e-05
-2.120000000000061391e+00 -1.413000000000000024e-05
-2.100000000000061817e+00 -1.391000000000000065e-05
-2.080000000000062244e+00 -1.369500000000000017e-05
-2.060000000000062670e+00 -1.347500000000000058e-05
-2.040000000000063096e+00 -1.326499999999999920e-05
-2.020000000000063523e+00 -1.305499999999999952e-05
-2.000000000000063949e+00 -1.285000000000000064e-05
-1.980000000000064375e+00 -1.264999999999999916e-05
-1.960000000000064801e+00 -1.244500000000000028e-05
-1.940000000000065228e+00 -1.224999999999999960e-05
-1.920000000000065654e+00 -1.205500000000000062e-05
-1.900000000000066080e+00 -1.185999999999999995e-05
-1.880000000000066507e+00 -1.167499999999999918e-05
-1.860000000000066933e+00 -1.148499999999999931e-05
-1.840000000000067359e+00 -1.130499999999999933e-05
-1.820000000000067786e+00 -1.112000000000000026e-05
-1.800000000000068212e+00 -1.094000000000000029e-05
-1.780000000000068638e+00 -1.076499999999999942e-05
-1.760000000000069065e+00 -1.059000000000000025e-05
-1.740000000000069491e+00 -1.041499999999999939e-05
-1.720000000000069917e+00 -1.024499999999999932e-05
-1.700000000000070344e+00 -1.008899999999999946e-05
-1.680000000000070770e+00 -9.922799999999999253e-06
-1.660000000000071196e+00 -9.760699999999999569e-06
-1.640000000000071623e+00 -9.597799999999999824e-06
-1.620000000000072049e+00 -9.439000000000000599e-06
-1.600000000000072475e+00 -9.281099999999999959e-06
-1.580000000000072902e+00 -9.126499999999999779e-06
-1.560000000000073328e+00 -8.973800000000000377e-06
-1.540000000000073754e+00 -8.821999999999999561e-06
-1.520000000000074181e+00 -8.672899999999999582e-06
-1.500000000000074607e+00 -8.528100000000000562e-06
-1.480000000000075033e+00 -8.381499999999999289e-06
-1.460000000000075460e+00 -8.237600000000000548e-06
-1.440000000000075886e+00 -8.096900000000000353e-06
-1.420000000000076312e+00 -7.954000000000000417e-06
-1.400000000000076739e+00 -7.818499999999999766e-06
-1.380000000000077165e+00 -7.682000000000000311e-06
-1.360000000000077591e+00 -7.546999999999999909e-06
-1.340000000000078018e+00 -7.411900000000000136e-06
-1.320000000000078444e+00 -7.280900000000000035e-06
-1.300000000000078870e+00 -7.149499999999999904e-06
-1.280000000000079297e+00 -7.021899999999999634e-06
-1.260000000000079723e+00 -6.892000000000000251e-06
-1.240000000000080149e+00 -6.767900000000000034e-06
-1.220000000000080576e+00 -6.643799999999999816e-06
-1.200000000000081002e+00 -6.520400000000000286e-06
-1.180000000000081428e+00 -6.396999999999999909e-06
-1.160000000000081855e+00 -6.275999999999999712e-06
-1.140000000000082281e+00 -6.157899999999999945e-06
-1.120000000000082707e+00 -6.037500000000000216e-06
-1.100000000000083134e+00 -5.922099999999999593e-06
-1.080000000000083560e+00 -5.806299999999999787e-06
-1.060000000000083986e+00 -5.691599999999999852e-06
-1.040000000000084412e+00 -5.578399999999999818e-06
-1.020000000000084839e+00 -5.466900000000000123e-06
-1.000000000000085265e+00 -5.353000000000000248e-06
-9.800000000000856915e-01 -5.241499999999999706e-06
-9.600000000000861178e-01 -5.134800000000000372e-06
-9.400000000000865441e-01 -5.025000000000000170e-06
-9.200000000000869704e-01 -4.915499999999999778e-06
-9.000000000000873968e-01 -4.805900000000000014e-06
-8.800000000000878231e-01 -4.700399999999999923e-06
-8.600000000000882494e-01 -4.594499999999999802e-06
-8.400000000000886757e-01 -4.489399999999999741e-06
-8.200000000000891021e-01 -4.383000000000000218e-06
-8.000000000000895284e-01 -4.279900000000000307e-06
-7.800000000000899547e-01 -4.174899999999999618e-06
-7.600000000000903810e-01 -4.072400000000000176e-06
-7.400000000000908074e-01 -3.971399999999999788e-06
-7.200000000000912337e-01 -3.866900000000000195e-06
-7.000000000000916600e-01 -3.763500000000000050e-06
-6.800000000000920863e-01 -3.662999999999999912e-06
-6.600000000000925127e-01 -3.562399999999999977e-06
-6.400000000000929390e-01 -3.460900000000000186e-06
-6.200000000000933653e-01 -3.358900000000000146e-06
-6.000000000000937916e-01 -3.255400000000000206e-06
-5.800000000000942180e-01 -3.158000000000000088e-06
-5.600000000000946443e-01 -3.054999999999999973e-06
-5.400000000000950706e-01 -2.955000000000000083e-06
-5.200000000000954969e-01 -2.849999999999999818e-06
-5.000000000000959233e-01 -2.749500000000000103e-06
-4.800000000000963496e-01 -2.648500000000000138e-06
-4.600000000000967759e-01 -2.545399999999999804e-06
-4.400000000000972022e-01 -2.442499999999999908e-06
-4.200000000000976286e-01 -2.339899999999999823e-06
-4.000000000000980549e-01 -2.237500000000000177e-06
-3.800000000000984812e-01 -2.133400000000000191e-06
-3.600000000000989075e-01 -2.030499999999999872e-06
-3.400000000000993339e-01 -1.924000000000000129e-06
-3.200000000000997602e-01 -1.819999999999999939e-06
-3.000000000001001865e-01 -1.713499999999999984e-06
-2.800000000001006129e-01 -1.604500000000000054e-06
-2.600000000001010392e-01 -1.495499999999999912e-06
-2.400000000001014655e-01 -1.387500000000000056e-06
-2.200000000001018918e-01 -1.275999999999999938e-06
-2.000000000001023182e-01 -1.164500000000000031e-06
-1.800000000001027445e-01 -1.051500000000000012e-06
-1.600000000001031708e-01 -9.409800000000000523e-07
-1.400000000001035971e-01 -8.263500000000000376e-07
-1.200000000001040235e-01 -7.108899999999999818e-07
-1.000000000001044498e-01 -5.938899999999999797e-07
-8.000000000010487611e-02 -4.751299999999999936e-07
-6.000000000010530243e-02 -3.555499999999999776e-07
-4.000000000010572876e-02 -2.344000000000000078e-07
-2.000000000010615508e-02 -1.116499999999999972e-07
-1.065814103640150279e-13 1.218000000000000054e-08
1.999999999989299226e-02 1.382000000000000067e-07
3.999999999989256594e-02 2.655999999999999960e-07
5.999999999989213961e-02 3.949000000000000223e-07
7.999999999989171329e-02 5.255299999999999684e-07
9.999999999989128696e-02 6.583299999999999929e-07
1.199999999998908606e-01 7.926699999999999637e-07
1.399999999998904343e-01 9.282900000000000094e-07
1.599999999998900080e-01 1.066999999999999906e-06
1.799999999998895817e-01 1.208499999999999949e-06
1.999999999998891553e-01 1.350500000000000029e-06
2.199999999998887290e-01 1.493499999999999973e-06
2.399999999998883027e-01 1.639999999999999968e-06
2.599999999998878764e-01 1.788499999999999902e-06
2.799999999998874500e-01 1.936999999999999835e-06
2.999999999998870237e-01 2.090900000000000174e-06
3.199999999998865974e-01 2.245000000000000105e-06
3.399999999998861711e-01 2.404000000000000192e-06
3.599999999998857447e-01 2.561000000000000129e-06
3.799999999998853184e-01 2.722899999999999798e-06
3.999999999998848921e-01 2.886499999999999807e-06
4.199999999998844658e-01 3.056000000000000048e-06
4.399999999998840394e-01 3.225499999999999865e-06
4.599999999998836131e-01 3.397500000000000082e-06
4.799999999998831868e-01 3.575000000000000076e-06
4.999999999998827604e-01 3.751000000000000170e-06
5.199999999998823341e-01 3.933000000000000291e-06
5.399999999998819078e-01 4.119500000000000115e-06
5.599999999998814815e-01 4.302899999999999917e-06
5.799999999998810551e-01 4.491600000000000330e-06
5.999999999998806288e-01 4.684600000000000007e-06
6.199999999998802025e-01 4.882500000000000263e-06
6.399999999998797762e-01 5.078999999999999991e-06
6.599999999998793498e-01 5.278500000000000368e-06
6.799999999998789235e-01 5.487400000000000181e-06
6.999999999998784972e-01 5.695499999999999933e-06
7.199999999998780709e-01 5.905999999999999866e-06
7.399999999998776445e-01 6.122500000000000250e-06
7.599999999998772182e-01 6.342499999999999837e-06
7.799999999998767919e-01 6.564899999999999605e-06
7.999999999998763656e-01 6.790499999999999614e-06
8.199999999998759392e-01 7.022399999999999884e-06
8.399999999998755129e-01 7.256899999999999926e-06
8.599999999998750866e-01 7.492499999999999838e-06
8.799999999998746603e-01 7.734600000000000451e-06
8.999999999998742339e-01 7.978700000000000367e-06
9.199999999998738076e-01 8.231500000000000725e-06
9.399999999998733813e-01 8.484399999999999608e-06
9.599999999998729550e-01 8.742800000000000387e-06
9.799999999998725286e-01 9.005899999999999612e-06
9.999999999998721023e-01 9.272700000000000175e-06
1.019999999999871676e+00 9.546099999999999963e-06
1.039999999999871250e+00 9.820799999999999213e-06
1.059999999999870823e+00 1.010199999999999916e-05
1.079999999999870397e+00 1.038700000000000067e-05
1.099999999999869971e+00 1.067500000000000028e-05
1.119999999999869544e+00 1.097500000000000080e-05
1.139999999999869118e+00 1.127000000000000052e-05
1.159999999999868692e+00 1.157999999999999924e-05
1.179999999999868265e+00 1.188999999999999966e-05
1.199999999999867839e+00 1.220499999999999919e-05
1.219999999999867413e+00 1.252499999999999951e-05
1.239999999999866986e+00 1.284499999999999984e-05
1.259999999999866560e+00 1.317999999999999917e-05
1.279999999999866134e+00 1.351500000000000020e-05
1.299999999999865707e+00 1.384999999999999953e-05
1.319999999999865281e+00 1.419500000000000046e-05
1.339999999999864855e+00 1.454999999999999961e-05
1.359999999999864428e+00 1.490500000000000044e-05
1.379999999999864002e+00 1.526400000000000158e-05
1.399999999999863576e+00 1.563499999999999854e-05
1.419999999999863149e+00 1.599999999999999928e-05
1.439999999999862723e+00 1.637500000000000161e-05
1.459999999999862297e+00 1.675999999999999878e-05
1.479999999999861870e+00 1.714900000000000132e-05
1.499999999999861444e+00 1.754499999999999888e-05
1.519999999999861018e+00 1.794900000000000044e-05
1.539999999999860592e+00 1.835499999999999960e-05
1.559999999999860165e+00 1.876500000000000075e-05
1.579999999999859739e+00 1.917999999999999932e-05
1.599999999999859313e+00 1.960400000000000068e-05
1.619999999999858886e+00 2.003500000000000045e-05
1.639999999999858460e+00 2.047499999999999963e-05
1.659999999999858034e+00 2.091000000000000139e-05
1.679999999999857607e+00 2.135500000000000137e-05
1.699999999999857181e+00 2.180999999999999955e-05
1.719999999999856755e+00 2.227400000000000053e-05
1.739999999999856328e+00 2.273999999999999912e-05
1.759999999999855902e+00 2.321500000000000050e-05
1.779999999999855476e+00 2.369499999999999929e-05
1.799999999999855049e+00 2.417999999999999888e-05
1.819999999999854623e+00 2.467400000000000127e-05
1.839999999999854197e+00 2.516400000000000166e-05
1.859999999999853770e+00 2.567500000000000066e-05
1.879999999999853344e+00 2.619000000000000166e-05
1.899999999999852918e+00 2.670900000000000127e-05
1.919999999999852491e+00 2.723499999999999928e-05
1.939999999999852065e+00 2.776499999999999929e-05
1.959999999999851639e+00 2.830000000000000010e-05
1.979999999999851212e+00 2.884499999999999911e-05
1.999999999999850786e+00 2.940500000000000053e-05
2.019999999999850360e+00 2.996000000000000114e-05
2.039999999999849933e+00 3.052899999999999858e-05
2.059999999999849507e+00 3.110399999999999900e-05
2.079999999999849081e+00 3.168000000000000162e-05
2.099999999999848654e+00 3.227000000000000105e-05
2.119999999999848228e+00 3.287000000000000208e-05
2.139999999999847802e+00 3.347000000000000311e-05
2.159999999999847375e+00 3.407899999999999677e-05
2.179999999999846949e+00 3.469900000000000100e-05
2.199999999999846523e+00 3.532499999999999806e-05
2.219999999999846096e+00 3.596000000000000130e-05
2.239999999999845670e+00 3.659899999999999975e-05
2.259999999999845244e+00 3.725500000000000160e-05
2.279999999999844817e+00 3.791400000000000325e-05
2.299999999999844391e+00 3.857500000000000252e-05
2.319999999999843965e+00 3.924999999999999859e-05
2.339999999999843538e+00 3.993500000000000305e-05
2.359999999999843112e+00 4.061899999999999853e-05
2.379999999999842686e+00 4.132500000000000160e-05
2.399999999999842260e+00 4.203399999999999769e-05
2.419999999999841833e+00 4.275499999999999976e-05
2.439999999999841407e+00 4.347399999999999745e-05
2.459999999999840981e+00 4.421400000000000053e-05
2.479999999999840554e+00 4.495900000000000102e-05
2.499999999999840128e+00 4.571499999999999853e-05
2.519999999999839702e+00 4.647900000000000002e-05
2.539999999999839275e+00 4.725500000000000073e-05
2.559999999999838849e+00 4.802999999999999923e-05
2.579999999999838423e+00 4.882900000000000294e-05
2.599999999999837996e+00 4.963399999999999946e-05
2.619999999999837570e+00 5.045499999999999719e-05
2.639999999999837144e+00 5.126899999999999990e-05
2.659999999999836717e+00 5.210899999999999864e-05
2.679999999999836291e+00 5.295499999999999697e-05
2.699999999999835865e+00 5.379899999999999770e-05
2.719999999999835438e+00 5.466900000000000123e-05
2.739999999999835012e+00 5.554400000000000217e-05
2.759999999999834586e+00 5.642899999999999793e-05
2.779999999999834159e+00 5.733399999999999689e-05
2.799999999999833733e+00 5.824899999999999745e-05
2.819999999999833307e+00 5.916900000000000219e-05
2.839999999999832880e+00 6.010399999999999917e-05
2.859999999999832454e+00 6.105400000000000193e-05
2.879999999999832028e+00 6.201099999999999971e-05
2.899999999999831601e+00 6.298300000000000328e-05
2.919999999999831175e+00 6.396299999999999729e-05
2.939999999999830749e+00 6.495799999999999708e-05
2.959999999999830322e+00 6.596700000000000046e-05
2.979999999999829896e+00 6.698800000000000305e-05
2.999999999999829470e+00 6.801300000000000086e-05
3.019999999999829043e+00 6.905900000000000406e-05
3.039999999999828617e+00 7.011700000000000647e-05
3.059999999999828191e+00 7.119399999999999633e-05
3.079999999999827764e+00 7.227099999999999974e-05
3.099999999999827338e+00 7.336999999999999718e-05
3.119999999999826912e+00 7.448000000000000518e-05
3.139999999999826485e+00 7.560500000000000542e-05
3.159999999999826059e+00 7.674100000000000268e-05
3.179999999999825633e+00 7.789600000000000094e-05
3.199999999999825206e+00 7.907299999999999323e-05
3.219999999999824780e+00 8.025800000000000306e-05
3.239999999999824354e+00 8.145000000000000113e-05
3.259999999999823928e+00 8.264900000000000100e-05
3.279999999999823501e+00 8.387500000000000587e-05
3.299999999999823075e+00 8.510400000000000376e-05
3.319999999999822649e+00 8.634799999999999388e-05
3.339999999999822222e+00 8.760399999999999676e-05
3.359999999999821796e+00 8.887400000000000324e-05
3.379999999999821370e+00 9.017100000000000115e-05
3.399999999999820943e+00 9.147100000000000565e-05
3.419999999999820517e+00 9.278600000000000237e-05
3.439999999999820091e+00 9.411899999999999791e-05
3.459999999999819664e+00 9.546400000000000621e-05
3.479999999999819238e+00 9.682400000000000674e-05
3.499999999999818812e+00 9.819899999999999950e-05
3.519999999999818385e+00 9.958799999999999586e-05
3.539999999999817959e+00 1.009899999999999936e-04
3.559999999999817533e+00 1.024199999999999986e-04
3.579999999999817106e+00 1.038500000000000035e-04
3.599999999999816680e+00 1.052499999999999969e-04
3.619999999999816254e+00 1.067000000000000050e-04
3.639999999999815827e+00 1.081499999999999996e-04
3.659999999999815401e+00 1.096999999999999966e-04
3.679999999999814975e+00 1.111500000000000048e-04
3.699999999999814548e+00 1.127000000000000018e-04
3.719999999999814122e+00 1.142499999999999988e-04
3.739999999999813696e+00 1.157999999999999958e-04
3.759999999999813269e+00 1.173999999999999941e-04
3.779999999999812843e+00 1.189500000000000046e-04
3.799999999999812417e+00 1.206000000000000041e-04
3.819999999999811990e+00 1.221999999999999888e-04
3.839999999999811564e+00 1.238500000000000018e-04
3.859999999999811138e+00 1.254999999999999877e-04
3.879999999999810711e+00 1.272000000000000019e-04
3.899999999999810285e+00 1.288999999999999890e-04
3.919999999999809859e+00 1.306000000000000032e-04
3.939999999999809432e+00 1.323499999999999915e-04
3.959999999999809006e+00 1.341000000000000070e-04
3.979999999999808580e+00 1.357999999999999941e-04
3.999999999999808153e+00 1.376500000000000119e-04
4.019999999999807727e+00 1.394500000000000015e-04
4.039999999999807301e+00 1.412499999999999910e-04
4.059999999999806874e+00 1.431000000000000089e-04
4.079999999999806448e+00 1.449499999999999996e-04
4.099999999999806022e+00 1.468499999999999916e-04
4.119999999999805596e+00 1.487000000000000095e-04
4.139999999999805169e+00 1.506500000000000027e-04
4.159999999999804743e+00 1.525499999999999946e-04
4.179999999999804317e+00 1.544999999999999878e-04
4.199999999999803890e+00 1.565500000000000105e-04
4.219999999999803464e+00 1.585000000000000037e-04
4.239999999999803038e+00 1.604999999999999981e-04
4.259999999999802611e+00 1.625499999999999938e-04
4.279999999999802185e+00 1.645999999999999894e-04
4.299999999999801759e+00 1.666500000000000121e-04
4.319999999999801332e+00 1.687000000000000077e-04
4.339999999999800906e+00 1.708500000000000058e-04
4.359999999999800480e+00 1.730000000000000038e-04
4.379999999999800053e+00 1.751000000000000007e-04
4.399999999999799627e+00 1.772999999999999999e-04
4.419999999999799201e+00 1.794999999999999992e-04
4.439999999999798774e+00 1.816999999999999984e-04
4.459999999999798348e+00 1.838999999999999977e-04
4.479999999999797922e+00 1.861999999999999994e-04
4.499999999999797495e+00 1.884599999999999947e-04
4.519999999999797069e+00 1.907099999999999952e-04
4.539999999999796643e+00 1.930000000000000021e-04
4.559999999999796216e+00 1.954000000000000062e-04
4.579999999999795790e+00 1.977500000000000091e-04
4.599999999999795364e+00 2.001000000000000120e-04
4.619999999999794937e+00 2.024999999999999890e-04
4.639999999999794511e+00 2.048999999999999932e-04
4.659999999999794085e+00 2.073499999999999985e-04
4.679999999999793658e+00 2.098000000000000038e-04
4.699999999999793232e+00 2.123000000000000104e-04
4.719999999999792806e+00 2.147999999999999899e-04
4.739999999999792379e+00 2.172499999999999952e-04
4.759999999999791953e+00 2.198000000000000030e-04
4.779999999999791527e+00 2.223600000000000056e-04
4.799999999999791100e+00 2.249599999999999874e-04
4.819999999999790674e+00 2.275500000000000016e-04
4.839999999999790248e+00 2.301500000000000106e-04
4.859999999999789821e+00 2.328499999999999949e-04
4.879999999999789395e+00 2.354500000000000039e-04
4.899999999999788969e+00 2.381499999999999882e-04
4.919999999999788542e+00 2.409000000000000009e-04
4.939999999999788116e+00 2.436000000000000123e-04
4.959999999999787690e+00 2.463499999999999978e-04
4.979999999999787264e+00 2.491500000000000116e-04
4.999999999999786837e+00 2.519500000000000255e-04
