-5.000000000000000000e+00 -1.777000000000000096e-04
-4.980000000000000426e+00 -1.757499999999999893e-04
-4.960000000000000853e+00 -1.738999999999999986e-04
-4.940000000000001279e+00 -1.720000000000000066e-04
-4.920000000000001705e+00 -1.701999999999999900e-04
-4.900000000000002132e+00 -1.683499999999999992e-04
-4.880000000000002558e+00 -1.665500000000000097e-04
-4.860000000000002984e+00 -1.647499999999999930e-04
-4.840000000000003411e+00 -1.629500000000000035e-04
-4.820000000000003837e+00 -1.611999999999999880e-04
-4.800000000000004263e+00 -1.595000000000000009e-04
-4.780000000000004690e+00 -1.577000000000000114e-04
-4.760000000000005116e+00 -1.559999999999999972e-04
-4.740000000000005542e+00 -1.543000000000000101e-04
-4.720000000000005969e+00 -1.525999999999999958e-04
-4.700000000000006395e+00 -1.509000000000000087e-04
-4.680000000000006821e+00 -1.492999999999999969e-04
-4.660000000000007248e+00 -1.476000000000000098e-04
-4.640000000000007674e+00 -1.459499999999999968e-04
-4.620000000000008100e+00 -1.443500000000000122e-04
-4.600000000000008527e+00 -1.427500000000000004e-04
-4.580000000000008953e+00 -1.411499999999999886e-04
-4.560000000000009379e+00 -1.395500000000000039e-04
-4.540000000000009805e+00 -1.379999999999999933e-04
-4.520000000000010232e+00 -1.364500000000000099e-04
-4.500000000000010658e+00 -1.348999999999999993e-04
-4.480000000000011084e+00 -1.333999999999999899e-04
-4.460000000000011511e+00 -1.319000000000000077e-04
-4.440000000000011937e+00 -1.303999999999999983e-04
-4.420000000000012363e+00 -1.289499999999999902e-04
-4.400000000000012790e+00 -1.275000000000000092e-04
-4.380000000000013216e+00 -1.259999999999999998e-04
-4.360000000000013642e+00 -1.245499999999999917e-04
-4.340000000000014069e+00 -1.231500000000000118e-04
-4.320000000000014495e+00 -1.217500000000000049e-04
-4.300000000000014921e+00 -1.202999999999999968e-04
-4.280000000000015348e+00 -1.189000000000000034e-04
-4.260000000000015774e+00 -1.175499999999999977e-04
-4.240000000000016200e+00 -1.161500000000000043e-04
-4.220000000000016627e+00 -1.148499999999999998e-04
-4.200000000000017053e+00 -1.134999999999999941e-04
-4.180000000000017479e+00 -1.121500000000000020e-04
-4.160000000000017906e+00 -1.108499999999999975e-04
-4.140000000000018332e+00 -1.095500000000000065e-04
-4.120000000000018758e+00 -1.082500000000000020e-04
-4.100000000000019185e+00 -1.069999999999999988e-04
-4.080000000000019611e+00 -1.056999999999999943e-04
-4.060000000000020037e+00 -1.045000000000000058e-04
-4.040000000000020464e+00 -1.032000000000000013e-04
-4.020000000000020890e+00 -1.020899999999999933e-04
-4.000000000000021316e+00 -1.008600000000000067e-04
-3.980000000000021743e+00 -9.964800000000000545e-05
-3.960000000000022169e+00 -9.845599999999999383e-05
-3.940000000000022595e+00 -9.726399999999999575e-05
-3.920000000000023022e+00 -9.608999999999999649e-05
-3.900000000000023448e+00 -9.492000000000000600e-05
-3.880000000000023874e+00 -9.376599999999999638e-05
-3.860000000000024301e+00 -9.261799999999999991e-05
-3.840000000000024727e+00 -9.149299999999999967e-05
-3.820000000000025153e+00 -9.037500000000000123e-05
-3.800000000000025580e+00 -8.925800000000000498e-05
-3.780000000000026006e+00 -8.815499999999999877e-05
-3.760000000000026432e+00 -8.706400000000000532e-05
-3.740000000000026859e+00 -8.599099999999999713e-05
-3.720000000000027285e+00 -8.491800000000000249e-05
-3.700000000000027711e+00 -8.386399999999999530e-05
-3.680000000000028137e+00 -8.282099999999999868e-05
-3.660000000000028564e+00 -8.178500000000000385e-05
-3.640000000000028990e+00 -8.076099999999999468e-05
-3.620000000000029416e+00 -7.974000000000000565e-05
-3.600000000000029843e+00 -7.873800000000000406e-05
-3.580000000000030269e+00 -7.774300000000000427e-05
-3.560000000000030695e+00 -7.674800000000000448e-05
-3.540000000000031122e+00 -7.577200000000000569e-05
-3.520000000000031548e+00 -7.481900000000000312e-05
-3.500000000000031974e+00 -7.385799999999999657e-05
-3.480000000000032401e+00 -7.291899999999999760e-05
-3.460000000000032827e+00 -7.199500000000000441e-05
-3.440000000000033253e+00 -7.107099999999999767e-05
-3.420000000000033680e+00 -7.015099999999999971e-05
-3.400000000000034106e+00 -6.924599999999999397e-05
-3.380000000000034532e+00 -6.834399999999999482e-05
-3.360000000000034959e+00 -6.745700000000000144e-05
-3.340000000000035385e+00 -6.657799999999999851e-05
-3.320000000000035811e+00 -6.571400000000000136e-05
-3.300000000000036238e+00 -6.485000000000000421e-05
-3.280000000000036664e+00 -6.399999999999999710e-05
-3.260000000000037090e+00 -6.315899999999999618e-05
-3.240000000000037517e+00 -6.231999999999999964e-05
-3.220000000000037943e+00 -6.150100000000000629e-05
-3.200000000000038369e+00 -6.068499999999999920e-05
-3.180000000000038796e+00 -5.987499999999999848e-05
-3.160000000000039222e+00 -5.907399999999999717e-05
-3.140000000000039648e+00 -5.827999999999999766e-05
-3.120000000000040075e+00 -5.749400000000000214e-05
-3.100000000000040501e+00 -5.671899999999999685e-05
-3.080000000000040927e+00 -5.594399999999999834e-05
-3.060000000000041354e+00 -5.519400000000000044e-05
-3.040000000000041780e+00 -5.444499999999999795e-05
-3.020000000000042206e+00 -5.369399999999999786e-05
-3.000000000000042633e+00 -5.295899999999999897e-05
-2.980000000000043059e+00 -5.223400000000000167e-05
-2.960000000000043485e+00 -5.150999999999999980e-05
-2.940000000000043912e+00 -5.078500000000000250e-05
-2.920000000000044338e+00 -5.007499999999999744e-05
-2.900000000000044764e+00 -4.937900000000000275e-05
-2.880000000000045191e+00 -4.869500000000000049e-05
-2.860000000000045617e+00 -4.801900000000000222e-05
-2.840000000000046043e+00 -4.734500000000000156e-05
-2.820000000000046469e+00 -4.668499999999999771e-05
-2.800000000000046896e+00 -4.602399999999999845e-05
-2.780000000000047322e+00 -4.537400000000000298e-05
-2.760000000000047748e+00 -4.473499999999999775e-05
-2.740000000000048175e+00 -4.410000000000000129e-05
-2.720000000000048601e+00 -4.347000000000000224e-05
-2.700000000000049027e+00 -4.284999999999999801e-05
-2.680000000000049454e+00 -4.224499999999999957e-05
-2.660000000000049880e+00 -4.163899999999999893e-05
-2.640000000000050306e+00 -4.104899999999999950e-05
-2.620000000000050733e+00 -4.045499999999999807e-05
-2.600000000000051159e+00 -3.987000000000000282e-05
-2.580000000000051585e+00 -3.929400000000000021e-05
-2.560000000000052012e+00 -3.872999999999999680e-05
-2.540000000000052438e+00 -3.816899999999999997e-05
-2.520000000000052864e+00 -3.761400000000000274e-05
-2.500000000000053291e+00 -3.707000000000000253e-05
-2.480000000000053717e+00 -3.652999999999999753e-05
-2.460000000000054143e+00 -3.599400000000000131e-05
-2.440000000000054570e+00 -3.546999999999999752e-05
-2.420000000000054996e+00 -3.495999999999999732e-05
-2.400000000000055422e+00 -3.444999999999999712e-05
-2.380000000000055849e+00 -3.393900000000000150e-05
-2.360000000000056275e+00 -3.344400000000000031e-05
-2.340000000000056701e+00 -3.294499999999999713e-05
-2.320000000000057128e+00 -3.245500000000000012e-05
-2.300000000000057554e+00 -3.197400000000000253e-05
-2.280000000000057980e+00 -3.150499999999999736e-05
-2.260000000000058407e+00 -3.103499999999999678e-05
-2.240000000000058833e+00 -3.057499999999999780e-05
-2.220000000000059259e+00 -3.011999999999999961e-05
-2.200000000000059686e+00 -2.966999999999999884e-05
-2.180000000000060112e+00 -2.922499999999999886e-05
-2.160000000000060538e+00 -2.879000000000000049e-05
-2.140000000000060965e+00 -2.835999999999999952e-05
-2.120000000000061391e+00 -2.792899999999999975e-05
-2.100000000000061817e+00 -2.750499999999999839e-05
-2.080000000000062244e+00 -2.708900000000000102e-05
-2.060000000000062670e+00 -2.667999999999999867e-05
-2.040000000000063096e+00 -2.627399999999999950e-05
-2.020000000000063523e+00 -2.586899999999999915e-05
-2.000000000000063949e+00 -2.547999999999999999e-05
-1.980000000000064375e+00 -2.508999999999999864e-05
-1.960000000000064801e+00 -2.470000000000000068e-05
-1.940000000000065228e+00 -2.432399999999999954e-05
-1.920000000000065654e+00 -2.394999999999999939e-05
-1.900000000000066080e+00 -2.358000000000000124e-05
-1.880000000000066507e+00 -2.320900000000000090e-05
-1.860000000000066933e+00 -2.284999999999999976e-05
-1.840000000000067359e+00 -2.249500000000000062e-05
-1.820000000000067786e+00 -2.214499999999999889e-05
-1.800000000000068212e+00 -2.179899999999999915e-05
-1.780000000000068638e+00 -2.146000000000000121e-05
-1.760000000000069065e+00 -2.112000000000000108e-05
-1.740000000000069491e+00 -2.078399999999999955e-05
-1.720000000000069917e+00 -2.046000000000000062e-05
-1.700000000000070344e+00 -2.012999999999999870e-05
-1.680000000000070770e+00 -1.980999999999999837e-05
-1.660000000000071196e+00 -1.949000000000000144e-05
-1.640000000000071623e+00 -1.917999999999999932e-05
-1.620000000000072049e+00 -1.887500000000000140e-05
-1.600000000000072475e+00 -1.856499999999999928e-05
-1.580000000000072902e+00 -1.826499999999999877e-05
-1.560000000000073328e+00 -1.796500000000000164e-05
-1.540000000000073754e+00 -1.767499999999999933e-05
-1.520000000000074181e+00 -1.738500000000000042e-05
-1.500000000000074607e+00 -1.709399999999999930e-05
-1.480000000000075033e+00 -1.680900000000000119e-05
-1.460000000000075460e+00 -1.652999999999999928e-05
-1.440000000000075886e+00 -1.624999999999999858e-05
-1.420000000000076312e+00 -1.597499999999999867e-05
-1.400000000000076739e+00 -1.571000000000000036e-05
-1.380000000000077165e+00 -1.544499999999999866e-05
-1.360000000000077591e+00 -1.517499999999999955e-05
-1.340000000000078018e+00 -1.491500000000000035e-05
-1.320000000000078444e+00 -1.465499999999999945e-05
-1.300000000000078870e+00 -1.439999999999999935e-05
-1.280000000000079297e+00 -1.414499999999999925e-05
-1.260000000000079723e+00 -1.389000000000000084e-05
-1.240000000000080149e+00 -1.364999999999999975e-05
-1.220000000000080576e+00 -1.340000000000000045e-05
-1.200000000000081002e+00 -1.315999999999999936e-05
-1.180000000000081428e+00 -1.291499999999999917e-05
-1.160000000000081855e+00 -1.268000000000000057e-05
-1.140000000000082281e+00 -1.243999999999999948e-05
-1.120000000000082707e+00 -1.220999999999999999e-05
-1.100000000000083134e+00 -1.197499999999999970e-05
-1.080000000000083560e+00 -1.174999999999999931e-05
-1.060000000000083986e+00 -1.151999999999999982e-05
-1.040000000000084412e+00 -1.129499999999999943e-05
-1.020000000000084839e+00 -1.107000000000000074e-05
-1.000000000000085265e+00 -1.084999999999999946e-05
-9.800000000000856915e-01 -1.062500000000000076e-05
-9.600000000000861178e-01 -1.041000000000000028e-05
-9.400000000000865441e-01 -1.019300000000000049e-05
-9.200000000000869704e-01 -9.977699999999999354e-06
-9.000000000000873968e-01 -9.758399999999999608e-06
-8.800000000000878231e-01 -9.543699999999999783e-06
-8.600000000000882494e-01 -9.333299999999999222e-06
-8.400000000000886757e-01 -9.122800000000000136e-06
-8.200000000000891021e-01 -8.913700000000000732e-06
-8.000000000000895284e-01 -8.704200000000000451e-06
-7.800000000000899547e-01 -8.495500000000000230e-06
-7.600000000000903810e-01 -8.289699999999999592e-06
-7.400000000000908074e-01 -8.083399999999999551e-06
-7.200000000000912337e-01 -7.875699999999999829e-06
-7.000000000000916600e-01 -7.669899999999999190e-06
-6.800000000000920863e-01 -7.463400000000000405e-06
-6.600000000000925127e-01 -7.258500000000000046e-06
-6.400000000000929390e-01 -7.053800000000000125e-06
-6.200000000000933653e-01 -6.851500000000000385e-06
-6.000000000000937916e-01 -6.645500000000000155e-06
-5.800000000000942180e-01 -6.440999999999999826e-06
-5.600000000000946443e-01 -6.235399999999999626e-06
-5.400000000000950706e-01 -6.030600000000000333e-06
-5.200000000000954969e-01 -5.823299999999999794e-06
-5.000000000000959233e-01 -5.618400000000000282e-06
-4.800000000000963496e-01 -5.411000000000000370e-06
-4.600000000000967759e-01 -5.202400000000000369e-06
-4.400000000000972022e-01 -4.995799999999999670e-06
-4.200000000000976286e-01 -4.786499999999999827e-06
-4.000000000000980549e-01 -4.576100000000000114e-06
-3.800000000000984812e-01 -4.367900000000000142e-06
-3.600000000000989075e-01 -4.154899999999999810e-06
-3.400000000000993339e-01 -3.938599999999999865e-06
-3.200000000000997602e-01 -3.723000000000000184e-06
-3.000000000001001865e-01 -3.505999999999999975e-06
-2.800000000001006129e-01 -3.289000000000000189e-06
-2.600000000001010392e-01 -3.066500000000000202e-06
-2.400000000001014655e-01 -2.845399999999999896e-06
-2.200000000001018918e-01 -2.619900000000000107e-06
-2.000000000001023182e-01 -2.393500000000000038e-06
-1.800000000001027445e-01 -2.161000000000000147e-06
-1.600000000001031708e-01 -1.931399999999999838e-06
-1.400000000001035971e-01 -1.697000000000000015e-06
-1.200000000001040235e-01 -1.462499999999999974e-06
-1.000000000001044498e-01 -1.225499999999999956e-06
-8.000000000010487611e-02 -9.827800000000000163e-07
-6.000000000010530243e-02 -7.383299999999999681e-07
-4.000000000010572876e-02 -4.910399999999999818e-07
-2.000000000010615508e-02 -2.404400000000000010e-07
-1.065814103640150279e-13 1.185999999999999999e-08
1.999999999989299226e-02 2.690499999999999905e-07
3.999999999989256594e-02 5.292499999999999514e-07
5.999999999989213961e-02 7.925199999999999524e-07
7.999999999989171329e-02 1.056499999999999964e-06
9.999999999989128696e-02 1.326999999999999958e-06
1.199999999998908606e-01 1.602499999999999904e-06
1.399999999998904343e-01 1.878000000000000061e-06
1.599999999998900080e-01 2.156900000000000051e-06
1.799999999998895817e-01 2.444999999999999884e-06
1.999999999998891553e-01 2.731500000000000021e-06
2.199999999998887290e-01 3.024500000000000011e-06
2.399999999998883027e-01 3.323399999999999809e-06
2.599999999998878764e-01 3.624899999999999802e-06
2.799999999998874500e-01 3.930899999999999922e-06
2.999999999998870237e-01 4.242400000000000243e-06
3.199999999998865974e-01 4.555600000000000056e-06
3.399999999998861711e-01 4.875500000000000161e-06
3.599999999998857447e-01 5.200499999999999590e-06
3.799999999998853184e-01 5.523400000000000344e-06
3.999999999998848921e-01 5.860399999999999828e-06
4.199999999998844658e-01 6.200100000000000150e-06
4.399999999998840394e-01 6.543900000000000145e-06
4.599999999998836131e-01 6.892999999999999903e-06
4.799999999998831868e-01 7.248500000000000142e-06
4.999999999998827604e-01 7.607499999999999584e-06
5.199999999998823341e-01 7.972099999999999448e-06
5.399999999998819078e-01 8.346500000000000471e-06
5.599999999998814815e-01 8.718599999999999839e-06
5.799999999998810551e-01 9.101799999999999829e-06
5.999999999998806288e-01 9.491099999999999643e-06
6.199999999998802025e-01 9.888400000000000057e-06
6.399999999998797762e-01 1.027899999999999933e-05
6.599999999998793498e-01 1.068500000000000019e-05
6.799999999998789235e-01 1.109499999999999965e-05
6.999999999998784972e-01 1.151500000000000071e-05
7.199999999998780709e-01 1.194499999999999998e-05
7.399999999998776445e-01 1.237499999999999925e-05
7.599999999998772182e-01 1.281999999999999923e-05
7.799999999998767919e-01 1.326000000000000010e-05
7.999999999998763656e-01 1.371499999999999998e-05
8.199999999998759392e-01 1.417999999999999976e-05
8.399999999998755129e-01 1.464499999999999954e-05
8.599999999998750866e-01 1.512500000000000003e-05
8.799999999998746603e-01 1.560500000000000052e-05
8.999999999998742339e-01 1.609500000000000091e-05
9.199999999998738076e-01 1.659499999999999951e-05
9.399999999998733813e-01 1.709999999999999891e-05
9.599999999998729550e-01 1.761499999999999991e-05
9.799999999998725286e-01 1.813900000000000031e-05
9.999999999998721023e-01 1.866999999999999912e-05
1.019999999999871676e+00 1.920899999999999854e-05
1.039999999999871250e+00 1.975499999999999975e-05
1.059999999999870823e+00 2.031500000000000116e-05
1.079999999999870397e+00 2.087499999999999919e-05
1.099999999999869971e+00 2.145500000000000041e-05
1.119999999999869544e+00 2.203500000000000163e-05
1.139999999999869118e+00 2.262999999999999848e-05
1.159999999999868692e+00 2.324499999999999852e-05
1.179999999999868265e+00 2.385500000000000115e-05
1.199999999999867839e+00 2.447499999999999860e-05
1.219999999999867413e+00 2.510500000000000104e-05
1.239999999999866986e+00 2.574500000000000169e-05
1.259999999999866560e+00 2.639500000000000055e-05
1.279999999999866134e+00 2.705500000000000100e-05
1.299999999999865707e+00 2.771999999999999887e-05
1.319999999999865281e+00 2.839499999999999834e-05
1.339999999999864855e+00 2.908400000000000140e-05
1.359999999999864428e+00 2.978899999999999888e-05
1.379999999999864002e+00 3.049399999999999976e-05
1.399999999999863576e+00 3.121400000000000303e-05
1.419999999999863149e+00 3.193900000000000032e-05
1.439999999999862723e+00 3.267999999999999882e-05
1.459999999999862297e+00 3.342900000000000130e-05
1.479999999999861870e+00 3.418900000000000080e-05
1.499999999999861444e+00 3.496399999999999931e-05
1.519999999999861018e+00 3.574400000000000201e-05
1.539999999999860592e+00 3.653399999999999953e-05
1.559999999999860165e+00 3.733999999999999825e-05
1.579999999999859739e+00 3.814899999999999677e-05
1.599999999999859313e+00 3.898000000000000287e-05
1.619999999999858886e+00 3.982000000000000161e-05
1.639999999999858460e+00 4.065400000000000074e-05
1.659999999999858034e+00 4.151499999999999808e-05
1.679999999999857607e+00 4.238999999999999902e-05
1.699999999999857181e+00 4.326900000000000196e-05
1.719999999999856755e+00 4.416500000000000151e-05
1.739999999999856328e+00 4.507000000000000047e-05
1.759999999999855902e+00 4.598500000000000103e-05
1.779999999999855476e+00 4.691399999999999840e-05
1.799999999999855049e+00 4.785500000000000176e-05
1.819999999999854623e+00 4.880499999999999774e-05
1.839999999999854197e+00 4.976999999999999952e-05
1.859999999999853770e+00 5.074400000000000069e-05
1.879999999999853344e+00 5.173499999999999849e-05
1.899999999999852918e+00 5.273500000000000247e-05
1.919999999999852491e+00 5.374500000000000127e-05
1.939999999999852065e+00 5.476899999999999689e-05
1.959999999999851639e+00 5.580799999999999829e-05
1.979999999999851212e+00 5.685299999999999929e-05
1.999999999999850786e+00 5.792400000000000310e-05
2.019999999999850360e+00 5.899900000000000213e-05
2.039999999999849933e+00 6.008900000000000016e-05
2.059999999999849507e+00 6.118799999999999760e-05
2.079999999999849081e+00 6.229800000000000561e-05
2.099999999999848654e+00 6.342999999999999409e-05
2.119999999999848228e+00 6.457000000000000012e-05
2.139999999999847802e+00 6.572499999999999838e-05
2.159999999999847375e+00 6.689500000000000242e-05
2.179999999999846949e+00 6.807999999999999870e-05
2.199999999999846523e+00 6.927899999999999857e-05
2.219999999999846096e+00 7.048199999999999366e-05
2.239999999999845670e+00 7.170400000000000330e-05
2.259999999999845244e+00 7.294500000000000040e-05
2.279999999999844817e+00 7.420399999999999631e-05
2.299999999999844391e+00 7.547099999999999620e-05
2.319999999999843965e+00 7.674800000000000448e-05
2.339999999999843538e+00 7.805599999999999941e-05
2.359999999999843112e+00 7.936399999999999434e-05
2.379999999999842686e+00 8.070099999999999865e-05
2.399999999999842260e+00 8.203800000000000296e-05
2.419999999999841833e+00 8.340500000000000528e-05
2.439999999999841407e+00 8.477299999999999625e-05
2.459999999999840981e+00 8.616999999999999660e-05
2.479999999999840554e+00 8.758499999999999576e-05
2.499999999999840128e+00 8.900799999999999890e-05
2.519999999999839702e+00 9.045399999999999827e-05
2.539999999999839275e+00 9.191799999999999645e-05
2.559999999999838849e+00 9.338899999999999643e-05
2.579999999999838423e+00 9.489400000000000320e-05
2.599999999999837996e+00 9.640300000000000518e-05
2.619999999999837570e+00 9.794499999999999821e-05
2.639999999999837144e+00 9.949900000000000400e-05
2.659999999999836717e+00 1.010700000000000064e-04
2.679999999999836291e+00 1.026500000000000014e-04
2.699999999999835865e+00 1.042299999999999965e-04
2.719999999999835438e+00 1.057999999999999967e-04
2.739999999999835012e+00 1.074499999999999961e-04
2.759999999999834586e+00 1.090999999999999956e-04
2.779999999999834159e+00 1.107999999999999963e-04
2.799999999999833733e+00 1.124499999999999957e-04
2.819999999999833307e+00 1.141999999999999976e-04
2.839999999999832880e+00 1.158999999999999982e-04
2.859999999999832454e+00 1.177000000000000013e-04
2.879999999999832028e+00 1.195000000000000044e-04
2.899999999999831601e+00 1.212999999999999940e-04
2.919999999999831175e+00 1.231000000000000106e-04
2.939999999999830749e+00 1.249500000000000014e-04
2.959999999999830322e+00 1.268499999999999934e-04
2.979999999999829896e+00 1.287500000000000124e-04
2.999999999999829470e+00 1.306500000000000044e-04
3.019999999999829043e+00 1.325999999999999976e-04
3.039999999999828617e+00 1.345499999999999908e-04
3.059999999999828191e+00 1.365000000000000111e-04
3.079999999999827764e+00 1.385000000000000055e-04
3.099999999999827338e+00 1.405500000000000011e-04
3.119999999999826912e+00 1.425999999999999967e-04
3.139999999999826485e+00 1.446499999999999923e-04
3.159999999999826059e+00 1.467999999999999904e-04
3.179999999999825633e+00 1.488999999999999872e-04
3.199999999999825206e+00 1.510500000000000124e-04
3.219999999999824780e+00 1.532000000000000104e-04
3.239999999999824354e+00 1.554000000000000097e-04
3.259999999999823928e+00 1.576500000000000102e-04
3.279999999999823501e+00 1.598500000000000094e-04
3.299999999999823075e+00 1.621000000000000099e-04
3.319999999999822649e+00 1.644000000000000116e-04
3.339999999999822222e+00 1.667000000000000133e-04
3.359999999999821796e+00 1.690499999999999891e-04
3.379999999999821370e+00 1.713999999999999920e-04
3.399999999999820943e+00 1.737499999999999949e-04
3.419999999999820517e+00 1.761499999999999991e-04
3.439999999999820091e+00 1.786000000000000044e-04
3.459999999999819664e+00 1.810500000000000098e-04
3.479999999999819238e+00 1.835499999999999892e-04
3.499999999999818812e+00 1.860499999999999958e-04
3.519999999999818385e+00 1.885500000000000023e-04
3.539999999999817959e+00 1.911000000000000101e-04
3.559999999999817533e+00 1.936999999999999920e-04
3.579999999999817106e+00 1.963000000000000010e-04
3.599999999999816680e+00 1.989000000000000100e-04
3.619999999999816254e+00 2.015499999999999931e-04
3.639999999999815827e+00 2.042500000000000045e-04
3.659999999999815401e+00 2.069499999999999888e-04
3.679999999999814975e+00 2.097000000000000014e-04
3.699999999999814548e+00 2.124499999999999869e-04
3.719999999999814122e+00 2.151999999999999996e-04
3.739999999999813696e+00 2.180499999999999875e-04
3.759999999999813269e+00 2.209000000000000026e-04
3.779999999999812843e+00 2.237499999999999906e-04
3.799999999999812417e+00 2.266500000000000068e-04
3.819999999999811990e+00 2.295999999999999972e-04
3.839999999999811564e+00 2.325600000000000096e-04
3.859999999999811138e+00 2.355500000000000063e-04
3.879999999999810711e+00 2.385499999999999979e-04
3.899999999999810285e+00 2.415999999999999908e-04
3.919999999999809859e+00 2.446500000000000107e-04
3.939999999999809432e+00 2.477499999999999776e-04
3.959999999999809006e+00 2.508499999999999988e-04
3.979999999999808580e+00 2.540500000000000223e-04
3.999999999999808153e+00 2.572100000000000124e-04
4.019999999999807727e+00 2.604600000000000101e-04
4.039999999999807301e+00 2.637100000000000078e-04
4.059999999999806874e+00 2.669500000000000106e-04
4.079999999999806448e+00 2.703100000000000056e-04
4.099999999999806022e+00 2.735999999999999825e-04
4.119999999999805596e+00 2.769499999999999826e-04
4.139999999999805169e+00 2.803999999999999852e-04
4.159999999999804743e+00 2.838100000000000084e-04
4.179999999999804317e+00 2.872500000000000162e-04
4.199999999999803890e+00 2.908000000000000211e-04
4.219999999999803464e+00 2.942999999999999978e-04
4.239999999999803038e+00 2.978999999999999769e-04
4.259999999999802611e+00 3.014499999999999819e-04
4.279999999999802185e+00 3.050999999999999893e-04
4.299999999999801759e+00 3.087100000000000174e-04
4.319999999999801332e+00 3.124000000000000041e-04
4.339999999999800906e+00 3.161600000000000087e-04
4.359999999999800480e+00 3.199000000000000237e-04
4.379999999999800053e+00 3.237000000000000077e-04
4.399999999999799627e+00 3.274999999999999916e-04
4.419999999999799201e+00 3.313599999999999987e-04
4.439999999999798774e+00 3.352499999999999903e-04
4.459999999999798348e+00 3.391099999999999974e-04
4.479999999999797922e+00 3.430999999999999914e-04
4.499999999999797495e+00 3.470500000000000061e-04
4.519999999999797069e+00 3.511000000000000232e-04
4.539999999999796643e+00 3.551100000000000068e-04
4.559999999999796216e+00 3.592099999999999980e-04
4.579999999999795790e+00 3.633099999999999893e-04
4.599999999999795364e+00 3.674500000000000140e-04
4.619999999999794937e+00 3.716099999999999742e-04
4.639999999999794511e+00 3.758500000000000014e-04
4.659999999999794085e+00 3.801000000000000234e-04
4.679999999999793658e+00 3.843499999999999911e-04
4.699999999999793232e+00 3.887000000000000156e-04
4.719999999999792806e+00 3.930000000000000117e-04
4.739999999999792379e+00 3.973100000000000026e-04
4.759999999999791953e+00 4.017499999999999804e-04
4.779999999999791527e+00 4.062100000000000021e-04
4.799999999999791100e+00 4.106499999999999799e-04
4.819999999999790674e+00 4.152100000000000040e-04
4.839999999999790248e+00 4.197499999999999842e-04
4.859999999999789821e+00 4.243100000000000083e-04
4.879999999999789395e+00 4.289599999999999858e-04
4.899999999999788969e+00 4.336100000000000176e-04
4.919999999999788542e+00 4.382999999999999743e-04
4.939999999999788116e+00 4.429999999999999802e-04
4.959999999999787690e+00 4.477500000000000143e-04
4.979999999999787264e+00 4.525500000000000226e-04
4.999999999999786837e+00 4.574099999999999997e-04
