-5.000000000000000000e+00 -2.971599999999999806e-04
-4.980000000000000426e+00 -2.940999999999999929e-04
-4.960000000000000853e+00 -2.911100000000000233e-04
-4.940000000000001279e+00 -2.881000000000000097e-04
-4.920000000000001705e+00 -2.851500000000000193e-04
-4.900000000000002132e+00 -2.822599999999999979e-04
-4.880000000000002558e+00 -2.793499999999999868e-04
-4.860000000000002984e+00 -2.764500000000000247e-04
-4.840000000000003411e+00 -2.735600000000000032e-04
-4.820000000000003837e+00 -2.707499999999999946e-04
-4.800000000000004263e+00 -2.679499999999999807e-04
-4.780000000000004690e+00 -2.651500000000000211e-04
-4.760000000000005116e+00 -2.623099999999999737e-04
-4.740000000000005542e+00 -2.595499999999999934e-04
-4.720000000000005969e+00 -2.568499999999999820e-04
-4.700000000000006395e+00 -2.541500000000000248e-04
-4.680000000000006821e+00 -2.514600000000000082e-04
-4.660000000000007248e+00 -2.487500000000000019e-04
-4.640000000000007674e+00 -2.461100000000000136e-04
-4.620000000000008100e+00 -2.435000000000000098e-04
-4.600000000000008527e+00 -2.409000000000000009e-04
-4.580000000000008953e+00 -2.382999999999999919e-04
-4.560000000000009379e+00 -2.357500000000000112e-04
-4.540000000000009805e+00 -2.332000000000000034e-04
-4.520000000000010232e+00 -2.306999999999999969e-04
-4.500000000000010658e+00 -2.281999999999999903e-04
-4.480000000000011084e+00 -2.257500000000000121e-04
-4.460000000000011511e+00 -2.232500000000000055e-04
-4.440000000000011937e+00 -2.208500000000000014e-04
-4.420000000000012363e+00 -2.184499999999999973e-04
-4.400000000000012790e+00 -2.160499999999999931e-04
-4.380000000000013216e+00 -2.136499999999999890e-04
-4.360000000000013642e+00 -2.113000000000000132e-04
-4.340000000000014069e+00 -2.089500000000000103e-04
-4.320000000000014495e+00 -2.067000000000000098e-04
-4.300000000000014921e+00 -2.043500000000000069e-04
-4.280000000000015348e+00 -2.020500000000000052e-04
-4.260000000000015774e+00 -1.998000000000000047e-04
-4.240000000000016200e+00 -1.975500000000000042e-04
-4.220000000000016627e+00 -1.954000000000000062e-04
-4.200000000000017053e+00 -1.931500000000000057e-04
-4.180000000000017479e+00 -1.910000000000000077e-04
-4.160000000000017906e+00 -1.888100000000000032e-04
-4.140000000000018332e+00 -1.867000000000000116e-04
-4.120000000000018758e+00 -1.845000000000000123e-04
-4.100000000000019185e+00 -1.824499999999999896e-04
-4.080000000000019611e+00 -1.803499999999999927e-04
-4.060000000000020037e+00 -1.782999999999999971e-04
-4.040000000000020464e+00 -1.762000000000000003e-04
-4.020000000000020890e+00 -1.742000000000000059e-04
-4.000000000000021316e+00 -1.721500000000000103e-04
-3.980000000000021743e+00 -1.701499999999999888e-04
-3.960000000000022169e+00 -1.681999999999999956e-04
-3.940000000000022595e+00 -1.662500000000000024e-04
-3.920000000000023022e+00 -1.642500000000000080e-04
-3.900000000000023448e+00 -1.623499999999999889e-04
-3.880000000000023874e+00 -1.604499999999999969e-04
-3.860000000000024301e+00 -1.585000000000000037e-04
-3.840000000000024727e+00 -1.566500000000000130e-04
-3.820000000000025153e+00 -1.547999999999999951e-04
-3.800000000000025580e+00 -1.529500000000000044e-04
-3.780000000000026006e+00 -1.511499999999999877e-04
-3.760000000000026432e+00 -1.493499999999999982e-04
-3.740000000000026859e+00 -1.475500000000000086e-04
-3.720000000000027285e+00 -1.457999999999999932e-04
-3.700000000000027711e+00 -1.440500000000000049e-04
-3.680000000000028137e+00 -1.422999999999999894e-04
-3.660000000000028564e+00 -1.406000000000000023e-04
-3.640000000000028990e+00 -1.388499999999999869e-04
-3.620000000000029416e+00 -1.372000000000000010e-04
-3.600000000000029843e+00 -1.354999999999999868e-04
-3.580000000000030269e+00 -1.338500000000000009e-04
-3.560000000000030695e+00 -1.322499999999999891e-04
-3.540000000000031122e+00 -1.306000000000000032e-04
-3.520000000000031548e+00 -1.289999999999999914e-04
-3.500000000000031974e+00 -1.274000000000000067e-04
-3.480000000000032401e+00 -1.257999999999999949e-04
-3.460000000000032827e+00 -1.242500000000000115e-04
-3.440000000000033253e+00 -1.227500000000000021e-04
-3.420000000000033680e+00 -1.212000000000000051e-04
-3.400000000000034106e+00 -1.196499999999999945e-04
-3.380000000000034532e+00 -1.181499999999999987e-04
-3.360000000000034959e+00 -1.167000000000000041e-04
-3.340000000000035385e+00 -1.151999999999999948e-04
-3.320000000000035811e+00 -1.137500000000000002e-04
-3.300000000000036238e+00 -1.123000000000000056e-04
-3.280000000000036664e+00 -1.108499999999999975e-04
-3.260000000000037090e+00 -1.094500000000000041e-04
-3.240000000000037517e+00 -1.080499999999999972e-04
-3.220000000000037943e+00 -1.066500000000000038e-04
-3.200000000000038369e+00 -1.052499999999999969e-04
-3.180000000000038796e+00 -1.038500000000000035e-04
-3.160000000000039222e+00 -1.025499999999999990e-04
-3.140000000000039648e+00 -1.013400000000000021e-04
-3.120000000000040075e+00 -1.000099999999999996e-04
-3.100000000000040501e+00 -9.870499999999999771e-05
-3.080000000000040927e+00 -9.740500000000000677e-05
-3.060000000000041354e+00 -9.612400000000000328e-05
-3.040000000000041780e+00 -9.485299999999999461e-05
-3.020000000000042206e+00 -9.359399999999999870e-05
-3.000000000000042633e+00 -9.234999999999999503e-05
-2.980000000000043059e+00 -9.112099999999999714e-05
-2.960000000000043485e+00 -8.989900000000000104e-05
-2.940000000000043912e+00 -8.866599999999999438e-05
-2.920000000000044338e+00 -8.747000000000000109e-05
-2.900000000000044764e+00 -8.628900000000000003e-05
-2.880000000000045191e+00 -8.512300000000000476e-05
-2.860000000000045617e+00 -8.397499999999999474e-05
-2.840000000000046043e+00 -8.283899999999999749e-05
-2.820000000000046469e+00 -8.171399999999999725e-05
-2.800000000000046896e+00 -8.059999999999999402e-05
-2.780000000000047322e+00 -7.949399999999999479e-05
-2.760000000000047748e+00 -7.840199999999999914e-05
-2.740000000000048175e+00 -7.732900000000000450e-05
-2.720000000000048601e+00 -7.626000000000000508e-05
-2.700000000000049027e+00 -7.521000000000000667e-05
-2.680000000000049454e+00 -7.417399999999999829e-05
-2.660000000000049880e+00 -7.315000000000000267e-05
-2.640000000000050306e+00 -7.213299999999999530e-05
-2.620000000000050733e+00 -7.113400000000000029e-05
-2.600000000000051159e+00 -7.014000000000000269e-05
-2.580000000000051585e+00 -6.916400000000000390e-05
-2.560000000000052012e+00 -6.819900000000000213e-05
-2.540000000000052438e+00 -6.723799999999999558e-05
-2.520000000000052864e+00 -6.629500000000000139e-05
-2.500000000000053291e+00 -6.536400000000000641e-05
-2.480000000000053717e+00 -6.444700000000000146e-05
-2.460000000000054143e+00 -6.353800000000000051e-05
-2.440000000000054570e+00 -6.263299999999999478e-05
-2.420000000000054996e+00 -6.175800000000000061e-05
-2.400000000000055422e+00 -6.089000000000000147e-05
-2.380000000000055849e+00 -6.001999999999999794e-05
-2.360000000000056275e+00 -5.916500000000000020e-05
-2.340000000000056701e+00 -5.831399999999999767e-05
-2.320000000000057128e+00 -5.747900000000000313e-05
-2.300000000000057554e+00 -5.665399999999999663e-05
-2.280000000000057980e+00 -5.584400000000000269e-05
-2.260000000000058407e+00 -5.503899999999999938e-05
-2.240000000000058833e+00 -5.424399999999999768e-05
-2.220000000000059259e+00 -5.345999999999999976e-05
-2.200000000000059686e+00 -5.268500000000000125e-05
-2.180000000000060112e+00 -5.191900000000000215e-05
-2.160000000000060538e+00 -5.116500000000000225e-05
-2.140000000000060965e+00 -5.042000000000000176e-05
-2.120000000000061391e+00 -4.967500000000000127e-05
-2.100000000000061817e+00 -4.894999999999999720e-05
-2.080000000000062244e+00 -4.822900000000000190e-05
-2.060000000000062670e+00 -4.751999999999999904e-05
-2.040000000000063096e+00 -4.681900000000000016e-05
-2.020000000000063523e+00 -4.613400000000000248e-05
-2.000000000000063949e+00 -4.543399999999999902e-05
-1.980000000000064375e+00 -4.476899999999999776e-05
-1.960000000000064801e+00 -4.409400000000000168e-05
-1.940000000000065228e+00 -4.343500000000000003e-05
-1.920000000000065654e+00 -4.278499999999999778e-05
-1.900000000000066080e+00 -4.215000000000000132e-05
-1.880000000000066507e+00 -4.151499999999999808e-05
-1.860000000000066933e+00 -4.088900000000000103e-05
-1.840000000000067359e+00 -4.026999999999999899e-05
-1.820000000000067786e+00 -3.965000000000000154e-05
-1.800000000000068212e+00 -3.904500000000000310e-05
-1.780000000000068638e+00 -3.845400000000000147e-05
-1.760000000000069065e+00 -3.786400000000000204e-05
-1.740000000000069491e+00 -3.727900000000000002e-05
-1.720000000000069917e+00 -3.670500000000000179e-05
-1.700000000000070344e+00 -3.613499999999999877e-05
-1.680000000000070770e+00 -3.557499999999999736e-05
-1.660000000000071196e+00 -3.502000000000000013e-05
-1.640000000000071623e+00 -3.447000000000000031e-05
-1.620000000000072049e+00 -3.392400000000000249e-05
-1.600000000000072475e+00 -3.338999999999999710e-05
-1.580000000000072902e+00 -3.285899999999999829e-05
-1.560000000000073328e+00 -3.232999999999999709e-05
-1.540000000000073754e+00 -3.181999999999999689e-05
-1.520000000000074181e+00 -3.130499999999999928e-05
-1.500000000000074607e+00 -3.079900000000000107e-05
-1.480000000000075033e+00 -3.029500000000000048e-05
-1.460000000000075460e+00 -2.979999999999999929e-05
-1.440000000000075886e+00 -2.930999999999999890e-05
-1.420000000000076312e+00 -2.881999999999999851e-05
-1.400000000000076739e+00 -2.835499999999999872e-05
-1.380000000000077165e+00 -2.787400000000000113e-05
-1.360000000000077591e+00 -2.741000000000000015e-05
-1.340000000000078018e+00 -2.694500000000000036e-05
-1.320000000000078444e+00 -2.648500000000000138e-05
-1.300000000000078870e+00 -2.602999999999999981e-05
-1.280000000000079297e+00 -2.557999999999999903e-05
-1.260000000000079723e+00 -2.513499999999999906e-05
-1.240000000000080149e+00 -2.468900000000000028e-05
-1.220000000000080576e+00 -2.425399999999999851e-05
-1.200000000000081002e+00 -2.381999999999999894e-05
-1.180000000000081428e+00 -2.339000000000000137e-05
-1.160000000000081855e+00 -2.296500000000000120e-05
-1.140000000000082281e+00 -2.254499999999999845e-05
-1.120000000000082707e+00 -2.212999999999999988e-05
-1.100000000000083134e+00 -2.172499999999999952e-05
-1.080000000000083560e+00 -2.131000000000000095e-05
-1.060000000000083986e+00 -2.089999999999999980e-05
-1.040000000000084412e+00 -2.049499999999999944e-05
-1.020000000000084839e+00 -2.010000000000000068e-05
-1.000000000000085265e+00 -1.969899999999999893e-05
-9.800000000000856915e-01 -1.930400000000000017e-05
-9.600000000000861178e-01 -1.891000000000000021e-05
-9.400000000000865441e-01 -1.851900000000000006e-05
-9.200000000000869704e-01 -1.813499999999999832e-05
-9.000000000000873968e-01 -1.773999999999999956e-05
-8.800000000000878231e-01 -1.735499999999999901e-05
-8.600000000000882494e-01 -1.697499999999999926e-05
-8.400000000000886757e-01 -1.659499999999999951e-05
-8.200000000000891021e-01 -1.621499999999999976e-05
-8.000000000000895284e-01 -1.584000000000000081e-05
-7.800000000000899547e-01 -1.546499999999999847e-05
-7.600000000000903810e-01 -1.508999999999999952e-05
-7.400000000000908074e-01 -1.471500000000000057e-05
-7.200000000000912337e-01 -1.434500000000000072e-05
-7.000000000000916600e-01 -1.397499999999999918e-05
-6.800000000000920863e-01 -1.360000000000000023e-05
-6.600000000000925127e-01 -1.322499999999999959e-05
-6.400000000000929390e-01 -1.286000000000000054e-05
-6.200000000000933653e-01 -1.248499999999999990e-05
-6.000000000000937916e-01 -1.211500000000000005e-05
-5.800000000000942180e-01 -1.174500000000000020e-05
-5.600000000000946443e-01 -1.136999999999999956e-05
-5.400000000000950706e-01 -1.099999999999999971e-05
-5.200000000000954969e-01 -1.062500000000000076e-05
-5.000000000000959233e-01 -1.024499999999999932e-05
-4.800000000000963496e-01 -9.876200000000000411e-06
-4.600000000000967759e-01 -9.497600000000000343e-06
-4.400000000000972022e-01 -9.118099999999999995e-06
-4.200000000000976286e-01 -8.739100000000000744e-06
-4.000000000000980549e-01 -8.352600000000000294e-06
-3.800000000000984812e-01 -7.974000000000000226e-06
-3.600000000000989075e-01 -7.585400000000000253e-06
-3.400000000000993339e-01 -7.194000000000000070e-06
-3.200000000000997602e-01 -6.798399999999999996e-06
-3.000000000001001865e-01 -6.400499999999999960e-06
-2.800000000001006129e-01 -6.000500000000000401e-06
-2.600000000001010392e-01 -5.599299999999999906e-06
-2.400000000001014655e-01 -5.190999999999999936e-06
-2.200000000001018918e-01 -4.779599999999999944e-06
-2.000000000001023182e-01 -4.371400000000000193e-06
-1.800000000001027445e-01 -3.950400000000000328e-06
-1.600000000001031708e-01 -3.524899999999999912e-06
-1.400000000001035971e-01 -3.099399999999999921e-06
-1.200000000001040235e-01 -2.668899999999999977e-06
-1.000000000001044498e-01 -2.235999999999999852e-06
-8.000000000010487611e-02 -1.791999999999999953e-06
-6.000000000010530243e-02 -1.345000000000000040e-06
-4.000000000010572876e-02 -8.952300000000000032e-07
-2.000000000010615508e-02 -4.379999999999999781e-07
-1.065814103640150279e-13 2.282999999999999995e-08
1.999999999989299226e-02 4.918500000000000003e-07
3.999999999989256594e-02 9.660699999999999679e-07
5.999999999989213961e-02 1.447000000000000080e-06
7.999999999989171329e-02 1.932500000000000132e-06
9.999999999989128696e-02 2.424499999999999826e-06
1.199999999998908606e-01 2.926000000000000022e-06
1.399999999998904343e-01 3.428000000000000044e-06
1.599999999998900080e-01 3.940000000000000393e-06
1.799999999998895817e-01 4.458899999999999779e-06
1.999999999998891553e-01 4.984000000000000054e-06
2.199999999998887290e-01 5.517399999999999894e-06
2.399999999998883027e-01 6.061999999999999728e-06
2.599999999998878764e-01 6.609799999999999802e-06
2.799999999998874500e-01 7.162300000000000018e-06
2.999999999998870237e-01 7.731400000000000211e-06
3.199999999998865974e-01 8.300900000000000433e-06
3.399999999998861711e-01 8.881599999999999803e-06
3.599999999998857447e-01 9.468300000000000471e-06
3.799999999998853184e-01 1.006499999999999935e-05
3.999999999998848921e-01 1.067500000000000028e-05
4.199999999998844658e-01 1.129499999999999943e-05
4.399999999998840394e-01 1.191500000000000027e-05
4.599999999998836131e-01 1.255000000000000012e-05
4.799999999998831868e-01 1.319000000000000077e-05
4.999999999998827604e-01 1.383500000000000052e-05
5.199999999998823341e-01 1.450000000000000009e-05
5.399999999998819078e-01 1.517000000000000045e-05
5.599999999998814815e-01 1.584999999999999902e-05
5.799999999998810551e-01 1.654500000000000168e-05
5.999999999998806288e-01 1.725499999999999997e-05
6.199999999998802025e-01 1.796000000000000084e-05
6.399999999998797762e-01 1.866999999999999912e-05
6.599999999998793498e-01 1.940500000000000140e-05
6.799999999998789235e-01 2.014999999999999851e-05
6.999999999998784972e-01 2.091000000000000139e-05
7.199999999998780709e-01 2.167500000000000169e-05
7.399999999998776445e-01 2.245000000000000020e-05
7.599999999998772182e-01 2.324499999999999852e-05
7.799999999998767919e-01 2.404500000000000102e-05
7.999999999998763656e-01 2.485999999999999915e-05
8.199999999998759392e-01 2.568999999999999967e-05
8.399999999998755129e-01 2.652999999999999841e-05
8.599999999998750866e-01 2.738900000000000153e-05
8.799999999998746603e-01 2.825400000000000088e-05
8.999999999998742339e-01 2.913000000000000062e-05
9.199999999998738076e-01 3.001899999999999838e-05
9.399999999998733813e-01 3.093500000000000113e-05
9.599999999998729550e-01 3.185499999999999909e-05
9.799999999998725286e-01 3.279000000000000285e-05
9.999999999998721023e-01 3.373999999999999883e-05
1.019999999999871676e+00 3.469900000000000100e-05
1.039999999999871250e+00 3.567900000000000178e-05
1.059999999999870823e+00 3.666999999999999958e-05
1.079999999999870397e+00 3.767399999999999878e-05
1.099999999999869971e+00 3.870400000000000077e-05
1.119999999999869544e+00 3.973900000000000018e-05
1.139999999999869118e+00 4.079400000000000279e-05
1.159999999999868692e+00 4.188500000000000301e-05
1.179999999999868265e+00 4.297500000000000105e-05
1.199999999999867839e+00 4.407900000000000267e-05
1.219999999999867413e+00 4.519499999999999673e-05
1.239999999999866986e+00 4.632399999999999897e-05
1.259999999999866560e+00 4.747899999999999723e-05
1.279999999999866134e+00 4.863899999999999967e-05
1.299999999999865707e+00 4.982400000000000273e-05
1.319999999999865281e+00 5.102500000000000021e-05
1.339999999999864855e+00 5.224499999999999869e-05
1.359999999999864428e+00 5.348000000000000296e-05
1.379999999999864002e+00 5.472999999999999946e-05
1.399999999999863576e+00 5.599899999999999697e-05
1.419999999999863149e+00 5.728000000000000046e-05
1.439999999999862723e+00 5.858400000000000017e-05
1.459999999999862297e+00 5.991000000000000069e-05
1.479999999999861870e+00 6.124399999999999842e-05
1.499999999999861444e+00 6.260299999999999676e-05
1.519999999999861018e+00 6.397800000000000307e-05
1.539999999999860592e+00 6.537500000000000342e-05
1.559999999999860165e+00 6.678300000000000078e-05
1.579999999999859739e+00 6.821399999999999437e-05
1.599999999999859313e+00 6.967000000000000211e-05
1.619999999999858886e+00 7.114599999999999950e-05
1.639999999999858460e+00 7.262400000000000127e-05
1.659999999999858034e+00 7.411099999999999567e-05
1.679999999999857607e+00 7.563400000000000125e-05
1.699999999999857181e+00 7.717300000000000125e-05
1.719999999999856755e+00 7.873800000000000406e-05
1.739999999999856328e+00 8.032799999999999392e-05
1.759999999999855902e+00 8.192999999999999654e-05
1.779999999999855476e+00 8.355100000000000016e-05
1.799999999999855049e+00 8.519000000000000259e-05
1.819999999999854623e+00 8.685499999999999427e-05
1.839999999999854197e+00 8.853900000000000051e-05
1.859999999999853770e+00 9.023799999999999898e-05
1.879999999999853344e+00 9.196199999999999806e-05
1.899999999999852918e+00 9.370899999999999337e-05
1.919999999999852491e+00 9.546400000000000621e-05
1.939999999999852065e+00 9.724800000000000133e-05
1.959999999999851639e+00 9.904800000000000442e-05
1.979999999999851212e+00 1.008799999999999964e-04
1.999999999999850786e+00 1.027200000000000059e-04
2.019999999999850360e+00 1.045899999999999998e-04
2.039999999999849933e+00 1.065000000000000002e-04
2.059999999999849507e+00 1.083500000000000045e-04
2.079999999999849081e+00 1.102999999999999977e-04
2.099999999999848654e+00 1.122500000000000044e-04
2.119999999999848228e+00 1.141999999999999976e-04
2.139999999999847802e+00 1.162000000000000055e-04
2.159999999999847375e+00 1.182500000000000012e-04
2.179999999999846949e+00 1.202999999999999968e-04
2.199999999999846523e+00 1.222999999999999912e-04
2.219999999999846096e+00 1.244499999999999892e-04
2.239999999999845670e+00 1.265500000000000132e-04
2.259999999999845244e+00 1.287000000000000112e-04
2.279999999999844817e+00 1.308500000000000093e-04
2.299999999999844391e+00 1.330500000000000085e-04
2.319999999999843965e+00 1.352500000000000078e-04
2.339999999999843538e+00 1.375000000000000083e-04
2.359999999999843112e+00 1.397000000000000075e-04
2.379999999999842686e+00 1.420500000000000105e-04
2.399999999999842260e+00 1.443500000000000122e-04
2.419999999999841833e+00 1.466999999999999880e-04
2.439999999999841407e+00 1.489999999999999897e-04
2.459999999999840981e+00 1.513999999999999938e-04
2.479999999999840554e+00 1.537999999999999979e-04
2.499999999999840128e+00 1.563000000000000045e-04
2.519999999999839702e+00 1.587500000000000098e-04
2.539999999999839275e+00 1.612999999999999905e-04
2.559999999999838849e+00 1.637999999999999970e-04
2.579999999999838423e+00 1.663500000000000048e-04
2.599999999999837996e+00 1.689499999999999867e-04
2.619999999999837570e+00 1.715499999999999957e-04
2.639999999999837144e+00 1.742000000000000059e-04
2.659999999999836717e+00 1.768999999999999902e-04
2.679999999999836291e+00 1.796000000000000016e-04
2.699999999999835865e+00 1.823000000000000130e-04
2.719999999999835438e+00 1.850499999999999986e-04
2.739999999999835012e+00 1.878500000000000124e-04
2.759999999999834586e+00 1.907099999999999952e-04
2.779999999999834159e+00 1.935499999999999883e-04
2.799999999999833733e+00 1.964500000000000046e-04
2.819999999999833307e+00 1.993599999999999886e-04
2.839999999999832880e+00 2.023000000000000113e-04
2.859999999999832454e+00 2.053000000000000029e-04
2.879999999999832028e+00 2.083499999999999957e-04
2.899999999999831601e+00 2.113999999999999885e-04
2.919999999999831175e+00 2.145000000000000097e-04
2.939999999999830749e+00 2.176500000000000049e-04
2.959999999999830322e+00 2.207499999999999990e-04
2.979999999999829896e+00 2.239499999999999954e-04
2.999999999999829470e+00 2.271499999999999919e-04
3.019999999999829043e+00 2.304499999999999908e-04
3.039999999999828617e+00 2.337499999999999897e-04
3.059999999999828191e+00 2.370999999999999898e-04
3.079999999999827764e+00 2.403999999999999887e-04
3.099999999999827338e+00 2.438499999999999912e-04
3.119999999999826912e+00 2.472999999999999938e-04
3.139999999999826485e+00 2.507599999999999912e-04
3.159999999999826059e+00 2.541999999999999989e-04
3.179999999999825633e+00 2.577999999999999780e-04
3.199999999999825206e+00 2.615000000000000137e-04
3.219999999999824780e+00 2.651099999999999876e-04
3.239999999999824354e+00 2.687000000000000261e-04
3.259999999999823928e+00 2.724499999999999817e-04
3.279999999999823501e+00 2.761500000000000174e-04
3.299999999999823075e+00 2.799500000000000014e-04
3.319999999999822649e+00 2.837499999999999853e-04
3.339999999999822222e+00 2.875500000000000235e-04
3.359999999999821796e+00 2.914500000000000098e-04
3.379999999999821370e+00 2.953000000000000221e-04
3.399999999999820943e+00 2.993499999999999850e-04
3.419999999999820517e+00 3.032999999999999997e-04
3.439999999999820091e+00 3.073500000000000168e-04
3.459999999999819664e+00 3.113999999999999798e-04
3.479999999999819238e+00 3.155000000000000252e-04
3.499999999999818812e+00 3.197000000000000189e-04
3.519999999999818385e+00 3.238499999999999842e-04
3.539999999999817959e+00 3.281100000000000010e-04
3.559999999999817533e+00 3.323600000000000230e-04
3.579999999999817106e+00 3.366500000000000243e-04
3.599999999999816680e+00 3.410600000000000177e-04
3.619999999999816254e+00 3.454099999999999879e-04
3.639999999999815827e+00 3.498500000000000199e-04
3.659999999999815401e+00 3.543099999999999874e-04
3.679999999999814975e+00 3.588500000000000218e-04
3.699999999999814548e+00 3.634099999999999917e-04
3.719999999999814122e+00 3.679500000000000262e-04
3.739999999999813696e+00 3.725600000000000244e-04
3.759999999999813269e+00 3.772499999999999812e-04
3.779999999999812843e+00 3.819499999999999870e-04
3.799999999999812417e+00 3.867599999999999901e-04
3.819999999999811990e+00 3.915999999999999776e-04
3.839999999999811564e+00 3.964600000000000090e-04
3.859999999999811138e+00 4.012999999999999966e-04
3.879999999999810711e+00 4.062499999999999814e-04
3.899999999999810285e+00 4.112599999999999893e-04
3.919999999999809859e+00 4.163099999999999765e-04
3.939999999999809432e+00 4.213600000000000179e-04
3.959999999999809006e+00 4.265000000000000128e-04
3.979999999999808580e+00 4.316599999999999973e-04
3.999999999999808153e+00 4.368999999999999945e-04
4.019999999999807727e+00 4.421499999999999866e-04
4.039999999999807301e+00 4.474500000000000070e-04
4.059999999999806874e+00 4.528000000000000015e-04
4.079999999999806448e+00 4.581499999999999960e-04
4.099999999999806022e+00 4.635999999999999930e-04
4.119999999999805596e+00 4.691000000000000183e-04
4.139999999999805169e+00 4.746500000000000176e-04
4.159999999999804743e+00 4.802499999999999911e-04
4.179999999999804317e+00 4.858500000000000188e-04
4.199999999999803890e+00 4.915600000000000438e-04
4.219999999999803464e+00 4.972499999999999707e-04
4.239999999999803038e+00 5.030600000000000523e-04
4.259999999999802611e+00 5.088399999999999868e-04
4.279999999999802185e+00 5.147399999999999675e-04
4.299999999999801759e+00 5.207099999999999663e-04
4.319999999999801332e+00 5.266700000000000244e-04
4.339999999999800906e+00 5.326600000000000128e-04
4.359999999999800480e+00 5.387099999999999701e-04
4.379999999999800053e+00 5.448500000000000435e-04
4.399999999999799627e+00 5.509599999999999697e-04
4.419999999999799201e+00 5.572100000000000403e-04
4.439999999999798774e+00 5.634400000000000129e-04
4.459999999999798348e+00 5.697599999999999930e-04
4.479999999999797922e+00 5.761100000000000118e-04
4.499999999999797495e+00 5.825199999999999996e-04
4.519999999999797069e+00 5.889499999999999770e-04
4.539999999999796643e+00 5.954499999999999724e-04
4.559999999999796216e+00 6.020100000000000451e-04
4.579999999999795790e+00 6.086499999999999680e-04
4.599999999999795364e+00 6.152700000000000096e-04
4.619999999999794937e+00 6.219399999999999712e-04
4.639999999999794511e+00 6.287099999999999893e-04
4.659999999999794085e+00 6.355599999999999661e-04
4.679999999999793658e+00 6.423600000000000230e-04
4.699999999999793232e+00 6.493000000000000074e-04
4.719999999999792806e+00 6.562500000000000408e-04
4.739999999999792379e+00 6.631000000000000175e-04
4.759999999999791953e+00 6.701899999999999785e-04
4.779999999999791527e+00 6.773200000000000271e-04
4.799999999999791100e+00 6.844699999999999569e-04
4.819999999999790674e+00 6.917100000000000028e-04
4.839999999999790248e+00 6.989500000000000487e-04
4.859999999999789821e+00 7.062600000000000041e-04
4.879999999999789395e+00 7.136199999999999878e-04
4.899999999999788969e+00 7.210100000000000103e-04
4.919999999999788542e+00 7.285199999999999705e-04
4.939999999999788116e+00 7.360000000000000006e-04
4.959999999999787690e+00 7.435999999999999685e-04
4.979999999999787264e+00 7.512000000000000448e-04
4.999999999999786837e+00 7.588599999999999816e-04
