-5.000000000000000000e+00 -4.873999999999999752e-04
-4.980000000000000426e+00 -4.825599999999999877e-04
-4.960000000000000853e+00 -4.778499999999999870e-04
-4.940000000000001279e+00 -4.731599999999999760e-04
-4.920000000000001705e+00 -4.684499999999999754e-04
-4.900000000000002132e+00 -4.638600000000000210e-04
-4.880000000000002558e+00 -4.592500000000000228e-04
-4.860000000000002984e+00 -4.547500000000000218e-04
-4.840000000000003411e+00 -4.502099999999999874e-04
-4.820000000000003837e+00 -4.456500000000000175e-04
-4.800000000000004263e+00 -4.412500000000000189e-04
-4.780000000000004690e+00 -4.367999999999999921e-04
-4.760000000000005116e+00 -4.323999999999999936e-04
-4.740000000000005542e+00 -4.280500000000000234e-04
-4.720000000000005969e+00 -4.237600000000000221e-04
-4.700000000000006395e+00 -4.194499999999999769e-04
-4.680000000000006821e+00 -4.151499999999999808e-04
-4.660000000000007248e+00 -4.109000000000000131e-04
-4.640000000000007674e+00 -4.067000000000000194e-04
-4.620000000000008100e+00 -4.025499999999999998e-04
-4.600000000000008527e+00 -3.983999999999999803e-04
-4.580000000000008953e+00 -3.942999999999999890e-04
-4.560000000000009379e+00 -3.901999999999999978e-04
-4.540000000000009805e+00 -3.861499999999999807e-04
-4.520000000000010232e+00 -3.821000000000000178e-04
-4.500000000000010658e+00 -3.780999999999999747e-04
-4.480000000000011084e+00 -3.741999999999999884e-04
-4.460000000000011511e+00 -3.703099999999999968e-04
-4.440000000000011937e+00 -3.664100000000000104e-04
-4.420000000000012363e+00 -3.624999999999999750e-04
-4.400000000000012790e+00 -3.586600000000000118e-04
-4.380000000000013216e+00 -3.548000000000000047e-04
-4.360000000000013642e+00 -3.510599999999999897e-04
-4.340000000000014069e+00 -3.472999999999999850e-04
-4.320000000000014495e+00 -3.435499999999999752e-04
-4.300000000000014921e+00 -3.399000000000000220e-04
-4.280000000000015348e+00 -3.361999999999999863e-04
-4.260000000000015774e+00 -3.326100000000000020e-04
-4.240000000000016200e+00 -3.289599999999999946e-04
-4.220000000000016627e+00 -3.254600000000000179e-04
-4.200000000000017053e+00 -3.219100000000000130e-04
-4.180000000000017479e+00 -3.183500000000000132e-04
-4.160000000000017906e+00 -3.148499999999999823e-04
-4.140000000000018332e+00 -3.113999999999999798e-04
-4.120000000000018758e+00 -3.080100000000000004e-04
-4.100000000000019185e+00 -3.046100000000000261e-04
-4.080000000000019611e+00 -3.012600000000000260e-04
-4.060000000000020037e+00 -2.978599999999999976e-04
-4.040000000000020464e+00 -2.945499999999999768e-04
-4.020000000000020890e+00 -2.912999999999999791e-04
-4.000000000000021316e+00 -2.880499999999999814e-04
-3.980000000000021743e+00 -2.848099999999999785e-04
-3.960000000000022169e+00 -2.816000000000000144e-04
-3.940000000000022595e+00 -2.783999999999999908e-04
-3.920000000000023022e+00 -2.753000000000000239e-04
-3.900000000000023448e+00 -2.721499999999999744e-04
-3.880000000000023874e+00 -2.690999999999999816e-04
-3.860000000000024301e+00 -2.660000000000000146e-04
-3.840000000000024727e+00 -2.630099999999999908e-04
-3.820000000000025153e+00 -2.599500000000000031e-04
-3.800000000000025580e+00 -2.570000000000000127e-04
-3.780000000000026006e+00 -2.540500000000000223e-04
-3.760000000000026432e+00 -2.510999999999999777e-04
-3.740000000000026859e+00 -2.482100000000000105e-04
-3.720000000000027285e+00 -2.453499999999999735e-04
-3.700000000000027711e+00 -2.425000000000000126e-04
-3.680000000000028137e+00 -2.396599999999999924e-04
-3.660000000000028564e+00 -2.368500000000000108e-04
-3.640000000000028990e+00 -2.340499999999999970e-04
-3.620000000000029416e+00 -2.313000000000000115e-04
-3.600000000000029843e+00 -2.285499999999999988e-04
-3.580000000000030269e+00 -2.258999999999999886e-04
-3.560000000000030695e+00 -2.232000000000000043e-04
-3.540000000000031122e+00 -2.205499999999999941e-04
-3.520000000000031548e+00 -2.179000000000000110e-04
-3.500000000000031974e+00 -2.153000000000000020e-04
-3.480000000000032401e+00 -2.126999999999999930e-04
-3.460000000000032827e+00 -2.101999999999999865e-04
-3.440000000000033253e+00 -2.076000000000000046e-04
-3.420000000000033680e+00 -2.050999999999999980e-04
-3.400000000000034106e+00 -2.025999999999999915e-04
-3.380000000000034532e+00 -2.001000000000000120e-04
-3.360000000000034959e+00 -1.977000000000000079e-04
-3.340000000000035385e+00 -1.952500000000000025e-04
-3.320000000000035811e+00 -1.928999999999999996e-04
-3.300000000000036238e+00 -1.904499999999999943e-04
-3.280000000000036664e+00 -1.880999999999999914e-04
-3.260000000000037090e+00 -1.857499999999999885e-04
-3.240000000000037517e+00 -1.834499999999999868e-04
-3.220000000000037943e+00 -1.811500000000000122e-04
-3.200000000000038369e+00 -1.788500000000000105e-04
-3.180000000000038796e+00 -1.766000000000000100e-04
-3.160000000000039222e+00 -1.744000000000000107e-04
-3.140000000000039648e+00 -1.722000000000000115e-04
-3.120000000000040075e+00 -1.700500000000000134e-04
-3.100000000000040501e+00 -1.678499999999999871e-04
-3.080000000000040927e+00 -1.656999999999999890e-04
-3.060000000000041354e+00 -1.635999999999999922e-04
-3.040000000000041780e+00 -1.614999999999999953e-04
-3.020000000000042206e+00 -1.594499999999999997e-04
-3.000000000000042633e+00 -1.574000000000000041e-04
-2.980000000000043059e+00 -1.553500000000000085e-04
-2.960000000000043485e+00 -1.533000000000000129e-04
-2.940000000000043912e+00 -1.512999999999999914e-04
-2.920000000000044338e+00 -1.492999999999999969e-04
-2.900000000000044764e+00 -1.473500000000000038e-04
-2.880000000000045191e+00 -1.454500000000000118e-04
-2.860000000000045617e+00 -1.434999999999999915e-04
-2.840000000000046043e+00 -1.417000000000000020e-04
-2.820000000000046469e+00 -1.398000000000000100e-04
-2.800000000000046896e+00 -1.379499999999999921e-04
-2.780000000000047322e+00 -1.361000000000000014e-04
-2.760000000000047748e+00 -1.343500000000000130e-04
-2.740000000000048175e+00 -1.325499999999999964e-04
-2.720000000000048601e+00 -1.307500000000000068e-04
-2.700000000000049027e+00 -1.290499999999999926e-04
-2.680000000000049454e+00 -1.273500000000000055e-04
-2.660000000000049880e+00 -1.256499999999999913e-04
-2.640000000000050306e+00 -1.239500000000000042e-04
-2.620000000000050733e+00 -1.222499999999999900e-04
-2.600000000000051159e+00 -1.206000000000000041e-04
-2.580000000000051585e+00 -1.190000000000000058e-04
-2.560000000000052012e+00 -1.173999999999999941e-04
-2.540000000000052438e+00 -1.157999999999999958e-04
-2.520000000000052864e+00 -1.142499999999999988e-04
-2.500000000000053291e+00 -1.126500000000000006e-04
-2.480000000000053717e+00 -1.111000000000000035e-04
-2.460000000000054143e+00 -1.095999999999999942e-04
-2.440000000000054570e+00 -1.080999999999999984e-04
-2.420000000000054996e+00 -1.066500000000000038e-04
-2.400000000000055422e+00 -1.051499999999999944e-04
-2.380000000000055849e+00 -1.036999999999999999e-04
-2.360000000000056275e+00 -1.022500000000000053e-04
-2.340000000000056701e+00 -1.009599999999999956e-04
-2.320000000000057128e+00 -9.955500000000000482e-05
-2.300000000000057554e+00 -9.817299999999999670e-05
-2.280000000000057980e+00 -9.680900000000000095e-05
-2.260000000000058407e+00 -9.544900000000000042e-05
-2.240000000000058833e+00 -9.411600000000000488e-05
-2.220000000000059259e+00 -9.278999999999999759e-05
-2.200000000000059686e+00 -9.148599999999999788e-05
-2.180000000000060112e+00 -9.019999999999999698e-05
-2.160000000000060538e+00 -8.892300000000000226e-05
-2.140000000000060965e+00 -8.765999999999999758e-05
-2.120000000000061391e+00 -8.641500000000000526e-05
-2.100000000000061817e+00 -8.517900000000000558e-05
-2.080000000000062244e+00 -8.396800000000000650e-05
-2.060000000000062670e+00 -8.276800000000000444e-05
-2.040000000000063096e+00 -8.158000000000000158e-05
-2.020000000000063523e+00 -8.039900000000000052e-05
-2.000000000000063949e+00 -7.924400000000000226e-05
-1.980000000000064375e+00 -7.810100000000000321e-05
-1.960000000000064801e+00 -7.696099999999999719e-05
-1.940000000000065228e+00 -7.583599999999999695e-05
-1.920000000000065654e+00 -7.472899999999999552e-05
-1.900000000000066080e+00 -7.363399999999999329e-05
-1.880000000000066507e+00 -7.255000000000000164e-05
-1.860000000000066933e+00 -7.148800000000000402e-05
-1.840000000000067359e+00 -7.043000000000000161e-05
-1.820000000000067786e+00 -6.938000000000000319e-05
-1.800000000000068212e+00 -6.834800000000000359e-05
-1.780000000000068638e+00 -6.733500000000000498e-05
-1.760000000000069065e+00 -6.632499999999999941e-05
-1.740000000000069491e+00 -6.532999999999999962e-05
-1.720000000000069917e+00 -6.433899999999999504e-05
-1.700000000000070344e+00 -6.336000000000000323e-05
-1.680000000000070770e+00 -6.239899999999999668e-05
-1.660000000000071196e+00 -6.145600000000000249e-05
-1.640000000000071623e+00 -6.051000000000000172e-05
-1.620000000000072049e+00 -5.957499999999999797e-05
-1.600000000000072475e+00 -5.865500000000000000e-05
-1.580000000000072902e+00 -5.773399999999999984e-05
-1.560000000000073328e+00 -5.683800000000000028e-05
-1.540000000000073754e+00 -5.594399999999999834e-05
-1.520000000000074181e+00 -5.506299999999999780e-05
-1.500000000000074607e+00 -5.419000000000000124e-05
-1.480000000000075033e+00 -5.332399999999999971e-05
-1.460000000000075460e+00 -5.246900000000000197e-05
-1.440000000000075886e+00 -5.161900000000000163e-05
-1.420000000000076312e+00 -5.078500000000000250e-05
-1.400000000000076739e+00 -4.997500000000000179e-05
-1.380000000000077165e+00 -4.914400000000000246e-05
-1.360000000000077591e+00 -4.833899999999999916e-05
-1.340000000000078018e+00 -4.752899999999999844e-05
-1.320000000000078444e+00 -4.673399999999999674e-05
-1.300000000000078870e+00 -4.594399999999999922e-05
-1.280000000000079297e+00 -4.516499999999999871e-05
-1.260000000000079723e+00 -4.438899999999999801e-05
-1.240000000000080149e+00 -4.362500000000000329e-05
-1.220000000000080576e+00 -4.286499999999999702e-05
-1.200000000000081002e+00 -4.211399999999999692e-05
-1.180000000000081428e+00 -4.136900000000000321e-05
-1.160000000000081855e+00 -4.063499999999999973e-05
-1.140000000000082281e+00 -3.990000000000000084e-05
-1.120000000000082707e+00 -3.916999999999999936e-05
-1.100000000000083134e+00 -3.844500000000000207e-05
-1.080000000000083560e+00 -3.772999999999999959e-05
-1.060000000000083986e+00 -3.702000000000000131e-05
-1.040000000000084412e+00 -3.631399999999999824e-05
-1.020000000000084839e+00 -3.561400000000000156e-05
-1.000000000000085265e+00 -3.491500000000000029e-05
-9.800000000000856915e-01 -3.422400000000000301e-05
-9.600000000000861178e-01 -3.353899999999999856e-05
-9.400000000000865441e-01 -3.284999999999999888e-05
-9.200000000000869704e-01 -3.216999999999999862e-05
-9.000000000000873968e-01 -3.148099999999999895e-05
-8.800000000000878231e-01 -3.080399999999999848e-05
-8.600000000000882494e-01 -3.012899999999999902e-05
-8.400000000000886757e-01 -2.946400000000000115e-05
-8.200000000000891021e-01 -2.879899999999999989e-05
-8.000000000000895284e-01 -2.813000000000000003e-05
-7.800000000000899547e-01 -2.746900000000000077e-05
-7.600000000000903810e-01 -2.680999999999999912e-05
-7.400000000000908074e-01 -2.614999999999999866e-05
-7.200000000000912337e-01 -2.549499999999999900e-05
-7.000000000000916600e-01 -2.483499999999999854e-05
-6.800000000000920863e-01 -2.417999999999999888e-05
-6.600000000000925127e-01 -2.351999999999999843e-05
-6.400000000000929390e-01 -2.286499999999999877e-05
-6.200000000000933653e-01 -2.220999999999999911e-05
-6.000000000000937916e-01 -2.155499999999999945e-05
-5.800000000000942180e-01 -2.089000000000000159e-05
-5.600000000000946443e-01 -2.023000000000000113e-05
-5.400000000000950706e-01 -1.957000000000000067e-05
-5.200000000000954969e-01 -1.889999999999999862e-05
-5.000000000000959233e-01 -1.824000000000000155e-05
-4.800000000000963496e-01 -1.756900000000000069e-05
-4.600000000000967759e-01 -1.690000000000000082e-05
-4.400000000000972022e-01 -1.622000000000000056e-05
-4.200000000000976286e-01 -1.554000000000000029e-05
-4.000000000000980549e-01 -1.486000000000000003e-05
-3.800000000000984812e-01 -1.418500000000000056e-05
-3.600000000000989075e-01 -1.348999999999999959e-05
-3.400000000000993339e-01 -1.279500000000000032e-05
-3.200000000000997602e-01 -1.209500000000000024e-05
-3.000000000001001865e-01 -1.138500000000000026e-05
-2.800000000001006129e-01 -1.067500000000000028e-05
-2.600000000001010392e-01 -9.963299999999999967e-06
-2.400000000001014655e-01 -9.241100000000000342e-06
-2.200000000001018918e-01 -8.509999999999999837e-06
-2.000000000001023182e-01 -7.772799999999999509e-06
-1.800000000001027445e-01 -7.028000000000000305e-06
-1.600000000001031708e-01 -6.274300000000000219e-06
-1.400000000001035971e-01 -5.516000000000000212e-06
-1.200000000001040235e-01 -4.748400000000000141e-06
-1.000000000001044498e-01 -3.970500000000000356e-06
-8.000000000010487611e-02 -3.187900000000000005e-06
-6.000000000010530243e-02 -2.395500000000000189e-06
-4.000000000010572876e-02 -1.588999999999999948e-06
-2.000000000010615508e-02 -7.779700000000000240e-07
-1.065814103640150279e-13 4.020000000000000263e-08
1.999999999989299226e-02 8.749499999999999831e-07
3.999999999989256594e-02 1.717500000000000073e-06
5.999999999989213961e-02 2.570899999999999814e-06
7.999999999989171329e-02 3.434899999999999927e-06
9.999999999989128696e-02 4.308100000000000308e-06
1.199999999998908606e-01 5.195899999999999668e-06
1.399999999998904343e-01 6.085499999999999588e-06
1.599999999998900080e-01 6.997999999999999745e-06
1.799999999998895817e-01 7.918099999999999626e-06
1.999999999998891553e-01 8.849400000000000349e-06
2.199999999998887290e-01 9.797099999999999762e-06
2.399999999998883027e-01 1.076000000000000032e-05
2.599999999998878764e-01 1.172999999999999950e-05
2.799999999998874500e-01 1.271499999999999939e-05
2.999999999998870237e-01 1.371499999999999998e-05
3.199999999998865974e-01 1.472500000000000047e-05
3.399999999998861711e-01 1.575500000000000077e-05
3.599999999998857447e-01 1.679000000000000018e-05
3.799999999998853184e-01 1.784499999999999940e-05
3.999999999998848921e-01 1.891500000000000101e-05
4.199999999998844658e-01 2.000000000000000164e-05
4.399999999998840394e-01 2.110499999999999868e-05
4.599999999998836131e-01 2.221899999999999852e-05
4.799999999998831868e-01 2.335499999999999916e-05
4.999999999998827604e-01 2.449900000000000040e-05
5.199999999998823341e-01 2.566400000000000026e-05
5.399999999998819078e-01 2.684399999999999913e-05
5.599999999998814815e-01 2.804500000000000000e-05
5.799999999998810551e-01 2.926499999999999848e-05
5.999999999998806288e-01 3.049999999999999936e-05
6.199999999998802025e-01 3.174899999999999706e-05
6.399999999998797762e-01 3.300000000000000253e-05
6.599999999998793498e-01 3.428900000000000323e-05
6.799999999998789235e-01 3.559900000000000255e-05
6.999999999998784972e-01 3.692500000000000307e-05
7.199999999998780709e-01 3.826999999999999781e-05
7.399999999998776445e-01 3.963899999999999775e-05
7.599999999998772182e-01 4.102500000000000108e-05
7.799999999998767919e-01 4.242900000000000322e-05
7.999999999998763656e-01 4.385399999999999720e-05
8.199999999998759392e-01 4.530500000000000076e-05
8.399999999998755129e-01 4.677499999999999855e-05
8.599999999998750866e-01 4.826499999999999953e-05
8.799999999998746603e-01 4.977400000000000151e-05
8.999999999998742339e-01 5.130499999999999752e-05
9.199999999998738076e-01 5.286400000000000072e-05
9.399999999998733813e-01 5.444499999999999795e-05
9.599999999998729550e-01 5.605400000000000237e-05
9.799999999998725286e-01 5.767900000000000121e-05
9.999999999998721023e-01 5.932900000000000066e-05
1.019999999999871676e+00 6.100299999999999852e-05
1.039999999999871250e+00 6.270000000000000616e-05
1.059999999999870823e+00 6.442499999999999388e-05
1.079999999999870397e+00 6.617599999999999795e-05
1.099999999999869971e+00 6.794899999999999606e-05
1.119999999999869544e+00 6.975600000000000095e-05
1.139999999999869118e+00 7.157400000000000285e-05
1.159999999999868692e+00 7.347399999999999483e-05
1.179999999999868265e+00 7.534799999999999755e-05
1.199999999999867839e+00 7.725500000000000487e-05
1.219999999999867413e+00 7.918800000000000144e-05
1.239999999999866986e+00 8.114800000000000301e-05
1.259999999999866560e+00 8.313300000000000518e-05
1.279999999999866134e+00 8.514499999999999879e-05
1.299999999999865707e+00 8.718299999999999520e-05
1.319999999999865281e+00 8.925399999999999621e-05
1.339999999999864855e+00 9.135499999999999524e-05
1.359999999999864428e+00 9.347499999999999527e-05
1.379999999999864002e+00 9.562799999999999990e-05
1.399999999999863576e+00 9.781499999999999776e-05
1.419999999999863149e+00 1.000099999999999996e-04
1.439999999999862723e+00 1.022600000000000001e-04
1.459999999999862297e+00 1.045300000000000038e-04
1.479999999999861870e+00 1.068499999999999951e-04
1.499999999999861444e+00 1.091499999999999968e-04
1.519999999999861018e+00 1.115500000000000009e-04
1.539999999999860592e+00 1.139000000000000038e-04
1.559999999999860165e+00 1.162999999999999944e-04
1.579999999999859739e+00 1.187499999999999998e-04
1.599999999999859313e+00 1.212500000000000063e-04
1.619999999999858886e+00 1.237499999999999993e-04
1.639999999999858460e+00 1.263000000000000071e-04
1.659999999999858034e+00 1.288499999999999878e-04
1.679999999999857607e+00 1.313999999999999955e-04
1.699999999999857181e+00 1.341000000000000070e-04
1.719999999999856755e+00 1.366999999999999888e-04
1.739999999999856328e+00 1.394500000000000015e-04
1.759999999999855902e+00 1.421500000000000129e-04
1.779999999999855476e+00 1.448999999999999984e-04
1.799999999999855049e+00 1.477000000000000123e-04
1.819999999999854623e+00 1.505500000000000002e-04
1.839999999999854197e+00 1.533999999999999882e-04
1.859999999999853770e+00 1.563000000000000045e-04
1.879999999999853344e+00 1.592499999999999949e-04
1.899999999999852918e+00 1.622000000000000124e-04
1.919999999999852491e+00 1.651500000000000027e-04
1.939999999999852065e+00 1.681499999999999943e-04
1.959999999999851639e+00 1.712499999999999884e-04
1.979999999999851212e+00 1.743500000000000095e-04
1.999999999999850786e+00 1.774500000000000036e-04
2.019999999999850360e+00 1.805999999999999988e-04
2.039999999999849933e+00 1.837999999999999953e-04
2.059999999999849507e+00 1.870499999999999930e-04
2.079999999999849081e+00 1.902999999999999906e-04
2.099999999999848654e+00 1.936499999999999908e-04
2.119999999999848228e+00 1.969499999999999897e-04
2.139999999999847802e+00 2.003499999999999910e-04
2.159999999999847375e+00 2.036999999999999911e-04
2.179999999999846949e+00 2.071999999999999949e-04
2.199999999999846523e+00 2.106999999999999986e-04
2.219999999999846096e+00 2.142000000000000024e-04
2.239999999999845670e+00 2.177500000000000074e-04
2.259999999999845244e+00 2.213000000000000123e-04
2.279999999999844817e+00 2.249999999999999938e-04
2.299999999999844391e+00 2.286500000000000012e-04
2.319999999999843965e+00 2.323500000000000099e-04
2.339999999999843538e+00 2.361499999999999938e-04
2.359999999999843112e+00 2.399500000000000049e-04
2.379999999999842686e+00 2.437499999999999888e-04
2.399999999999842260e+00 2.476600000000000242e-04
2.419999999999841833e+00 2.515500000000000158e-04
2.439999999999841407e+00 2.554999999999999763e-04
2.459999999999840981e+00 2.595499999999999934e-04
2.479999999999840554e+00 2.636000000000000105e-04
2.499999999999840128e+00 2.676600000000000225e-04
2.519999999999839702e+00 2.717999999999999930e-04
2.539999999999839275e+00 2.759999999999999867e-04
2.559999999999838849e+00 2.801999999999999803e-04
2.579999999999838423e+00 2.844500000000000023e-04
2.599999999999837996e+00 2.888000000000000267e-04
2.619999999999837570e+00 2.931499999999999970e-04
2.639999999999837144e+00 2.975499999999999955e-04
2.659999999999836717e+00 3.020499999999999964e-04
2.679999999999836291e+00 3.065000000000000233e-04
2.699999999999835865e+00 3.110000000000000243e-04
2.719999999999835438e+00 3.156100000000000225e-04
2.739999999999835012e+00 3.202999999999999793e-04
2.759999999999834586e+00 3.249500000000000110e-04
2.779999999999834159e+00 3.296999999999999909e-04
2.799999999999833733e+00 3.344999999999999992e-04
2.819999999999833307e+00 3.393599999999999763e-04
2.839999999999832880e+00 3.442499999999999922e-04
2.859999999999832454e+00 3.492100000000000260e-04
2.879999999999832028e+00 3.541999999999999901e-04
2.899999999999831601e+00 3.592499999999999773e-04
2.919999999999831175e+00 3.643499999999999929e-04
2.939999999999830749e+00 3.694999999999999825e-04
2.959999999999830322e+00 3.747000000000000005e-04
2.979999999999829896e+00 3.799499999999999926e-04
2.999999999999829470e+00 3.852500000000000130e-04
3.019999999999829043e+00 3.906499999999999816e-04
3.039999999999828617e+00 3.960599999999999993e-04
3.059999999999828191e+00 4.015600000000000246e-04
3.079999999999827764e+00 4.070500000000000008e-04
3.099999999999827338e+00 4.126600000000000233e-04
3.119999999999826912e+00 4.182500000000000020e-04
3.139999999999826485e+00 4.239499999999999779e-04
3.159999999999826059e+00 4.296999999999999821e-04
3.179999999999825633e+00 4.355000000000000147e-04
3.199999999999825206e+00 4.415099999999999927e-04
3.219999999999824780e+00 4.474099999999999735e-04
3.239999999999824354e+00 4.534000000000000161e-04
3.259999999999823928e+00 4.593999999999999993e-04
3.279999999999823501e+00 4.654999999999999850e-04
3.299999999999823075e+00 4.716499999999999989e-04
3.319999999999822649e+00 4.778499999999999870e-04
3.339999999999822222e+00 4.841099999999999982e-04
3.359999999999821796e+00 4.903999999999999939e-04
3.379999999999821370e+00 4.968000000000000410e-04
3.399999999999820943e+00 5.032399999999999591e-04
3.419999999999820517e+00 5.097699999999999931e-04
3.439999999999820091e+00 5.162899999999999781e-04
3.459999999999819664e+00 5.228500000000000508e-04
3.479999999999819238e+00 5.295000000000000227e-04
3.499999999999818812e+00 5.362599999999999919e-04
3.519999999999818385e+00 5.430600000000000488e-04
3.539999999999817959e+00 5.499100000000000255e-04
3.559999999999817533e+00 5.568599999999999505e-04
3.579999999999817106e+00 5.638000000000000433e-04
3.599999999999816680e+00 5.708599999999999655e-04
3.619999999999816254e+00 5.779599999999999755e-04
3.639999999999815827e+00 5.851100000000000138e-04
3.659999999999815401e+00 5.923499999999999512e-04
3.679999999999814975e+00 5.996499999999999660e-04
3.699999999999814548e+00 6.070099999999999498e-04
3.719999999999814122e+00 6.143099999999999646e-04
3.739999999999813696e+00 6.218000000000000436e-04
3.759999999999813269e+00 6.293699999999999729e-04
3.779999999999812843e+00 6.369700000000000492e-04
3.799999999999812417e+00 6.446499999999999756e-04
3.819999999999811990e+00 6.524000000000000285e-04
3.839999999999811564e+00 6.602100000000000503e-04
3.859999999999811138e+00 6.680500000000000023e-04
3.879999999999810711e+00 6.760100000000000007e-04
3.899999999999810285e+00 6.840499999999999576e-04
3.919999999999809859e+00 6.920999999999999635e-04
3.939999999999809432e+00 7.002599999999999667e-04
3.959999999999809006e+00 7.084599999999999492e-04
3.979999999999808580e+00 7.167200000000000090e-04
3.999999999999808153e+00 7.250600000000000274e-04
4.019999999999807727e+00 7.334600000000000147e-04
4.039999999999807301e+00 7.419599999999999503e-04
4.059999999999806874e+00 7.505399999999999528e-04
4.079999999999806448e+00 7.591499999999999941e-04
4.099999999999806022e+00 7.678000000000000146e-04
4.119999999999805596e+00 7.765600000000000324e-04
4.139999999999805169e+00 7.854099999999999493e-04
4.159999999999804743e+00 7.942900000000000134e-04
4.179999999999804317e+00 8.032900000000000153e-04
4.199999999999803890e+00 8.123499999999999862e-04
4.219999999999803464e+00 8.214099999999999570e-04
4.239999999999803038e+00 8.306200000000000128e-04
4.259999999999802611e+00 8.399199999999999678e-04
4.279999999999802185e+00 8.492200000000000313e-04
4.299999999999801759e+00 8.586000000000000533e-04
4.319999999999801332e+00 8.680499999999999848e-04
4.339999999999800906e+00 8.776199999999999626e-04
4.359999999999800480e+00 8.871499999999999612e-04
4.379999999999800053e+00 8.968700000000000240e-04
4.399999999999799627e+00 9.066499999999999473e-04
4.419999999999799201e+00 9.165100000000000460e-04
4.439999999999798774e+00 9.263399999999999976e-04
4.459999999999798348e+00 9.363600000000000135e-04
4.479999999999797922e+00 9.463400000000000501e-04
4.499999999999797495e+00 9.564499999999999651e-04
4.519999999999797069e+00 9.667000000000000245e-04
4.539999999999796643e+00 9.769799999999999058e-04
4.559999999999796216e+00 9.872900000000000426e-04
4.579999999999795790e+00 9.977199999999999003e-04
4.599999999999795364e+00 1.008199999999999895e-03
4.619999999999794937e+00 1.018800000000000044e-03
4.639999999999794511e+00 1.029399999999999976e-03
4.659999999999794085e+00 1.040099999999999966e-03
4.679999999999793658e+00 1.049500000000000086e-03
4.699999999999793232e+00 1.060500000000000028e-03
4.719999999999792806e+00 1.071499999999999970e-03
4.739999999999792379e+00 1.082499999999999912e-03
4.759999999999791953e+00 1.093000000000000005e-03
4.779999999999791527e+00 1.104500000000000013e-03
4.799999999999791100e+00 1.116000000000000021e-03
4.819999999999790674e+00 1.126999999999999964e-03
4.839999999999790248e+00 1.137999999999999906e-03
4.859999999999789821e+00 1.149499999999999914e-03
4.879999999999789395e+00 1.161499999999999989e-03
4.899999999999788969e+00 1.172999999999999998e-03
4.919999999999788542e+00 1.184500000000000006e-03
4.939999999999788116e+00 1.196000000000000014e-03
4.959999999999787690e+00 1.208000000000000089e-03
4.979999999999787264e+00 1.219999999999999947e-03
4.999999999999786837e+00 1.232000000000000022e-03
