-5.000000000000000000e+00 -7.576599999999999524e-04
-4.980000000000000426e+00 -7.503600000000000460e-04
-4.960000000000000853e+00 -7.432699999999999767e-04
-4.940000000000001279e+00 -7.362999999999999537e-04
-4.920000000000001705e+00 -7.292899999999999513e-04
-4.900000000000002132e+00 -7.224100000000000443e-04
-4.880000000000002558e+00 -7.154900000000000496e-04
-4.860000000000002984e+00 -7.086700000000000031e-04
-4.840000000000003411e+00 -7.018999999999999849e-04
-4.820000000000003837e+00 -6.950500000000000081e-04
-4.800000000000004263e+00 -6.883399999999999588e-04
-4.780000000000004690e+00 -6.817000000000000360e-04
-4.760000000000005116e+00 -6.749899999999999867e-04
-4.740000000000005542e+00 -6.684599999999999527e-04
-4.720000000000005969e+00 -6.619100000000000374e-04
-4.700000000000006395e+00 -6.553499999999999647e-04
-4.680000000000006821e+00 -6.489199999999999873e-04
-4.660000000000007248e+00 -6.425099999999999995e-04
-4.640000000000007674e+00 -6.361000000000000118e-04
-4.620000000000008100e+00 -6.298400000000000006e-04
-4.600000000000008527e+00 -6.236100000000000280e-04
-4.580000000000008953e+00 -6.172900000000000479e-04
-4.560000000000009379e+00 -6.110999999999999462e-04
-4.540000000000009805e+00 -6.049000000000000123e-04
-4.520000000000010232e+00 -5.988499999999999466e-04
-4.500000000000010658e+00 -5.927999999999999893e-04
-4.480000000000011084e+00 -5.868699999999999698e-04
-4.460000000000011511e+00 -5.809100000000000201e-04
-4.440000000000011937e+00 -5.749499999999999620e-04
-4.420000000000012363e+00 -5.690499999999999812e-04
-4.400000000000012790e+00 -5.632599999999999977e-04
-4.380000000000013216e+00 -5.573899999999999471e-04
-4.360000000000013642e+00 -5.516400000000000513e-04
-4.340000000000014069e+00 -5.460099999999999849e-04
-4.320000000000014495e+00 -5.403199999999999496e-04
-4.300000000000014921e+00 -5.347099999999999813e-04
-4.280000000000015348e+00 -5.291399999999999923e-04
-4.260000000000015774e+00 -5.236000000000000420e-04
-4.240000000000016200e+00 -5.181100000000000115e-04
-4.220000000000016627e+00 -5.126599999999999603e-04
-4.200000000000017053e+00 -5.072899999999999762e-04
-4.180000000000017479e+00 -5.019000000000000024e-04
-4.160000000000017906e+00 -4.965699999999999975e-04
-4.140000000000018332e+00 -4.912900000000000210e-04
-4.120000000000018758e+00 -4.861099999999999926e-04
-4.100000000000019185e+00 -4.809099999999999746e-04
-4.080000000000019611e+00 -4.757499999999999902e-04
-4.060000000000020037e+00 -4.706499999999999746e-04
-4.040000000000020464e+00 -4.655999999999999874e-04
-4.020000000000020890e+00 -4.605100000000000209e-04
-4.000000000000021316e+00 -4.556000000000000154e-04
-3.980000000000021743e+00 -4.505499999999999739e-04
-3.960000000000022169e+00 -4.456500000000000175e-04
-3.940000000000022595e+00 -4.408500000000000092e-04
-3.920000000000023022e+00 -4.360100000000000217e-04
-3.900000000000023448e+00 -4.312100000000000134e-04
-3.880000000000023874e+00 -4.264599999999999793e-04
-3.860000000000024301e+00 -4.217499999999999786e-04
-3.840000000000024727e+00 -4.171600000000000243e-04
-3.820000000000025153e+00 -4.125099999999999926e-04
-3.800000000000025580e+00 -4.078999999999999944e-04
-3.780000000000026006e+00 -4.033600000000000141e-04
-3.760000000000026432e+00 -3.987999999999999900e-04
-3.740000000000026859e+00 -3.942999999999999890e-04
-3.720000000000027285e+00 -3.898600000000000112e-04
-3.700000000000027711e+00 -3.854500000000000179e-04
-3.680000000000028137e+00 -3.810999999999999934e-04
-3.660000000000028564e+00 -3.767500000000000232e-04
-3.640000000000028990e+00 -3.724600000000000220e-04
-3.620000000000029416e+00 -3.681499999999999768e-04
-3.600000000000029843e+00 -3.639499999999999832e-04
-3.580000000000030269e+00 -3.597599999999999843e-04
-3.560000000000030695e+00 -3.556000000000000241e-04
-3.540000000000031122e+00 -3.514599999999999994e-04
-3.520000000000031548e+00 -3.474099999999999823e-04
-3.500000000000031974e+00 -3.433500000000000245e-04
-3.480000000000032401e+00 -3.393000000000000074e-04
-3.460000000000032827e+00 -3.354000000000000210e-04
-3.440000000000033253e+00 -3.314500000000000063e-04
-3.420000000000033680e+00 -3.275600000000000148e-04
-3.400000000000034106e+00 -3.236499999999999794e-04
-3.380000000000034532e+00 -3.198499999999999954e-04
-3.360000000000034959e+00 -3.160099999999999780e-04
-3.340000000000035385e+00 -3.122499999999999733e-04
-3.320000000000035811e+00 -3.085000000000000177e-04
-3.300000000000036238e+00 -3.047999999999999820e-04
-3.280000000000036664e+00 -3.011499999999999746e-04
-3.260000000000037090e+00 -2.975000000000000214e-04
-3.240000000000037517e+00 -2.939500000000000164e-04
-3.220000000000037943e+00 -2.903499999999999831e-04
-3.200000000000038369e+00 -2.868500000000000064e-04
-3.180000000000038796e+00 -2.833499999999999756e-04
-3.160000000000039222e+00 -2.798999999999999730e-04
-3.140000000000039648e+00 -2.764500000000000247e-04
-3.120000000000040075e+00 -2.730499999999999963e-04
-3.100000000000040501e+00 -2.696999999999999962e-04
-3.080000000000040927e+00 -2.663599999999999909e-04
-3.060000000000041354e+00 -2.630500000000000243e-04
-3.040000000000041780e+00 -2.598500000000000007e-04
-3.020000000000042206e+00 -2.565499999999999747e-04
-3.000000000000042633e+00 -2.533500000000000053e-04
-2.980000000000043059e+00 -2.502100000000000049e-04
-2.960000000000043485e+00 -2.471099999999999837e-04
-2.940000000000043912e+00 -2.438999999999999925e-04
-2.920000000000044338e+00 -2.407999999999999984e-04
-2.900000000000044764e+00 -2.377600000000000004e-04
-2.880000000000045191e+00 -2.347499999999999869e-04
-2.860000000000045617e+00 -2.317999999999999965e-04
-2.840000000000046043e+00 -2.288500000000000061e-04
-2.820000000000046469e+00 -2.259499999999999898e-04
-2.800000000000046896e+00 -2.230500000000000007e-04
-2.780000000000047322e+00 -2.202000000000000127e-04
-2.760000000000047748e+00 -2.173499999999999976e-04
-2.740000000000048175e+00 -2.145500000000000109e-04
-2.720000000000048601e+00 -2.118099999999999931e-04
-2.700000000000049027e+00 -2.090999999999999868e-04
-2.680000000000049454e+00 -2.063500000000000013e-04
-2.660000000000049880e+00 -2.036499999999999899e-04
-2.640000000000050306e+00 -2.010500000000000080e-04
-2.620000000000050733e+00 -1.983999999999999978e-04
-2.600000000000051159e+00 -1.957999999999999888e-04
-2.580000000000051585e+00 -1.932500000000000081e-04
-2.560000000000052012e+00 -1.907500000000000016e-04
-2.540000000000052438e+00 -1.881999999999999938e-04
-2.520000000000052864e+00 -1.857499999999999885e-04
-2.500000000000053291e+00 -1.832500000000000090e-04
-2.480000000000053717e+00 -1.808000000000000037e-04
-2.460000000000054143e+00 -1.783999999999999996e-04
-2.440000000000054570e+00 -1.760499999999999966e-04
-2.420000000000054996e+00 -1.737499999999999949e-04
-2.400000000000055422e+00 -1.713999999999999920e-04
-2.380000000000055849e+00 -1.691499999999999916e-04
-2.360000000000056275e+00 -1.668499999999999899e-04
-2.340000000000056701e+00 -1.645999999999999894e-04
-2.320000000000057128e+00 -1.623499999999999889e-04
-2.300000000000057554e+00 -1.601999999999999908e-04
-2.280000000000057980e+00 -1.580499999999999928e-04
-2.260000000000058407e+00 -1.558499999999999935e-04
-2.240000000000058833e+00 -1.537499999999999967e-04
-2.220000000000059259e+00 -1.515999999999999986e-04
-2.200000000000059686e+00 -1.495500000000000030e-04
-2.180000000000060112e+00 -1.475000000000000074e-04
-2.160000000000060538e+00 -1.454500000000000118e-04
-2.140000000000060965e+00 -1.434999999999999915e-04
-2.120000000000061391e+00 -1.414999999999999971e-04
-2.100000000000061817e+00 -1.395500000000000039e-04
-2.080000000000062244e+00 -1.375500000000000095e-04
-2.060000000000062670e+00 -1.355999999999999892e-04
-2.040000000000063096e+00 -1.337499999999999984e-04
-2.020000000000063523e+00 -1.318500000000000065e-04
-2.000000000000063949e+00 -1.299999999999999886e-04
-1.980000000000064375e+00 -1.281499999999999979e-04
-1.960000000000064801e+00 -1.263500000000000083e-04
-1.940000000000065228e+00 -1.245499999999999917e-04
-1.920000000000065654e+00 -1.227500000000000021e-04
-1.900000000000066080e+00 -1.210000000000000002e-04
-1.880000000000066507e+00 -1.192499999999999984e-04
-1.860000000000066933e+00 -1.175499999999999977e-04
-1.840000000000067359e+00 -1.158499999999999970e-04
-1.820000000000067786e+00 -1.141999999999999976e-04
-1.800000000000068212e+00 -1.124999999999999969e-04
-1.780000000000068638e+00 -1.108999999999999987e-04
-1.760000000000069065e+00 -1.092499999999999992e-04
-1.740000000000069491e+00 -1.075999999999999998e-04
-1.720000000000069917e+00 -1.060500000000000028e-04
-1.700000000000070344e+00 -1.044500000000000045e-04
-1.680000000000070770e+00 -1.028999999999999940e-04
-1.660000000000071196e+00 -1.013900000000000033e-04
-1.640000000000071623e+00 -9.987899999999999697e-05
-1.620000000000072049e+00 -9.836200000000000455e-05
-1.600000000000072475e+00 -9.687200000000000357e-05
-1.580000000000072902e+00 -9.539000000000000658e-05
-1.560000000000073328e+00 -9.392900000000000142e-05
-1.540000000000073754e+00 -9.247999999999999548e-05
-1.520000000000074181e+00 -9.105299999999999711e-05
-1.500000000000074607e+00 -8.962999999999999396e-05
-1.480000000000075033e+00 -8.822199999999999660e-05
-1.460000000000075460e+00 -8.683300000000000025e-05
-1.440000000000075886e+00 -8.545799999999999393e-05
-1.420000000000076312e+00 -8.409500000000000037e-05
-1.400000000000076739e+00 -8.276499999999999786e-05
-1.380000000000077165e+00 -8.142399999999999833e-05
-1.360000000000077591e+00 -8.009700000000000240e-05
-1.340000000000078018e+00 -7.878999999999999611e-05
-1.320000000000078444e+00 -7.749000000000000516e-05
-1.300000000000078870e+00 -7.620099999999999769e-05
-1.280000000000079297e+00 -7.492300000000000077e-05
-1.260000000000079723e+00 -7.365999999999999609e-05
-1.240000000000080149e+00 -7.240100000000000019e-05
-1.220000000000080576e+00 -7.116000000000000309e-05
-1.200000000000081002e+00 -6.992400000000000340e-05
-1.180000000000081428e+00 -6.869799999999999854e-05
-1.160000000000081855e+00 -6.748400000000000644e-05
-1.140000000000082281e+00 -6.628400000000000437e-05
-1.120000000000082707e+00 -6.508400000000000231e-05
-1.100000000000083134e+00 -6.389999999999999467e-05
-1.080000000000083560e+00 -6.272300000000000238e-05
-1.060000000000083986e+00 -6.154499999999999435e-05
-1.040000000000084412e+00 -6.038900000000000068e-05
-1.020000000000084839e+00 -5.924000000000000202e-05
-1.000000000000085265e+00 -5.809000000000000117e-05
-9.800000000000856915e-01 -5.694499999999999774e-05
-9.600000000000861178e-01 -5.581399999999999789e-05
-9.400000000000865441e-01 -5.468299999999999805e-05
-9.200000000000869704e-01 -5.356000000000000219e-05
-9.000000000000873968e-01 -5.241499999999999876e-05
-8.800000000000878231e-01 -5.129899999999999792e-05
-8.600000000000882494e-01 -5.018500000000000147e-05
-8.400000000000886757e-01 -4.907900000000000224e-05
-8.200000000000891021e-01 -4.797999999999999802e-05
-8.000000000000895284e-01 -4.687900000000000297e-05
-7.800000000000899547e-01 -4.577999999999999875e-05
-7.600000000000903810e-01 -4.469000000000000072e-05
-7.400000000000908074e-01 -4.358400000000000148e-05
-7.200000000000912337e-01 -4.250399999999999827e-05
-7.000000000000916600e-01 -4.140999999999999824e-05
-6.800000000000920863e-01 -4.032400000000000220e-05
-6.600000000000925127e-01 -3.922499999999999799e-05
-6.400000000000929390e-01 -3.814500000000000155e-05
-6.200000000000933653e-01 -3.704399999999999973e-05
-6.000000000000937916e-01 -3.594899999999999750e-05
-5.800000000000942180e-01 -3.485000000000000006e-05
-5.600000000000946443e-01 -3.374899999999999824e-05
-5.400000000000950706e-01 -3.264500000000000339e-05
-5.200000000000954969e-01 -3.153999999999999957e-05
-5.000000000000959233e-01 -3.042999999999999834e-05
-4.800000000000963496e-01 -2.931400000000000089e-05
-4.600000000000967759e-01 -2.818900000000000065e-05
-4.400000000000972022e-01 -2.707000000000000001e-05
-4.200000000000976286e-01 -2.593500000000000156e-05
-4.000000000000980549e-01 -2.479999999999999972e-05
-3.800000000000984812e-01 -2.366999999999999869e-05
-3.600000000000989075e-01 -2.251500000000000043e-05
-3.400000000000993339e-01 -2.135000000000000057e-05
-3.200000000000997602e-01 -2.018500000000000071e-05
-3.000000000001001865e-01 -1.900000000000000105e-05
-2.800000000001006129e-01 -1.781500000000000138e-05
-2.600000000001010392e-01 -1.661900000000000131e-05
-2.400000000001014655e-01 -1.540999999999999984e-05
-2.200000000001018918e-01 -1.418999999999999966e-05
-2.000000000001023182e-01 -1.295999999999999958e-05
-1.800000000001027445e-01 -1.171500000000000049e-05
-1.600000000001031708e-01 -1.045999999999999980e-05
-1.400000000001035971e-01 -9.193100000000000124e-06
-1.200000000001040235e-01 -7.918600000000000722e-06
-1.000000000001044498e-01 -6.623299999999999758e-06
-8.000000000010487611e-02 -5.314400000000000313e-06
-6.000000000010530243e-02 -3.991399999999999596e-06
-4.000000000010572876e-02 -2.650400000000000069e-06
-2.000000000010615508e-02 -1.295999999999999958e-06
-1.065814103640150279e-13 6.855400000000000625e-08
1.999999999989299226e-02 1.453999999999999970e-06
3.999999999989256594e-02 2.858899999999999851e-06
5.999999999989213961e-02 4.278499999999999778e-06
7.999999999989171329e-02 5.714399999999999871e-06
9.999999999989128696e-02 7.172299999999999922e-06
1.199999999998908606e-01 8.645500000000000488e-06
1.399999999998904343e-01 1.012999999999999957e-05
1.599999999998900080e-01 1.164499999999999947e-05
1.799999999998895817e-01 1.317500000000000007e-05
1.999999999998891553e-01 1.471999999999999967e-05
2.199999999998887290e-01 1.629999999999999979e-05
2.399999999998883027e-01 1.788999999999999982e-05
2.599999999998878764e-01 1.949999999999999965e-05
2.799999999998874500e-01 2.112999999999999929e-05
2.999999999998870237e-01 2.278900000000000153e-05
3.199999999998865974e-01 2.447499999999999860e-05
3.399999999998861711e-01 2.617499999999999927e-05
3.599999999998857447e-01 2.789499999999999974e-05
3.799999999998853184e-01 2.963500000000000002e-05
3.999999999998848921e-01 3.140999999999999912e-05
4.199999999998844658e-01 3.320900000000000002e-05
4.399999999998840394e-01 3.502499999999999754e-05
4.599999999998836131e-01 3.687500000000000185e-05
4.799999999998831868e-01 3.874500000000000258e-05
4.999999999998827604e-01 4.064500000000000133e-05
5.199999999998823341e-01 4.255999999999999909e-05
5.399999999998819078e-01 4.452499999999999806e-05
5.599999999998814815e-01 4.649900000000000322e-05
5.799999999998810551e-01 4.849899999999999762e-05
5.999999999998806288e-01 5.053899999999999842e-05
6.199999999998802025e-01 5.260500000000000202e-05
6.399999999998797762e-01 5.466499999999999924e-05
6.599999999998793498e-01 5.678499999999999927e-05
6.799999999998789235e-01 5.893400000000000190e-05
6.999999999998784972e-01 6.112099999999999977e-05
7.199999999998780709e-01 6.334100000000000223e-05
7.399999999998776445e-01 6.558400000000000091e-05
7.599999999998772182e-01 6.786000000000000419e-05
7.799999999998767919e-01 7.015800000000000150e-05
7.999999999998763656e-01 7.250499999999999784e-05
8.199999999998759392e-01 7.487799999999999697e-05
8.399999999998755129e-01 7.728500000000000289e-05
8.599999999998750866e-01 7.973200000000000166e-05
8.799999999998746603e-01 8.221299999999999366e-05
8.999999999998742339e-01 8.470900000000000500e-05
9.199999999998738076e-01 8.726499999999999882e-05
9.399999999998733813e-01 8.985399999999999724e-05
9.599999999998729550e-01 9.247299999999999368e-05
9.799999999998725286e-01 9.513299999999999871e-05
9.999999999998721023e-01 9.783000000000000355e-05
1.019999999999871676e+00 1.005500000000000046e-04
1.039999999999871250e+00 1.033300000000000017e-04
1.059999999999870823e+00 1.061000000000000040e-04
1.079999999999870397e+00 1.089500000000000055e-04
1.099999999999869971e+00 1.118499999999999947e-04
1.119999999999869544e+00 1.147999999999999986e-04
1.139999999999869118e+00 1.177500000000000026e-04
1.159999999999868692e+00 1.208499999999999966e-04
1.179999999999868265e+00 1.238500000000000018e-04
1.199999999999867839e+00 1.269499999999999958e-04
1.219999999999867413e+00 1.300999999999999910e-04
1.239999999999866986e+00 1.332999999999999875e-04
1.259999999999866560e+00 1.365000000000000111e-04
1.279999999999866134e+00 1.397500000000000088e-04
1.299999999999865707e+00 1.430500000000000077e-04
1.319999999999865281e+00 1.464500000000000090e-04
1.339999999999864855e+00 1.498500000000000103e-04
1.359999999999864428e+00 1.532500000000000116e-04
1.379999999999864002e+00 1.567499999999999883e-04
1.399999999999863576e+00 1.602999999999999933e-04
1.419999999999863149e+00 1.638499999999999983e-04
1.439999999999862723e+00 1.674500000000000044e-04
1.459999999999862297e+00 1.711000000000000118e-04
1.479999999999861870e+00 1.748499999999999946e-04
1.499999999999861444e+00 1.786000000000000044e-04
1.519999999999861018e+00 1.824100000000000103e-04
1.539999999999860592e+00 1.862500000000000006e-04
1.559999999999860165e+00 1.901000000000000129e-04
1.579999999999859739e+00 1.940500000000000005e-04
1.599999999999859313e+00 1.980499999999999893e-04
1.619999999999858886e+00 2.020500000000000052e-04
1.639999999999858460e+00 2.061999999999999977e-04
1.659999999999858034e+00 2.102499999999999877e-04
1.679999999999857607e+00 2.144500000000000085e-04
1.699999999999857181e+00 2.186500000000000021e-04
1.719999999999856755e+00 2.229499999999999982e-04
1.739999999999856328e+00 2.272999999999999955e-04
1.759999999999855902e+00 2.316499999999999929e-04
1.779999999999855476e+00 2.360999999999999926e-04
1.799999999999855049e+00 2.405499999999999923e-04
1.819999999999854623e+00 2.451099999999999893e-04
1.839999999999854197e+00 2.496500000000000238e-04
1.859999999999853770e+00 2.542600000000000220e-04
1.879999999999853344e+00 2.589499999999999788e-04
1.899999999999852918e+00 2.637100000000000078e-04
1.919999999999852491e+00 2.684599999999999877e-04
1.939999999999852065e+00 2.732999999999999752e-04
1.959999999999851639e+00 2.781400000000000170e-04
1.979999999999851212e+00 2.831099999999999914e-04
1.999999999999850786e+00 2.881000000000000097e-04
2.019999999999850360e+00 2.931100000000000177e-04
2.039999999999849933e+00 2.982500000000000125e-04
2.059999999999849507e+00 3.033600000000000229e-04
2.079999999999849081e+00 3.086000000000000201e-04
2.099999999999848654e+00 3.137999999999999839e-04
2.119999999999848228e+00 3.191499999999999784e-04
2.139999999999847802e+00 3.244999999999999729e-04
2.159999999999847375e+00 3.298999999999999958e-04
2.179999999999846949e+00 3.354599999999999900e-04
2.199999999999846523e+00 3.409999999999999945e-04
2.219999999999846096e+00 3.465599999999999887e-04
2.239999999999845670e+00 3.521999999999999957e-04
2.259999999999845244e+00 3.579000000000000258e-04
2.279999999999844817e+00 3.637099999999999990e-04
2.299999999999844391e+00 3.694999999999999825e-04
2.319999999999843965e+00 3.754000000000000175e-04
2.339999999999843538e+00 3.813500000000000266e-04
2.359999999999843112e+00 3.873600000000000047e-04
2.379999999999842686e+00 3.934100000000000162e-04
2.399999999999842260e+00 3.995599999999999759e-04
2.419999999999841833e+00 4.057600000000000182e-04
2.439999999999841407e+00 4.119600000000000063e-04
2.459999999999840981e+00 4.183100000000000251e-04
2.479999999999840554e+00 4.247000000000000232e-04
2.499999999999840128e+00 4.311499999999999903e-04
2.519999999999839702e+00 4.377100000000000088e-04
2.539999999999839275e+00 4.443100000000000066e-04
2.559999999999838849e+00 4.509100000000000044e-04
2.579999999999838423e+00 4.576599999999999787e-04
2.599999999999837996e+00 4.644499999999999866e-04
2.619999999999837570e+00 4.713100000000000124e-04
2.639999999999837144e+00 4.782499999999999967e-04
2.659999999999836717e+00 4.852599999999999991e-04
2.679999999999836291e+00 4.923599999999999548e-04
2.699999999999835865e+00 4.993699999999999571e-04
2.719999999999835438e+00 5.066100000000000030e-04
2.739999999999835012e+00 5.138500000000000489e-04
2.759999999999834586e+00 5.212100000000000326e-04
2.779999999999834159e+00 5.286899999999999543e-04
2.799999999999833733e+00 5.361400000000000540e-04
2.819999999999833307e+00 5.437400000000000219e-04
2.839999999999832880e+00 5.513999999999999587e-04
2.859999999999832454e+00 5.591500000000000116e-04
2.879999999999832028e+00 5.669600000000000334e-04
2.899999999999831601e+00 5.748599999999999544e-04
2.919999999999831175e+00 5.828100000000000121e-04
2.939999999999830749e+00 5.908000000000000491e-04
2.959999999999830322e+00 5.989100000000000239e-04
2.979999999999829896e+00 6.071600000000000347e-04
2.999999999999829470e+00 6.154199999999999861e-04
3.019999999999829043e+00 6.237600000000000046e-04
3.039999999999828617e+00 6.321700000000000409e-04
3.059999999999828191e+00 6.406899999999999661e-04
3.079999999999827764e+00 6.492400000000000384e-04
3.099999999999827338e+00 6.579500000000000279e-04
3.119999999999826912e+00 6.666499999999999683e-04
3.139999999999826485e+00 6.754999999999999937e-04
3.159999999999826059e+00 6.844099999999999880e-04
3.179999999999825633e+00 6.934099999999999899e-04
3.199999999999825206e+00 7.026499999999999760e-04
3.219999999999824780e+00 7.118600000000000318e-04
3.239999999999824354e+00 7.210699999999999792e-04
3.259999999999823928e+00 7.303999999999999729e-04
3.279999999999823501e+00 7.398100000000000336e-04
3.299999999999823075e+00 7.493200000000000425e-04
3.319999999999822649e+00 7.588599999999999816e-04
3.339999999999822222e+00 7.685100000000000264e-04
3.359999999999821796e+00 7.782600000000000195e-04
3.379999999999821370e+00 7.880600000000000408e-04
3.399999999999820943e+00 7.980199999999999794e-04
3.419999999999820517e+00 8.080000000000000160e-04
3.439999999999820091e+00 8.180400000000000215e-04
3.459999999999819664e+00 8.282100000000000139e-04
3.479999999999819238e+00 8.385200000000000422e-04
3.499999999999818812e+00 8.488600000000000008e-04
3.519999999999818385e+00 8.592600000000000368e-04
3.539999999999817959e+00 8.697499999999999719e-04
3.559999999999817533e+00 8.803599999999999533e-04
3.579999999999817106e+00 8.910600000000000508e-04
3.599999999999816680e+00 9.018500000000000474e-04
3.619999999999816254e+00 9.127500000000000413e-04
3.639999999999815827e+00 9.237499999999999835e-04
3.659999999999815401e+00 9.348100000000000029e-04
3.679999999999814975e+00 9.459600000000000300e-04
3.699999999999814548e+00 9.572499999999999846e-04
3.719999999999814122e+00 9.684000000000000117e-04
3.739999999999813696e+00 9.798400000000000512e-04
3.759999999999813269e+00 9.913999999999999202e-04
3.779999999999812843e+00 1.003100000000000042e-03
3.799999999999812417e+00 1.014799999999999947e-03
3.819999999999811990e+00 1.026599999999999908e-03
3.839999999999811564e+00 1.038400000000000087e-03
3.859999999999811138e+00 1.050500000000000001e-03
3.879999999999810711e+00 1.061499999999999944e-03
3.899999999999810285e+00 1.073500000000000018e-03
3.919999999999809859e+00 1.085999999999999943e-03
3.939999999999809432e+00 1.098500000000000084e-03
3.959999999999809006e+00 1.111000000000000008e-03
3.979999999999808580e+00 1.123000000000000083e-03
3.999999999999808153e+00 1.135500000000000008e-03
4.019999999999807727e+00 1.148499999999999998e-03
4.039999999999807301e+00 1.161499999999999989e-03
4.059999999999806874e+00 1.174499999999999980e-03
4.079999999999806448e+00 1.186999999999999904e-03
4.099999999999806022e+00 1.201000000000000028e-03
4.119999999999805596e+00 1.214000000000000018e-03
4.139999999999805169e+00 1.227500000000000075e-03
4.159999999999804743e+00 1.240999999999999916e-03
4.179999999999804317e+00 1.254499999999999973e-03
4.199999999999803890e+00 1.268000000000000030e-03
4.219999999999803464e+00 1.281999999999999936e-03
4.239999999999803038e+00 1.296000000000000060e-03
4.259999999999802611e+00 1.309499999999999900e-03
4.279999999999802185e+00 1.323500000000000024e-03
4.299999999999801759e+00 1.338500000000000063e-03
4.319999999999801332e+00 1.351999999999999903e-03
4.339999999999800906e+00 1.366999999999999943e-03
4.359999999999800480e+00 1.381000000000000066e-03
4.379999999999800053e+00 1.395500000000000039e-03
4.399999999999799627e+00 1.410500000000000078e-03
4.419999999999799201e+00 1.425499999999999901e-03
4.439999999999798774e+00 1.440000000000000091e-03
4.459999999999798348e+00 1.454999999999999913e-03
4.479999999999797922e+00 1.470500000000000019e-03
4.499999999999797495e+00 1.485500000000000058e-03
4.519999999999797069e+00 1.500999999999999947e-03
4.539999999999796643e+00 1.516500000000000053e-03
4.559999999999796216e+00 1.531500000000000092e-03
4.579999999999795790e+00 1.547500000000000047e-03
4.599999999999795364e+00 1.563500000000000003e-03
4.619999999999794937e+00 1.579000000000000108e-03
4.639999999999794511e+00 1.595000000000000064e-03
4.659999999999794085e+00 1.611000000000000019e-03
4.679999999999793658e+00 1.627500000000000040e-03
4.699999999999793232e+00 1.642999999999999929e-03
4.719999999999792806e+00 1.659499999999999951e-03
4.739999999999792379e+00 1.675999999999999972e-03
4.759999999999791953e+00 1.692499999999999994e-03
4.779999999999791527e+00 1.709000000000000016e-03
4.799999999999791100e+00 1.726000000000000104e-03
4.819999999999790674e+00 1.742999999999999975e-03
4.839999999999790248e+00 1.760000000000000063e-03
4.859999999999789821e+00 1.776999999999999934e-03
4.879999999999789395e+00 1.794500000000000088e-03
4.899999999999788969e+00 1.811499999999999959e-03
4.919999999999788542e+00 1.828999999999999897e-03
4.939999999999788116e+00 1.846500000000000051e-03
4.959999999999787690e+00 1.863999999999999988e-03
4.979999999999787264e+00 1.882500000000000059e-03
4.999999999999786837e+00 1.899499999999999930e-03
