-5.000000000000000000e+00 -1.117500000000000004e-03
-4.980000000000000426e+00 -1.106999999999999911e-03
-4.960000000000000853e+00 -1.097000000000000102e-03
-4.940000000000001279e+00 -1.087000000000000076e-03
-4.920000000000001705e+00 -1.077000000000000049e-03
-4.900000000000002132e+00 -1.067500000000000089e-03
-4.880000000000002558e+00 -1.057500000000000063e-03
-4.860000000000002984e+00 -1.048000000000000103e-03
-4.840000000000003411e+00 -1.038000000000000077e-03
-4.820000000000003837e+00 -1.028499999999999900e-03
-4.800000000000004263e+00 -1.020400000000000083e-03
-4.780000000000004690e+00 -1.010800000000000066e-03
-4.760000000000005116e+00 -1.001300000000000107e-03
-4.740000000000005542e+00 -9.918200000000000280e-04
-4.720000000000005969e+00 -9.824000000000000267e-04
-4.700000000000006395e+00 -9.730500000000000434e-04
-4.680000000000006821e+00 -9.637499999999999799e-04
-4.660000000000007248e+00 -9.544500000000000249e-04
-4.640000000000007674e+00 -9.452700000000000078e-04
-4.620000000000008100e+00 -9.361499999999999596e-04
-4.600000000000008527e+00 -9.272100000000000350e-04
-4.580000000000008953e+00 -9.181200000000000255e-04
-4.560000000000009379e+00 -9.092100000000000312e-04
-4.540000000000009805e+00 -9.003600000000000058e-04
-4.520000000000010232e+00 -8.915099999999999804e-04
-4.500000000000010658e+00 -8.827999999999999910e-04
-4.480000000000011084e+00 -8.742199999999999884e-04
-4.460000000000011511e+00 -8.656099999999999472e-04
-4.440000000000011937e+00 -8.569899999999999653e-04
-4.420000000000012363e+00 -8.484999999999999704e-04
-4.400000000000012790e+00 -8.400999999999999831e-04
-4.380000000000013216e+00 -8.316899999999999467e-04
-4.360000000000013642e+00 -8.233500000000000367e-04
-4.340000000000014069e+00 -8.151499999999999458e-04
-4.320000000000014495e+00 -8.069000000000000434e-04
-4.300000000000014921e+00 -7.987899999999999601e-04
-4.280000000000015348e+00 -7.907100000000000239e-04
-4.260000000000015774e+00 -7.826699999999999586e-04
-4.240000000000016200e+00 -7.747099999999999603e-04
-4.220000000000016627e+00 -7.668100000000000393e-04
-4.200000000000017053e+00 -7.589100000000000099e-04
-4.180000000000017479e+00 -7.511100000000000372e-04
-4.160000000000017906e+00 -7.434499999999999919e-04
-4.140000000000018332e+00 -7.357000000000000475e-04
-4.120000000000018758e+00 -7.280999999999999712e-04
-4.100000000000019185e+00 -7.205599999999999722e-04
-4.080000000000019611e+00 -7.130500000000000119e-04
-4.060000000000020037e+00 -7.055699999999999819e-04
-4.040000000000020464e+00 -6.981500000000000292e-04
-4.020000000000020890e+00 -6.908500000000000144e-04
-4.000000000000021316e+00 -6.835399999999999506e-04
-3.980000000000021743e+00 -6.763000000000000131e-04
-3.960000000000022169e+00 -6.690900000000000059e-04
-3.940000000000022595e+00 -6.620000000000000450e-04
-3.920000000000023022e+00 -6.549000000000000351e-04
-3.900000000000023448e+00 -6.478999999999999733e-04
-3.880000000000023874e+00 -6.409000000000000200e-04
-3.860000000000024301e+00 -6.340399999999999942e-04
-3.840000000000024727e+00 -6.272499999999999864e-04
-3.820000000000025153e+00 -6.203899999999999606e-04
-3.800000000000025580e+00 -6.136600000000000301e-04
-3.780000000000026006e+00 -6.069499999999999808e-04
-3.760000000000026432e+00 -6.003700000000000269e-04
-3.740000000000026859e+00 -5.937499999999999853e-04
-3.720000000000027285e+00 -5.872499999999999899e-04
-3.700000000000027711e+00 -5.807600000000000436e-04
-3.680000000000028137e+00 -5.742899999999999784e-04
-3.660000000000028564e+00 -5.679399999999999596e-04
-3.640000000000028990e+00 -5.616500000000000182e-04
-3.620000000000029416e+00 -5.553700000000000173e-04
-3.600000000000029843e+00 -5.491699999999999750e-04
-3.580000000000030269e+00 -5.429999999999999714e-04
-3.560000000000030695e+00 -5.368600000000000065e-04
-3.540000000000031122e+00 -5.308700000000000181e-04
-3.520000000000031548e+00 -5.248499999999999910e-04
-3.500000000000031974e+00 -5.189199999999999716e-04
-3.480000000000032401e+00 -5.129600000000000218e-04
-3.460000000000032827e+00 -5.072100000000000176e-04
-3.440000000000033253e+00 -5.013899999999999954e-04
-3.420000000000033680e+00 -4.956399999999999912e-04
-3.400000000000034106e+00 -4.900100000000000332e-04
-3.380000000000034532e+00 -4.843000000000000083e-04
-3.360000000000034959e+00 -4.786999999999999806e-04
-3.340000000000035385e+00 -4.732000000000000095e-04
-3.320000000000035811e+00 -4.676999999999999842e-04
-3.300000000000036238e+00 -4.622000000000000132e-04
-3.280000000000036664e+00 -4.568500000000000187e-04
-3.260000000000037090e+00 -4.514599999999999906e-04
-3.240000000000037517e+00 -4.461600000000000244e-04
-3.220000000000037943e+00 -4.408500000000000092e-04
-3.200000000000038369e+00 -4.356499999999999912e-04
-3.180000000000038796e+00 -4.305499999999999757e-04
-3.160000000000039222e+00 -4.254600000000000092e-04
-3.140000000000039648e+00 -4.204500000000000012e-04
-3.120000000000040075e+00 -4.154000000000000140e-04
-3.100000000000040501e+00 -4.104099999999999957e-04
-3.080000000000040927e+00 -4.055099999999999850e-04
-3.060000000000041354e+00 -4.006500000000000079e-04
-3.040000000000041780e+00 -3.958000000000000255e-04
-3.020000000000042206e+00 -3.910100000000000121e-04
-3.000000000000042633e+00 -3.863000000000000114e-04
-2.980000000000043059e+00 -3.816000000000000056e-04
-2.960000000000043485e+00 -3.769499999999999739e-04
-2.940000000000043912e+00 -3.722500000000000223e-04
-2.920000000000044338e+00 -3.676999999999999930e-04
-2.900000000000044764e+00 -3.631600000000000127e-04
-2.880000000000045191e+00 -3.586999999999999911e-04
-2.860000000000045617e+00 -3.542500000000000184e-04
-2.840000000000046043e+00 -3.499099999999999888e-04
-2.820000000000046469e+00 -3.455600000000000186e-04
-2.800000000000046896e+00 -3.412499999999999735e-04
-2.780000000000047322e+00 -3.370499999999999798e-04
-2.760000000000047748e+00 -3.328000000000000120e-04
-2.740000000000048175e+00 -3.286499999999999925e-04
-2.720000000000048601e+00 -3.244999999999999729e-04
-2.700000000000049027e+00 -3.204500000000000100e-04
-2.680000000000049454e+00 -3.164600000000000160e-04
-2.660000000000049880e+00 -3.124000000000000041e-04
-2.640000000000050306e+00 -3.084499999999999894e-04
-2.620000000000050733e+00 -3.045500000000000030e-04
-2.600000000000051159e+00 -3.007099999999999856e-04
-2.580000000000051585e+00 -2.968499999999999785e-04
-2.560000000000052012e+00 -2.930499999999999945e-04
-2.540000000000052438e+00 -2.893099999999999795e-04
-2.520000000000052864e+00 -2.856000000000000032e-04
-2.500000000000053291e+00 -2.819000000000000217e-04
-2.480000000000053717e+00 -2.782500000000000142e-04
-2.460000000000054143e+00 -2.746599999999999758e-04
-2.440000000000054570e+00 -2.710999999999999760e-04
-2.420000000000054996e+00 -2.675900000000000045e-04
-2.400000000000055422e+00 -2.641100000000000175e-04
-2.380000000000055849e+00 -2.606999999999999942e-04
-2.360000000000056275e+00 -2.573000000000000200e-04
-2.340000000000056701e+00 -2.538600000000000123e-04
-2.320000000000057128e+00 -2.505499999999999915e-04
-2.300000000000057554e+00 -2.472600000000000145e-04
-2.280000000000057980e+00 -2.439499999999999937e-04
-2.260000000000058407e+00 -2.406999999999999960e-04
-2.240000000000058833e+00 -2.375500000000000007e-04
-2.220000000000059259e+00 -2.343500000000000043e-04
-2.200000000000059686e+00 -2.312000000000000090e-04
-2.180000000000060112e+00 -2.280999999999999879e-04
-2.160000000000060538e+00 -2.250499999999999951e-04
-2.140000000000060965e+00 -2.220099999999999971e-04
-2.120000000000061391e+00 -2.189500000000000094e-04
-2.100000000000061817e+00 -2.159999999999999919e-04
-2.080000000000062244e+00 -2.131000000000000027e-04
-2.060000000000062670e+00 -2.101500000000000124e-04
-2.040000000000063096e+00 -2.072999999999999973e-04
-2.020000000000063523e+00 -2.044500000000000093e-04
-2.000000000000063949e+00 -2.016099999999999891e-04
-1.980000000000064375e+00 -1.988000000000000075e-04
-1.960000000000064801e+00 -1.960499999999999949e-04
-1.940000000000065228e+00 -1.933500000000000106e-04
-1.920000000000065654e+00 -1.905999999999999979e-04
-1.900000000000066080e+00 -1.879499999999999877e-04
-1.880000000000066507e+00 -1.853000000000000046e-04
-1.860000000000066933e+00 -1.826999999999999957e-04
-1.840000000000067359e+00 -1.800999999999999867e-04
-1.820000000000067786e+00 -1.775000000000000048e-04
-1.800000000000068212e+00 -1.749999999999999982e-04
-1.780000000000068638e+00 -1.724999999999999917e-04
-1.760000000000069065e+00 -1.700000000000000122e-04
-1.740000000000069491e+00 -1.675500000000000069e-04
-1.720000000000069917e+00 -1.651000000000000015e-04
-1.700000000000070344e+00 -1.627499999999999986e-04
-1.680000000000070770e+00 -1.602999999999999933e-04
-1.660000000000071196e+00 -1.579499999999999904e-04
-1.640000000000071623e+00 -1.556499999999999887e-04
-1.620000000000072049e+00 -1.533000000000000129e-04
-1.600000000000072475e+00 -1.510500000000000124e-04
-1.580000000000072902e+00 -1.487500000000000107e-04
-1.560000000000073328e+00 -1.465500000000000114e-04
-1.540000000000073754e+00 -1.443000000000000109e-04
-1.520000000000074181e+00 -1.421000000000000117e-04
-1.500000000000074607e+00 -1.399000000000000124e-04
-1.480000000000075033e+00 -1.377499999999999873e-04
-1.460000000000075460e+00 -1.355999999999999892e-04
-1.440000000000075886e+00 -1.334999999999999924e-04
-1.420000000000076312e+00 -1.313499999999999943e-04
-1.400000000000076739e+00 -1.292999999999999987e-04
-1.380000000000077165e+00 -1.273000000000000043e-04
-1.360000000000077591e+00 -1.252000000000000075e-04
-1.340000000000078018e+00 -1.232000000000000131e-04
-1.320000000000078444e+00 -1.212000000000000051e-04
-1.300000000000078870e+00 -1.191999999999999971e-04
-1.280000000000079297e+00 -1.172500000000000040e-04
-1.260000000000079723e+00 -1.152999999999999972e-04
-1.240000000000080149e+00 -1.133500000000000040e-04
-1.220000000000080576e+00 -1.114499999999999985e-04
-1.200000000000081002e+00 -1.095000000000000053e-04
-1.180000000000081428e+00 -1.075999999999999998e-04
-1.160000000000081855e+00 -1.056999999999999943e-04
-1.140000000000082281e+00 -1.038500000000000035e-04
-1.120000000000082707e+00 -1.019999999999999992e-04
-1.100000000000083134e+00 -1.001400000000000001e-04
-1.080000000000083560e+00 -9.831800000000000294e-05
-1.060000000000083986e+00 -9.650000000000000103e-05
-1.040000000000084412e+00 -9.470100000000000013e-05
-1.020000000000084839e+00 -9.289800000000000401e-05
-1.000000000000085265e+00 -9.110899999999999793e-05
-9.800000000000856915e-01 -8.933200000000000461e-05
-9.600000000000861178e-01 -8.757000000000000352e-05
-9.400000000000865441e-01 -8.580399999999999367e-05
-9.200000000000869704e-01 -8.405400000000000534e-05
-9.000000000000873968e-01 -8.226499999999999926e-05
-8.800000000000878231e-01 -8.052599999999999439e-05
-8.600000000000882494e-01 -7.878200000000000567e-05
-8.400000000000886757e-01 -7.705800000000000659e-05
-8.200000000000891021e-01 -7.533300000000000532e-05
-8.000000000000895284e-01 -7.361500000000000584e-05
-7.800000000000899547e-01 -7.189399999999999979e-05
-7.600000000000903810e-01 -7.018400000000000430e-05
-7.400000000000908074e-01 -6.847100000000000224e-05
-7.200000000000912337e-01 -6.676500000000000197e-05
-7.000000000000916600e-01 -6.504399999999999592e-05
-6.800000000000920863e-01 -6.334100000000000223e-05
-6.600000000000925127e-01 -6.162400000000000494e-05
-6.400000000000929390e-01 -5.991400000000000268e-05
-6.200000000000933653e-01 -5.819500000000000101e-05
-6.000000000000937916e-01 -5.647899999999999915e-05
-5.800000000000942180e-01 -5.475399999999999788e-05
-5.600000000000946443e-01 -5.302399999999999919e-05
-5.400000000000950706e-01 -5.129500000000000270e-05
-5.200000000000954969e-01 -4.955899999999999764e-05
-5.000000000000959233e-01 -4.781399999999999995e-05
-4.800000000000963496e-01 -4.605400000000000325e-05
-4.600000000000967759e-01 -4.429899999999999718e-05
-4.400000000000972022e-01 -4.252400000000000147e-05
-4.200000000000976286e-01 -4.075499999999999858e-05
-4.000000000000980549e-01 -3.895899999999999748e-05
-3.800000000000984812e-01 -3.718899999999999918e-05
-3.600000000000989075e-01 -3.537499999999999927e-05
-3.400000000000993339e-01 -3.355000000000000235e-05
-3.200000000000997602e-01 -3.170999999999999963e-05
-3.000000000001001865e-01 -2.985000000000000050e-05
-2.800000000001006129e-01 -2.798399999999999838e-05
-2.600000000001010392e-01 -2.610500000000000163e-05
-2.400000000001014655e-01 -2.420499999999999949e-05
-2.200000000001018918e-01 -2.228000000000000014e-05
-2.000000000001023182e-01 -2.034900000000000117e-05
-1.800000000001027445e-01 -1.840000000000000001e-05
-1.600000000001031708e-01 -1.642499999999999944e-05
-1.400000000001035971e-01 -1.443000000000000076e-05
-1.200000000001040235e-01 -1.242500000000000047e-05
-1.000000000001044498e-01 -1.039000000000000047e-05
-8.000000000010487611e-02 -8.334000000000000167e-06
-6.000000000010530243e-02 -6.258500000000000303e-06
-4.000000000010572876e-02 -4.162500000000000381e-06
-2.000000000010615508e-02 -2.032500000000000022e-06
-1.065814103640150279e-13 1.050999999999999948e-07
1.999999999989299226e-02 2.284400000000000100e-06
3.999999999989256594e-02 4.479399999999999837e-06
5.999999999989213961e-02 6.706900000000000109e-06
7.999999999989171329e-02 8.958400000000000491e-06
9.999999999989128696e-02 1.124000000000000080e-05
1.199999999998908606e-01 1.354499999999999991e-05
1.399999999998904343e-01 1.587400000000000082e-05
1.599999999998900080e-01 1.823399999999999855e-05
1.799999999998895817e-01 2.063999999999999890e-05
1.999999999998891553e-01 2.305499999999999864e-05
2.199999999998887290e-01 2.551999999999999961e-05
2.399999999998883027e-01 2.801499999999999859e-05
2.599999999998878764e-01 3.051899999999999698e-05
2.799999999998874500e-01 3.308099999999999718e-05
2.999999999998870237e-01 3.566400000000000277e-05
3.199999999998865974e-01 3.828499999999999682e-05
3.399999999998861711e-01 4.094500000000000185e-05
3.599999999998857447e-01 4.363400000000000270e-05
3.799999999998853184e-01 4.635399999999999699e-05
3.999999999998848921e-01 4.911399999999999767e-05
4.199999999998844658e-01 5.191399999999999796e-05
4.399999999998840394e-01 5.474900000000000046e-05
4.599999999998836131e-01 5.762499999999999800e-05
4.799999999998831868e-01 6.053400000000000013e-05
4.999999999998827604e-01 6.349399999999999890e-05
5.199999999998823341e-01 6.648499999999999788e-05
5.399999999998819078e-01 6.951399999999999886e-05
5.599999999998814815e-01 7.259099999999999667e-05
5.799999999998810551e-01 7.571299999999999829e-05
5.999999999998806288e-01 7.887500000000000630e-05
6.199999999998802025e-01 8.206800000000000097e-05
6.399999999998797762e-01 8.526400000000000222e-05
6.599999999998793498e-01 8.855699999999999932e-05
6.799999999998789235e-01 9.189500000000000023e-05
6.999999999998784972e-01 9.527800000000000494e-05
7.199999999998780709e-01 9.870900000000000648e-05
7.399999999998776445e-01 1.021800000000000009e-04
7.599999999998772182e-01 1.056999999999999943e-04
7.799999999998767919e-01 1.092499999999999992e-04
7.999999999998763656e-01 1.128500000000000054e-04
8.199999999998759392e-01 1.164999999999999993e-04
8.399999999998755129e-01 1.202499999999999956e-04
8.599999999998750866e-01 1.240500000000000066e-04
8.799999999998746603e-01 1.278499999999999906e-04
8.999999999998742339e-01 1.317000000000000028e-04
9.199999999998738076e-01 1.356499999999999904e-04
9.399999999998733813e-01 1.396500000000000063e-04
9.599999999998729550e-01 1.436999999999999964e-04
9.799999999998725286e-01 1.477500000000000135e-04
9.999999999998721023e-01 1.519500000000000072e-04
1.019999999999871676e+00 1.561500000000000008e-04
1.039999999999871250e+00 1.603999999999999957e-04
1.059999999999870823e+00 1.646999999999999918e-04
1.079999999999870397e+00 1.690999999999999903e-04
1.099999999999869971e+00 1.735499999999999901e-04
1.119999999999869544e+00 1.780499999999999910e-04
1.139999999999869118e+00 1.825999999999999932e-04
1.159999999999868692e+00 1.872999999999999990e-04
1.179999999999868265e+00 1.920000000000000049e-04
1.199999999999867839e+00 1.967500000000000119e-04
1.219999999999867413e+00 2.015499999999999931e-04
1.239999999999866986e+00 2.064000000000000025e-04
1.259999999999866560e+00 2.113499999999999873e-04
1.279999999999866134e+00 2.163500000000000004e-04
1.299999999999865707e+00 2.213999999999999877e-04
1.319999999999865281e+00 2.265099999999999980e-04
1.339999999999864855e+00 2.316999999999999941e-04
1.359999999999864428e+00 2.369500000000000133e-04
1.379999999999864002e+00 2.422500000000000066e-04
1.399999999999863576e+00 2.476600000000000242e-04
1.419999999999863149e+00 2.531000000000000263e-04
1.439999999999862723e+00 2.586500000000000257e-04
1.459999999999862297e+00 2.642000000000000251e-04
1.479999999999861870e+00 2.698399999999999779e-04
1.499999999999861444e+00 2.755999999999999769e-04
1.519999999999861018e+00 2.813499999999999812e-04
1.539999999999860592e+00 2.872099999999999827e-04
1.559999999999860165e+00 2.931499999999999970e-04
1.579999999999859739e+00 2.991599999999999750e-04
1.599999999999859313e+00 3.052099999999999865e-04
1.619999999999858886e+00 3.113600000000000005e-04
1.639999999999858460e+00 3.175599999999999886e-04
1.659999999999858034e+00 3.237599999999999766e-04
1.679999999999857607e+00 3.300500000000000265e-04
1.699999999999857181e+00 3.364999999999999936e-04
1.719999999999856755e+00 3.430099999999999837e-04
1.739999999999856328e+00 3.495500000000000126e-04
1.759999999999855902e+00 3.561999999999999845e-04
1.779999999999855476e+00 3.628999999999999847e-04
1.799999999999855049e+00 3.696500000000000133e-04
1.819999999999854623e+00 3.765099999999999849e-04
1.839999999999854197e+00 3.834099999999999900e-04
1.859999999999853770e+00 3.904600000000000258e-04
1.879999999999853344e+00 3.975000000000000126e-04
1.899999999999852918e+00 4.046599999999999915e-04
1.919999999999852491e+00 4.118500000000000091e-04
1.939999999999852065e+00 4.191500000000000239e-04
1.959999999999851639e+00 4.265000000000000128e-04
1.979999999999851212e+00 4.339500000000000041e-04
1.999999999999850786e+00 4.414500000000000238e-04
2.019999999999850360e+00 4.491100000000000148e-04
2.039999999999849933e+00 4.567500000000000162e-04
2.059999999999849507e+00 4.644499999999999866e-04
2.079999999999849081e+00 4.723099999999999824e-04
2.099999999999848654e+00 4.802499999999999911e-04
2.119999999999848228e+00 4.882500000000000230e-04
2.139999999999847802e+00 4.962999999999999747e-04
2.159999999999847375e+00 5.044599999999999779e-04
2.179999999999846949e+00 5.126899999999999990e-04
2.199999999999846523e+00 5.210599999999999477e-04
2.219999999999846096e+00 5.294699999999999841e-04
2.239999999999845670e+00 5.379000000000000101e-04
2.259999999999845244e+00 5.465100000000000513e-04
2.279999999999844817e+00 5.552200000000000408e-04
2.299999999999844391e+00 5.638600000000000122e-04
2.319999999999843965e+00 5.727100000000000376e-04
2.339999999999843538e+00 5.816499999999999622e-04
2.359999999999843112e+00 5.906499999999999641e-04
2.379999999999842686e+00 5.997399999999999736e-04
2.399999999999842260e+00 6.089500000000000295e-04
2.419999999999841833e+00 6.182499999999999845e-04
2.439999999999841407e+00 6.275500000000000479e-04
2.459999999999840981e+00 6.369900000000000388e-04
2.479999999999840554e+00 6.465899999999999469e-04
2.499999999999840128e+00 6.562500000000000408e-04
2.519999999999839702e+00 6.659599999999999461e-04
2.539999999999839275e+00 6.757999999999999468e-04
2.559999999999838849e+00 6.856899999999999757e-04
2.579999999999838423e+00 6.957600000000000199e-04
2.599999999999837996e+00 7.059600000000000510e-04
2.619999999999837570e+00 7.161199999999999944e-04
2.639999999999837144e+00 7.264599999999999530e-04
2.659999999999836717e+00 7.368900000000000276e-04
2.679999999999836291e+00 7.474100000000000014e-04
2.699999999999835865e+00 7.579000000000000450e-04
2.719999999999835438e+00 7.686000000000000340e-04
2.739999999999835012e+00 7.794499999999999996e-04
2.759999999999834586e+00 7.904200000000000115e-04
2.779999999999834159e+00 8.014400000000000517e-04
2.799999999999833733e+00 8.126200000000000090e-04
2.819999999999833307e+00 8.237999999999999663e-04
2.839999999999832880e+00 8.351499999999999983e-04
2.859999999999832454e+00 8.466500000000000067e-04
2.879999999999832028e+00 8.582200000000000332e-04
2.899999999999831601e+00 8.698999999999999485e-04
2.919999999999831175e+00 8.817000000000000184e-04
2.939999999999830749e+00 8.934999999999999800e-04
2.959999999999830322e+00 9.055400000000000341e-04
2.979999999999829896e+00 9.176399999999999488e-04
2.999999999999829470e+00 9.299199999999999871e-04
3.019999999999829043e+00 9.422000000000000253e-04
3.039999999999828617e+00 9.546599999999999704e-04
3.059999999999828191e+00 9.671999999999999825e-04
3.079999999999827764e+00 9.798400000000000512e-04
3.099999999999827338e+00 9.925999999999999494e-04
3.119999999999826912e+00 1.005500000000000100e-03
3.139999999999826485e+00 1.018599999999999931e-03
3.159999999999826059e+00 1.031599999999999922e-03
3.179999999999825633e+00 1.044900000000000082e-03
3.199999999999825206e+00 1.057500000000000063e-03
3.219999999999824780e+00 1.070999999999999903e-03
3.239999999999824354e+00 1.083999999999999894e-03
3.259999999999823928e+00 1.098000000000000018e-03
3.279999999999823501e+00 1.111999999999999924e-03
3.299999999999823075e+00 1.125499999999999981e-03
3.319999999999822649e+00 1.139500000000000105e-03
3.339999999999822222e+00 1.154000000000000078e-03
3.359999999999821796e+00 1.167999999999999984e-03
3.379999999999821370e+00 1.182499999999999957e-03
3.399999999999820943e+00 1.196999999999999930e-03
3.419999999999820517e+00 1.211499999999999903e-03
3.439999999999820091e+00 1.226499999999999943e-03
3.459999999999819664e+00 1.241499999999999982e-03
3.479999999999819238e+00 1.256500000000000021e-03
3.499999999999818812e+00 1.270999999999999994e-03
3.519999999999818385e+00 1.286500000000000100e-03
3.539999999999817959e+00 1.302500000000000055e-03
3.559999999999817533e+00 1.317500000000000095e-03
3.579999999999817106e+00 1.332999999999999984e-03
3.599999999999816680e+00 1.348999999999999939e-03
3.619999999999816254e+00 1.364999999999999894e-03
3.639999999999815827e+00 1.380500000000000000e-03
3.659999999999815401e+00 1.397000000000000021e-03
3.679999999999814975e+00 1.412999999999999977e-03
3.699999999999814548e+00 1.429499999999999998e-03
3.719999999999814122e+00 1.445499999999999953e-03
3.739999999999813696e+00 1.462500000000000041e-03
3.759999999999813269e+00 1.479000000000000063e-03
3.779999999999812843e+00 1.495999999999999934e-03
3.799999999999812417e+00 1.513500000000000088e-03
3.819999999999811990e+00 1.530499999999999959e-03
3.839999999999811564e+00 1.547500000000000047e-03
3.859999999999811138e+00 1.564999999999999985e-03
3.879999999999810711e+00 1.582499999999999922e-03
3.899999999999810285e+00 1.600499999999999926e-03
3.919999999999809859e+00 1.618499999999999930e-03
3.939999999999809432e+00 1.636000000000000084e-03
3.959999999999809006e+00 1.654499999999999938e-03
3.979999999999808580e+00 1.673000000000000008e-03
3.999999999999808153e+00 1.691000000000000012e-03
4.019999999999807727e+00 1.709500000000000082e-03
4.039999999999807301e+00 1.727999999999999935e-03
4.059999999999806874e+00 1.747000000000000072e-03
4.079999999999806448e+00 1.765499999999999925e-03
4.099999999999806022e+00 1.784999999999999911e-03
4.119999999999805596e+00 1.804000000000000048e-03
4.139999999999805169e+00 1.823500000000000034e-03
4.159999999999804743e+00 1.843000000000000020e-03
4.179999999999804317e+00 1.862500000000000006e-03
4.199999999999803890e+00 1.882500000000000059e-03
4.219999999999803464e+00 1.902499999999999894e-03
4.239999999999803038e+00 1.922499999999999947e-03
4.259999999999802611e+00 1.942499999999999999e-03
4.279999999999802185e+00 1.962499999999999835e-03
4.299999999999801759e+00 1.983500000000000020e-03
4.319999999999801332e+00 2.004000000000000139e-03
4.339999999999800906e+00 2.024499999999999824e-03
4.359999999999800480e+00 2.044999999999999943e-03
4.379999999999800053e+00 2.066500000000000194e-03
4.399999999999799627e+00 2.088099999999999852e-03
4.419999999999799201e+00 2.109100000000000037e-03
4.439999999999798774e+00 2.130500000000000015e-03
4.459999999999798348e+00 2.151999999999999833e-03
4.479999999999797922e+00 2.174000000000000151e-03
4.499999999999797495e+00 2.196099999999999875e-03
4.519999999999797069e+00 2.217499999999999853e-03
4.539999999999796643e+00 2.240100000000000077e-03
4.559999999999796216e+00 2.262500000000000188e-03
4.579999999999795790e+00 2.285000000000000139e-03
4.599999999999795364e+00 2.307500000000000089e-03
4.619999999999794937e+00 2.330099999999999880e-03
4.639999999999794511e+00 2.353099999999999897e-03
4.659999999999794085e+00 2.376000000000000074e-03
4.679999999999793658e+00 2.399599999999999997e-03
4.699999999999793232e+00 2.423100000000000080e-03
4.719999999999792806e+00 2.446100000000000097e-03
4.739999999999792379e+00 2.469100000000000114e-03
4.759999999999791953e+00 2.492999999999999990e-03
4.779999999999791527e+00 2.517000000000000140e-03
4.799999999999791100e+00 2.541100000000000129e-03
4.819999999999790674e+00 2.565500000000000072e-03
4.839999999999790248e+00 2.589499999999999788e-03
4.859999999999789821e+00 2.614500000000000070e-03
4.879999999999789395e+00 2.639100000000000126e-03
4.899999999999788969e+00 2.663500000000000069e-03
4.919999999999788542e+00 2.688499999999999918e-03
4.939999999999788116e+00 2.713600000000000040e-03
4.959999999999787690e+00 2.739099999999999955e-03
4.979999999999787264e+00 2.764500000000000030e-03
4.999999999999786837e+00 2.789999999999999945e-03
