-5.000000000000000000e+00 -1.748999999999999904e-03
-4.980000000000000426e+00 -1.733500000000000015e-03
-4.960000000000000853e+00 -1.718499999999999975e-03
-4.940000000000001279e+00 -1.703499999999999936e-03
-4.920000000000001705e+00 -1.688999999999999963e-03
-4.900000000000002132e+00 -1.673999999999999924e-03
-4.880000000000002558e+00 -1.659000000000000101e-03
-4.860000000000002984e+00 -1.644499999999999912e-03
-4.840000000000003411e+00 -1.629500000000000089e-03
-4.820000000000003837e+00 -1.614999999999999899e-03
-4.800000000000004263e+00 -1.600499999999999926e-03
-4.780000000000004690e+00 -1.586500000000000020e-03
-4.760000000000005116e+00 -1.571499999999999980e-03
-4.740000000000005542e+00 -1.557500000000000074e-03
-4.720000000000005969e+00 -1.543000000000000101e-03
-4.700000000000006395e+00 -1.528999999999999977e-03
-4.680000000000006821e+00 -1.515000000000000071e-03
-4.660000000000007248e+00 -1.500999999999999947e-03
-4.640000000000007674e+00 -1.487000000000000040e-03
-4.620000000000008100e+00 -1.473499999999999983e-03
-4.600000000000008527e+00 -1.459500000000000077e-03
-4.580000000000008953e+00 -1.446000000000000020e-03
-4.560000000000009379e+00 -1.432499999999999963e-03
-4.540000000000009805e+00 -1.418999999999999906e-03
-4.520000000000010232e+00 -1.404999999999999999e-03
-4.500000000000010658e+00 -1.392000000000000008e-03
-4.480000000000011084e+00 -1.379000000000000017e-03
-4.460000000000011511e+00 -1.366000000000000027e-03
-4.440000000000011937e+00 -1.353000000000000036e-03
-4.420000000000012363e+00 -1.340000000000000045e-03
-4.400000000000012790e+00 -1.326499999999999988e-03
-4.380000000000013216e+00 -1.314000000000000064e-03
-4.360000000000013642e+00 -1.301499999999999923e-03
-4.340000000000014069e+00 -1.288999999999999998e-03
-4.320000000000014495e+00 -1.276000000000000007e-03
-4.300000000000014921e+00 -1.263999999999999933e-03
-4.280000000000015348e+00 -1.251500000000000008e-03
-4.260000000000015774e+00 -1.238500000000000018e-03
-4.240000000000016200e+00 -1.227000000000000009e-03
-4.220000000000016627e+00 -1.214500000000000085e-03
-4.200000000000017053e+00 -1.202500000000000010e-03
-4.180000000000017479e+00 -1.190499999999999935e-03
-4.160000000000017906e+00 -1.178999999999999927e-03
-4.140000000000018332e+00 -1.166500000000000002e-03
-4.120000000000018758e+00 -1.154999999999999994e-03
-4.100000000000019185e+00 -1.143499999999999985e-03
-4.080000000000019611e+00 -1.131999999999999977e-03
-4.060000000000020037e+00 -1.120499999999999968e-03
-4.040000000000020464e+00 -1.108999999999999960e-03
-4.020000000000020890e+00 -1.097499999999999951e-03
-4.000000000000021316e+00 -1.086500000000000009e-03
-3.980000000000021743e+00 -1.075500000000000067e-03
-3.960000000000022169e+00 -1.064000000000000059e-03
-3.940000000000022595e+00 -1.052999999999999900e-03
-3.920000000000023022e+00 -1.042500000000000024e-03
-3.900000000000023448e+00 -1.031500000000000082e-03
-3.880000000000023874e+00 -1.020999999999999989e-03
-3.860000000000024301e+00 -1.011399999999999973e-03
-3.840000000000024727e+00 -1.000900000000000097e-03
-3.820000000000025153e+00 -9.903900000000000637e-04
-3.800000000000025580e+00 -9.799599999999999891e-04
-3.780000000000026006e+00 -9.696499999999999607e-04
-3.760000000000026432e+00 -9.593100000000000021e-04
-3.740000000000026859e+00 -9.491400000000000097e-04
-3.720000000000027285e+00 -9.390699999999999655e-04
-3.700000000000027711e+00 -9.291199999999999676e-04
-3.680000000000028137e+00 -9.190999999999999517e-04
-3.660000000000028564e+00 -9.092700000000000001e-04
-3.640000000000028990e+00 -8.994600000000000381e-04
-3.620000000000029416e+00 -8.897500000000000244e-04
-3.600000000000029843e+00 -8.800900000000000389e-04
-3.580000000000030269e+00 -8.706099999999999603e-04
-3.560000000000030695e+00 -8.611699999999999694e-04
-3.540000000000031122e+00 -8.517499999999999681e-04
-3.520000000000031548e+00 -8.423900000000000441e-04
-3.500000000000031974e+00 -8.332100000000000270e-04
-3.480000000000032401e+00 -8.240600000000000485e-04
-3.460000000000032827e+00 -8.149400000000000003e-04
-3.440000000000033253e+00 -8.060600000000000447e-04
-3.420000000000033680e+00 -7.971500000000000504e-04
-3.400000000000034106e+00 -7.883000000000000250e-04
-3.380000000000034532e+00 -7.795099999999999685e-04
-3.360000000000034959e+00 -7.708100000000000281e-04
-3.340000000000035385e+00 -7.621000000000000387e-04
-3.320000000000035811e+00 -7.536100000000000437e-04
-3.300000000000036238e+00 -7.451200000000000488e-04
-3.280000000000036664e+00 -7.367100000000000124e-04
-3.260000000000037090e+00 -7.284000000000000327e-04
-3.240000000000037517e+00 -7.201100000000000426e-04
-3.220000000000037943e+00 -7.118600000000000318e-04
-3.200000000000038369e+00 -7.037499999999999485e-04
-3.180000000000038796e+00 -6.957099999999999916e-04
-3.160000000000039222e+00 -6.877499999999999933e-04
-3.140000000000039648e+00 -6.798499999999999639e-04
-3.120000000000040075e+00 -6.720100000000000118e-04
-3.100000000000040501e+00 -6.641999999999999901e-04
-3.080000000000040927e+00 -6.565199999999999552e-04
-3.060000000000041354e+00 -6.488600000000000183e-04
-3.040000000000041780e+00 -6.412600000000000505e-04
-3.020000000000042206e+00 -6.338099999999999507e-04
-3.000000000000042633e+00 -6.264099999999999877e-04
-2.980000000000043059e+00 -6.189900000000000350e-04
-2.960000000000043485e+00 -6.116900000000000202e-04
-2.940000000000043912e+00 -6.042999999999999977e-04
-2.920000000000044338e+00 -5.971499999999999595e-04
-2.900000000000044764e+00 -5.900599999999999986e-04
-2.880000000000045191e+00 -5.830499999999999962e-04
-2.860000000000045617e+00 -5.760500000000000429e-04
-2.840000000000046043e+00 -5.691900000000000171e-04
-2.820000000000046469e+00 -5.623400000000000403e-04
-2.800000000000046896e+00 -5.555999999999999524e-04
-2.780000000000047322e+00 -5.488999999999999522e-04
-2.760000000000047748e+00 -5.422499999999999803e-04
-2.740000000000048175e+00 -5.356700000000000263e-04
-2.720000000000048601e+00 -5.291399999999999923e-04
-2.700000000000049027e+00 -5.226999999999999659e-04
-2.680000000000049454e+00 -5.163499999999999470e-04
-2.660000000000049880e+00 -5.100699999999999462e-04
-2.640000000000050306e+00 -5.037499999999999660e-04
-2.620000000000050733e+00 -4.975500000000000322e-04
-2.600000000000051159e+00 -4.914099999999999588e-04
-2.580000000000051585e+00 -4.852999999999999784e-04
-2.560000000000052012e+00 -4.793099999999999900e-04
-2.540000000000052438e+00 -4.733100000000000068e-04
-2.520000000000052864e+00 -4.674500000000000053e-04
-2.500000000000053291e+00 -4.616500000000000269e-04
-2.480000000000053717e+00 -4.558599999999999892e-04
-2.460000000000054143e+00 -4.500999999999999901e-04
-2.440000000000054570e+00 -4.444000000000000142e-04
-2.420000000000054996e+00 -4.388500000000000148e-04
-2.400000000000055422e+00 -4.333000000000000154e-04
-2.380000000000055849e+00 -4.277999999999999902e-04
-2.360000000000056275e+00 -4.224000000000000215e-04
-2.340000000000056701e+00 -4.170500000000000270e-04
-2.320000000000057128e+00 -4.116599999999999990e-04
-2.300000000000057554e+00 -4.064000000000000121e-04
-2.280000000000057980e+00 -4.011500000000000200e-04
-2.260000000000058407e+00 -3.959999999999999762e-04
-2.240000000000058833e+00 -3.908599999999999813e-04
-2.220000000000059259e+00 -3.857500000000000252e-04
-2.200000000000059686e+00 -3.807099999999999785e-04
-2.180000000000060112e+00 -3.757499999999999989e-04
-2.160000000000060538e+00 -3.708599999999999831e-04
-2.140000000000060965e+00 -3.659600000000000266e-04
-2.120000000000061391e+00 -3.611600000000000183e-04
-2.100000000000061817e+00 -3.563500000000000153e-04
-2.080000000000062244e+00 -3.516099999999999759e-04
-2.060000000000062670e+00 -3.469599999999999984e-04
-2.040000000000063096e+00 -3.423100000000000209e-04
-2.020000000000063523e+00 -3.377499999999999968e-04
-2.000000000000063949e+00 -3.331499999999999934e-04
-1.980000000000064375e+00 -3.286499999999999925e-04
-1.960000000000064801e+00 -3.242000000000000198e-04
-1.940000000000065228e+00 -3.198100000000000161e-04
-1.920000000000065654e+00 -3.154000000000000228e-04
-1.900000000000066080e+00 -3.111100000000000215e-04
-1.880000000000066507e+00 -3.067599999999999971e-04
-1.860000000000066933e+00 -3.025500000000000086e-04
-1.840000000000067359e+00 -2.983500000000000149e-04
-1.820000000000067786e+00 -2.942099999999999902e-04
-1.800000000000068212e+00 -2.901000000000000041e-04
-1.780000000000068638e+00 -2.860000000000000129e-04
-1.760000000000069065e+00 -2.820000000000000241e-04
-1.740000000000069491e+00 -2.779999999999999811e-04
-1.720000000000069917e+00 -2.739999999999999923e-04
-1.700000000000070344e+00 -2.701000000000000059e-04
-1.680000000000070770e+00 -2.662499999999999936e-04
-1.660000000000071196e+00 -2.624099999999999762e-04
-1.640000000000071623e+00 -2.585900000000000026e-04
-1.620000000000072049e+00 -2.547900000000000186e-04
-1.600000000000072475e+00 -2.510999999999999777e-04
-1.580000000000072902e+00 -2.473600000000000169e-04
-1.560000000000073328e+00 -2.436999999999999876e-04
-1.540000000000073754e+00 -2.400500000000000073e-04
-1.520000000000074181e+00 -2.364500000000000011e-04
-1.500000000000074607e+00 -2.328999999999999961e-04
-1.480000000000075033e+00 -2.292999999999999899e-04
-1.460000000000075460e+00 -2.258499999999999874e-04
-1.440000000000075886e+00 -2.223600000000000056e-04
-1.420000000000076312e+00 -2.189000000000000082e-04
-1.400000000000076739e+00 -2.155500000000000081e-04
-1.380000000000077165e+00 -2.121500000000000068e-04
-1.360000000000077591e+00 -2.088000000000000066e-04
-1.340000000000078018e+00 -2.055000000000000077e-04
-1.320000000000078444e+00 -2.021500000000000076e-04
-1.300000000000078870e+00 -1.989000000000000100e-04
-1.280000000000079297e+00 -1.956500000000000123e-04
-1.260000000000079723e+00 -1.923999999999999875e-04
-1.240000000000080149e+00 -1.891999999999999910e-04
-1.220000000000080576e+00 -1.860499999999999958e-04
-1.200000000000081002e+00 -1.828499999999999993e-04
-1.180000000000081428e+00 -1.797000000000000040e-04
-1.160000000000081855e+00 -1.766500000000000112e-04
-1.140000000000082281e+00 -1.735499999999999901e-04
-1.120000000000082707e+00 -1.704999999999999973e-04
-1.100000000000083134e+00 -1.674500000000000044e-04
-1.080000000000083560e+00 -1.644000000000000116e-04
-1.060000000000083986e+00 -1.613999999999999929e-04
-1.040000000000084412e+00 -1.583500000000000001e-04
-1.020000000000084839e+00 -1.554000000000000097e-04
-1.000000000000085265e+00 -1.524499999999999922e-04
-9.800000000000856915e-01 -1.494500000000000006e-04
-9.600000000000861178e-01 -1.465500000000000114e-04
-9.400000000000865441e-01 -1.435999999999999939e-04
-9.200000000000869704e-01 -1.407000000000000048e-04
-9.000000000000873968e-01 -1.377499999999999873e-04
-8.800000000000878231e-01 -1.347999999999999969e-04
-8.600000000000882494e-01 -1.319500000000000089e-04
-8.400000000000886757e-01 -1.290499999999999926e-04
-8.200000000000891021e-01 -1.261500000000000035e-04
-8.000000000000895284e-01 -1.232999999999999884e-04
-7.800000000000899547e-01 -1.203999999999999992e-04
-7.600000000000903810e-01 -1.175999999999999989e-04
-7.400000000000908074e-01 -1.147499999999999974e-04
-7.200000000000912337e-01 -1.118999999999999959e-04
-7.000000000000916600e-01 -1.090499999999999944e-04
-6.800000000000920863e-01 -1.061500000000000052e-04
-6.600000000000925127e-01 -1.033000000000000037e-04
-6.400000000000929390e-01 -1.004200000000000042e-04
-6.200000000000933653e-01 -9.753900000000000244e-05
-6.000000000000937916e-01 -9.465900000000000290e-05
-5.800000000000942180e-01 -9.178000000000000557e-05
-5.600000000000946443e-01 -8.888500000000000025e-05
-5.400000000000950706e-01 -8.598300000000000669e-05
-5.200000000000954969e-01 -8.307399999999999778e-05
-5.000000000000959233e-01 -8.016500000000000242e-05
-4.800000000000963496e-01 -7.721800000000000506e-05
-4.600000000000967759e-01 -7.426699999999999892e-05
-4.400000000000972022e-01 -7.130900000000000454e-05
-4.200000000000976286e-01 -6.832900000000000258e-05
-4.000000000000980549e-01 -6.531900000000000260e-05
-3.800000000000984812e-01 -6.234999999999999766e-05
-3.600000000000989075e-01 -5.932000000000000125e-05
-3.400000000000993339e-01 -5.625400000000000046e-05
-3.200000000000997602e-01 -5.317799999999999806e-05
-3.000000000001001865e-01 -5.007499999999999744e-05
-2.800000000001006129e-01 -4.695000000000000280e-05
-2.600000000001010392e-01 -4.378899999999999698e-05
-2.400000000001014655e-01 -4.062400000000000272e-05
-2.200000000001018918e-01 -3.741900000000000206e-05
-2.000000000001023182e-01 -3.417899999999999920e-05
-1.800000000001027445e-01 -3.091400000000000251e-05
-1.600000000001031708e-01 -2.761000000000000162e-05
-1.400000000001035971e-01 -2.428000000000000132e-05
-1.200000000001040235e-01 -2.092500000000000040e-05
-1.000000000001044498e-01 -1.752900000000000107e-05
-8.000000000010487611e-02 -1.410000000000000053e-05
-6.000000000010530243e-02 -1.062500000000000076e-05
-4.000000000010572876e-02 -7.116000000000000140e-06
-2.000000000010615508e-02 -3.580000000000000029e-06
-1.065814103640150279e-13 -2.775000000000000240e-10
1.999999999989299226e-02 3.630400000000000003e-06
3.999999999989256594e-02 7.301299999999999873e-06
5.999999999989213961e-02 1.101500000000000042e-05
7.999999999989171329e-02 1.476500000000000009e-05
9.999999999989128696e-02 1.857000000000000008e-05
1.199999999998908606e-01 2.240499999999999979e-05
1.399999999998904343e-01 2.627399999999999950e-05
1.599999999998900080e-01 3.021500000000000124e-05
1.799999999998895817e-01 3.419999999999999782e-05
1.999999999998891553e-01 3.822500000000000078e-05
2.199999999998887290e-01 4.229900000000000278e-05
2.399999999998883027e-01 4.644500000000000001e-05
2.599999999998878764e-01 5.061400000000000024e-05
2.799999999998874500e-01 5.484900000000000290e-05
2.999999999998870237e-01 5.913899999999999740e-05
3.199999999998865974e-01 6.349000000000000368e-05
3.399999999998861711e-01 6.788599999999999344e-05
3.599999999998857447e-01 7.233799999999999757e-05
3.799999999998853184e-01 7.684899999999999555e-05
3.999999999998848921e-01 8.140499999999999733e-05
4.199999999998844658e-01 8.604300000000000273e-05
4.399999999998840394e-01 9.072900000000000496e-05
4.599999999998836131e-01 9.547899999999999844e-05
4.799999999998831868e-01 1.003099999999999934e-04
4.999999999998827604e-01 1.051999999999999957e-04
5.199999999998823341e-01 1.101000000000000063e-04
5.399999999998819078e-01 1.151000000000000059e-04
5.599999999998814815e-01 1.201500000000000067e-04
5.799999999998810551e-01 1.253000000000000099e-04
5.999999999998806288e-01 1.305000000000000008e-04
6.199999999998802025e-01 1.357999999999999941e-04
6.399999999998797762e-01 1.410500000000000133e-04
6.599999999998793498e-01 1.464500000000000090e-04
6.799999999998789235e-01 1.519500000000000072e-04
6.999999999998784972e-01 1.575000000000000065e-04
7.199999999998780709e-01 1.631500000000000083e-04
7.399999999998776445e-01 1.688500000000000114e-04
7.599999999998772182e-01 1.745999999999999885e-04
7.799999999998767919e-01 1.804499999999999952e-04
7.999999999998763656e-01 1.864500000000000055e-04
8.199999999998759392e-01 1.923999999999999875e-04
8.399999999998755129e-01 1.985000000000000002e-04
8.599999999998750866e-01 2.046499999999999871e-04
8.799999999998746603e-01 2.109500000000000047e-04
8.999999999998742339e-01 2.172499999999999952e-04
9.199999999998738076e-01 2.236999999999999893e-04
9.399999999998733813e-01 2.302000000000000118e-04
9.599999999998729550e-01 2.368000000000000096e-04
9.799999999998725286e-01 2.434600000000000034e-04
9.999999999998721023e-01 2.502100000000000049e-04
1.019999999999871676e+00 2.571000000000000152e-04
1.039999999999871250e+00 2.640499999999999944e-04
1.059999999999870823e+00 2.710500000000000019e-04
1.079999999999870397e+00 2.781999999999999859e-04
1.099999999999869971e+00 2.853600000000000190e-04
1.119999999999869544e+00 2.927000000000000131e-04
1.139999999999869118e+00 3.001100000000000252e-04
1.159999999999868692e+00 3.078000000000000007e-04
1.179999999999868265e+00 3.154000000000000228e-04
1.199999999999867839e+00 3.230999999999999931e-04
1.219999999999867413e+00 3.309000000000000201e-04
1.239999999999866986e+00 3.388099999999999901e-04
1.259999999999866560e+00 3.468100000000000219e-04
1.279999999999866134e+00 3.548599999999999736e-04
1.299999999999865707e+00 3.630099999999999820e-04
1.319999999999865281e+00 3.713100000000000211e-04
1.339999999999864855e+00 3.797000000000000136e-04
1.359999999999864428e+00 3.881600000000000241e-04
1.379999999999864002e+00 3.967600000000000163e-04
1.399999999999863576e+00 4.054500000000000161e-04
1.419999999999863149e+00 4.142099999999999797e-04
1.439999999999862723e+00 4.230999999999999843e-04
1.459999999999862297e+00 4.320999999999999863e-04
1.479999999999861870e+00 4.412099999999999854e-04
1.499999999999861444e+00 4.503999999999999974e-04
1.519999999999861018e+00 4.597000000000000066e-04
1.539999999999860592e+00 4.691000000000000183e-04
1.559999999999860165e+00 4.786600000000000013e-04
1.579999999999859739e+00 4.883100000000000461e-04
1.599999999999859313e+00 4.980600000000000391e-04
1.619999999999858886e+00 5.078599999999999521e-04
1.639999999999858460e+00 5.178399999999999887e-04
1.659999999999858034e+00 5.279199999999999735e-04
1.679999999999857607e+00 5.379000000000000101e-04
1.699999999999857181e+00 5.481499999999999611e-04
1.719999999999856755e+00 5.586099999999999659e-04
1.739999999999856328e+00 5.691000000000000095e-04
1.759999999999855902e+00 5.797099999999999909e-04
1.779999999999855476e+00 5.904400000000000186e-04
1.799999999999855049e+00 6.012899999999999842e-04
1.819999999999854623e+00 6.121699999999999885e-04
1.839999999999854197e+00 6.232600000000000466e-04
1.859999999999853770e+00 6.344000000000000247e-04
1.879999999999853344e+00 6.457000000000000283e-04
1.899999999999852918e+00 6.571399999999999594e-04
1.919999999999852491e+00 6.686100000000000376e-04
1.939999999999852065e+00 6.802099999999999943e-04
1.959999999999851639e+00 6.919499999999999870e-04
1.979999999999851212e+00 7.038399999999999561e-04
1.999999999999850786e+00 7.158499999999999716e-04
2.019999999999850360e+00 7.278900000000000257e-04
2.039999999999849933e+00 7.401699999999999556e-04
2.059999999999849507e+00 7.524199999999999552e-04
2.079999999999849081e+00 7.648499999999999700e-04
2.099999999999848654e+00 7.774499999999999510e-04
2.119999999999848228e+00 7.902099999999999576e-04
2.139999999999847802e+00 8.029899999999999538e-04
2.159999999999847375e+00 8.159600000000000143e-04
2.179999999999846949e+00 8.290700000000000023e-04
2.199999999999846523e+00 8.422100000000000289e-04
2.219999999999846096e+00 8.555700000000000501e-04
2.239999999999845670e+00 8.690100000000000298e-04
2.259999999999845244e+00 8.825999999999999861e-04
2.279999999999844817e+00 8.963099999999999887e-04
2.299999999999844391e+00 9.101600000000000272e-04
2.319999999999843965e+00 9.241100000000000139e-04
2.339999999999843538e+00 9.382099999999999771e-04
2.359999999999843112e+00 9.524499999999999763e-04
2.379999999999842686e+00 9.668199999999999624e-04
2.399999999999842260e+00 9.813300000000000928e-04
2.419999999999841833e+00 9.959899999999999830e-04
2.439999999999841407e+00 1.010700000000000010e-03
2.459999999999840981e+00 1.025700000000000049e-03
2.479999999999840554e+00 1.040799999999999928e-03
2.499999999999840128e+00 1.055500000000000015e-03
2.519999999999839702e+00 1.070500000000000054e-03
2.539999999999839275e+00 1.085999999999999943e-03
2.559999999999838849e+00 1.101500000000000049e-03
2.579999999999838423e+00 1.117500000000000004e-03
2.599999999999837996e+00 1.132999999999999893e-03
2.619999999999837570e+00 1.149000000000000065e-03
2.639999999999837144e+00 1.165500000000000086e-03
2.659999999999836717e+00 1.181500000000000042e-03
2.679999999999836291e+00 1.198499999999999913e-03
2.699999999999835865e+00 1.214999999999999934e-03
2.719999999999835438e+00 1.231499999999999956e-03
2.739999999999835012e+00 1.248500000000000044e-03
2.759999999999834586e+00 1.265999999999999981e-03
2.779999999999834159e+00 1.283000000000000069e-03
2.799999999999833733e+00 1.300500000000000007e-03
2.819999999999833307e+00 1.317999999999999944e-03
2.839999999999832880e+00 1.335500000000000098e-03
2.859999999999832454e+00 1.353500000000000102e-03
2.879999999999832028e+00 1.371500000000000106e-03
2.899999999999831601e+00 1.389999999999999960e-03
2.919999999999831175e+00 1.407999999999999963e-03
2.939999999999830749e+00 1.427000000000000100e-03
2.959999999999830322e+00 1.445499999999999953e-03
2.979999999999829896e+00 1.464500000000000090e-03
2.999999999999829470e+00 1.483500000000000010e-03
3.019999999999829043e+00 1.502499999999999929e-03
3.039999999999828617e+00 1.521999999999999915e-03
3.059999999999828191e+00 1.541499999999999902e-03
3.079999999999827764e+00 1.561499999999999954e-03
3.099999999999827338e+00 1.580999999999999940e-03
3.119999999999826912e+00 1.600999999999999993e-03
3.139999999999826485e+00 1.621000000000000045e-03
3.159999999999826059e+00 1.641499999999999947e-03
3.179999999999825633e+00 1.662000000000000066e-03
3.199999999999825206e+00 1.683500000000000101e-03
3.219999999999824780e+00 1.704000000000000003e-03
3.239999999999824354e+00 1.724999999999999971e-03
3.259999999999823928e+00 1.746500000000000006e-03
3.279999999999823501e+00 1.767499999999999974e-03
3.299999999999823075e+00 1.789000000000000009e-03
3.319999999999822649e+00 1.810999999999999893e-03
3.339999999999822222e+00 1.832499999999999928e-03
3.359999999999821796e+00 1.855000000000000095e-03
3.379999999999821370e+00 1.876999999999999979e-03
3.399999999999820943e+00 1.899000000000000080e-03
3.419999999999820517e+00 1.922000000000000097e-03
3.439999999999820091e+00 1.944500000000000048e-03
3.459999999999819664e+00 1.967599999999999905e-03
3.479999999999819238e+00 1.990599999999999922e-03
3.499999999999818812e+00 2.014000000000000165e-03
3.519999999999818385e+00 2.037499999999999815e-03
3.539999999999817959e+00 2.060999999999999898e-03
3.559999999999817533e+00 2.085000000000000048e-03
3.579999999999817106e+00 2.109100000000000037e-03
3.599999999999816680e+00 2.132999999999999913e-03
3.619999999999816254e+00 2.157599999999999969e-03
3.639999999999815827e+00 2.182499999999999978e-03
3.659999999999815401e+00 2.207000000000000194e-03
3.679999999999814975e+00 2.232099999999999883e-03
3.699999999999814548e+00 2.256999999999999892e-03
3.719999999999814122e+00 2.282000000000000174e-03
3.739999999999813696e+00 2.307500000000000089e-03
3.759999999999813269e+00 2.333000000000000004e-03
3.779999999999812843e+00 2.358999999999999986e-03
3.799999999999812417e+00 2.385500000000000034e-03
3.819999999999811990e+00 2.411500000000000015e-03
3.839999999999811564e+00 2.438099999999999903e-03
3.859999999999811138e+00 2.464500000000000111e-03
3.879999999999810711e+00 2.491499999999999791e-03
3.899999999999810285e+00 2.518999999999999972e-03
3.919999999999809859e+00 2.546099999999999926e-03
3.939999999999809432e+00 2.573499999999999833e-03
3.959999999999809006e+00 2.601500000000000080e-03
3.979999999999808580e+00 2.628999999999999827e-03
3.999999999999808153e+00 2.657099999999999913e-03
4.019999999999807727e+00 2.685100000000000160e-03
4.039999999999807301e+00 2.713999999999999833e-03
4.059999999999806874e+00 2.742500000000000146e-03
4.079999999999806448e+00 2.771500000000000092e-03
4.099999999999806022e+00 2.800500000000000038e-03
4.119999999999805596e+00 2.829599999999999824e-03
4.139999999999805169e+00 2.858999999999999996e-03
4.159999999999804743e+00 2.889000000000000075e-03
4.179999999999804317e+00 2.918500000000000087e-03
4.199999999999803890e+00 2.948999999999999799e-03
4.219999999999803464e+00 2.978999999999999877e-03
4.239999999999803038e+00 3.009599999999999862e-03
4.259999999999802611e+00 3.040100000000000007e-03
4.279999999999802185e+00 3.071500000000000011e-03
4.299999999999801759e+00 3.102499999999999789e-03
4.319999999999801332e+00 3.133500000000000001e-03
4.339999999999800906e+00 3.164999999999999845e-03
4.359999999999800480e+00 3.197100000000000029e-03
4.379999999999800053e+00 3.229000000000000099e-03
4.399999999999799627e+00 3.261000000000000010e-03
4.419999999999799201e+00 3.293499999999999987e-03
4.439999999999798774e+00 3.326099999999999803e-03
4.459999999999798348e+00 3.358499999999999940e-03
4.479999999999797922e+00 3.391499999999999983e-03
4.499999999999797495e+00 3.424500000000000027e-03
4.519999999999797069e+00 3.458000000000000136e-03
4.539999999999796643e+00 3.491499999999999812e-03
4.559999999999796216e+00 3.525499999999999988e-03
4.579999999999795790e+00 3.559500000000000164e-03
4.599999999999795364e+00 3.593999999999999972e-03
4.619999999999794937e+00 3.628500000000000215e-03
4.639999999999794511e+00 3.663099999999999863e-03
4.659999999999794085e+00 3.697499999999999832e-03
4.679999999999793658e+00 3.732599999999999980e-03
4.699999999999793232e+00 3.768599999999999988e-03
4.719999999999792806e+00 3.803500000000000023e-03
4.739999999999792379e+00 3.838999999999999965e-03
4.759999999999791953e+00 3.874999999999999972e-03
4.779999999999791527e+00 3.911000000000000414e-03
4.799999999999791100e+00 3.946999999999999988e-03
4.819999999999790674e+00 3.983999999999999694e-03
4.839999999999790248e+00 4.020400000000000362e-03
4.859999999999789821e+00 4.058100000000000249e-03
4.879999999999789395e+00 4.095099999999999955e-03
4.899999999999788969e+00 4.132499999999999889e-03
4.919999999999788542e+00 4.169899999999999822e-03
4.939999999999788116e+00 4.208100000000000208e-03
4.959999999999787690e+00 4.245999999999999774e-03
4.979999999999787264e+00 4.284600000000000387e-03
4.999999999999786837e+00 4.322999999999999586e-03
