-5.000000000000000000e+00 -2.640500000000000052e-03
-4.980000000000000426e+00 -2.618600000000000007e-03
-4.960000000000000853e+00 -2.596499999999999850e-03
-4.940000000000001279e+00 -2.575500000000000098e-03
-4.920000000000001705e+00 -2.554100000000000120e-03
-4.900000000000002132e+00 -2.532500000000000029e-03
-4.880000000000002558e+00 -2.511000000000000211e-03
-4.860000000000002984e+00 -2.489599999999999799e-03
-4.840000000000003411e+00 -2.468500000000000208e-03
-4.820000000000003837e+00 -2.446999999999999956e-03
-4.800000000000004263e+00 -2.426000000000000205e-03
-4.780000000000004690e+00 -2.404599999999999793e-03
-4.760000000000005116e+00 -2.384100000000000108e-03
-4.740000000000005542e+00 -2.363000000000000083e-03
-4.720000000000005969e+00 -2.341999999999999898e-03
-4.700000000000006395e+00 -2.321500000000000213e-03
-4.680000000000006821e+00 -2.301000000000000094e-03
-4.660000000000007248e+00 -2.279999999999999909e-03
-4.640000000000007674e+00 -2.259999999999999856e-03
-4.620000000000008100e+00 -2.239000000000000105e-03
-4.600000000000008527e+00 -2.219000000000000052e-03
-4.580000000000008953e+00 -2.199099999999999840e-03
-4.560000000000009379e+00 -2.178999999999999947e-03
-4.540000000000009805e+00 -2.158999999999999895e-03
-4.520000000000010232e+00 -2.138999999999999842e-03
-4.500000000000010658e+00 -2.119999999999999923e-03
-4.480000000000011084e+00 -2.100499999999999937e-03
-4.460000000000011511e+00 -2.080999999999999951e-03
-4.440000000000011937e+00 -2.061499999999999964e-03
-4.420000000000012363e+00 -2.042500000000000045e-03
-4.400000000000012790e+00 -2.023500000000000125e-03
-4.380000000000013216e+00 -2.004999999999999838e-03
-4.360000000000013642e+00 -1.985600000000000125e-03
-4.340000000000014069e+00 -1.967099999999999838e-03
-4.320000000000014495e+00 -1.948499999999999928e-03
-4.300000000000014921e+00 -1.929500000000000009e-03
-4.280000000000015348e+00 -1.911500000000000005e-03
-4.260000000000015774e+00 -1.892500000000000085e-03
-4.240000000000016200e+00 -1.874999999999999931e-03
-4.220000000000016627e+00 -1.856999999999999927e-03
-4.200000000000017053e+00 -1.838999999999999923e-03
-4.180000000000017479e+00 -1.820999999999999919e-03
-4.160000000000017906e+00 -1.803499999999999982e-03
-4.140000000000018332e+00 -1.786000000000000044e-03
-4.120000000000018758e+00 -1.768500000000000107e-03
-4.100000000000019185e+00 -1.750999999999999952e-03
-4.080000000000019611e+00 -1.734000000000000081e-03
-4.060000000000020037e+00 -1.716999999999999993e-03
-4.040000000000020464e+00 -1.699999999999999905e-03
-4.020000000000020890e+00 -1.683000000000000034e-03
-4.000000000000021316e+00 -1.667000000000000079e-03
-3.980000000000021743e+00 -1.649999999999999991e-03
-3.960000000000022169e+00 -1.633499999999999969e-03
-3.940000000000022595e+00 -1.616999999999999948e-03
-3.920000000000023022e+00 -1.600499999999999926e-03
-3.900000000000023448e+00 -1.584499999999999971e-03
-3.880000000000023874e+00 -1.569000000000000082e-03
-3.860000000000024301e+00 -1.552500000000000061e-03
-3.840000000000024727e+00 -1.536999999999999955e-03
-3.820000000000025153e+00 -1.521500000000000066e-03
-3.800000000000025580e+00 -1.505999999999999960e-03
-3.780000000000026006e+00 -1.490500000000000071e-03
-3.760000000000026432e+00 -1.474999999999999966e-03
-3.740000000000026859e+00 -1.460499999999999993e-03
-3.720000000000027285e+00 -1.445000000000000104e-03
-3.700000000000027711e+00 -1.430000000000000064e-03
-3.680000000000028137e+00 -1.415500000000000091e-03
-3.660000000000028564e+00 -1.400500000000000052e-03
-3.640000000000028990e+00 -1.386000000000000079e-03
-3.620000000000029416e+00 -1.371500000000000106e-03
-3.600000000000029843e+00 -1.356999999999999916e-03
-3.580000000000030269e+00 -1.343000000000000010e-03
-3.560000000000030695e+00 -1.328500000000000037e-03
-3.540000000000031122e+00 -1.314499999999999913e-03
-3.520000000000031548e+00 -1.300500000000000007e-03
-3.500000000000031974e+00 -1.286999999999999950e-03
-3.480000000000032401e+00 -1.273000000000000043e-03
-3.460000000000032827e+00 -1.259499999999999986e-03
-3.440000000000033253e+00 -1.245999999999999929e-03
-3.420000000000033680e+00 -1.232500000000000089e-03
-3.400000000000034106e+00 -1.219999999999999947e-03
-3.380000000000034532e+00 -1.206500000000000107e-03
-3.360000000000034959e+00 -1.193499999999999900e-03
-3.340000000000035385e+00 -1.180499999999999909e-03
-3.320000000000035811e+00 -1.167499999999999918e-03
-3.300000000000036238e+00 -1.154999999999999994e-03
-3.280000000000036664e+00 -1.142500000000000069e-03
-3.260000000000037090e+00 -1.129500000000000079e-03
-3.240000000000037517e+00 -1.116999999999999937e-03
-3.220000000000037943e+00 -1.104500000000000013e-03
-3.200000000000038369e+00 -1.092499999999999938e-03
-3.180000000000038796e+00 -1.080999999999999930e-03
-3.160000000000039222e+00 -1.068500000000000005e-03
-3.140000000000039648e+00 -1.056499999999999930e-03
-3.120000000000040075e+00 -1.044999999999999922e-03
-3.100000000000040501e+00 -1.033000000000000064e-03
-3.080000000000040927e+00 -1.021500000000000056e-03
-3.060000000000041354e+00 -1.011100000000000020e-03
-3.040000000000041780e+00 -9.996300000000000498e-04
-3.020000000000042206e+00 -9.883599999999999764e-04
-3.000000000000042633e+00 -9.771000000000000605e-04
-2.980000000000043059e+00 -9.660100000000000024e-04
-2.960000000000043485e+00 -9.548700000000000243e-04
-2.940000000000043912e+00 -9.437199999999999972e-04
-2.920000000000044338e+00 -9.328399999999999930e-04
-2.900000000000044764e+00 -9.220499999999999963e-04
-2.880000000000045191e+00 -9.114400000000000149e-04
-2.860000000000045617e+00 -9.008900000000000024e-04
-2.840000000000046043e+00 -8.903999999999999589e-04
-2.820000000000046469e+00 -8.800000000000000313e-04
-2.800000000000046896e+00 -8.697499999999999719e-04
-2.780000000000047322e+00 -8.596199999999999588e-04
-2.760000000000047748e+00 -8.494499999999999664e-04
-2.740000000000048175e+00 -8.394999999999999685e-04
-2.720000000000048601e+00 -8.295499999999999706e-04
-2.700000000000049027e+00 -8.197099999999999699e-04
-2.680000000000049454e+00 -8.100600000000000335e-04
-2.660000000000049880e+00 -8.004000000000000481e-04
-2.640000000000050306e+00 -7.908600000000000005e-04
-2.620000000000050733e+00 -7.813600000000000406e-04
-2.600000000000051159e+00 -7.720000000000000083e-04
-2.580000000000051585e+00 -7.627000000000000533e-04
-2.560000000000052012e+00 -7.534899999999999974e-04
-2.540000000000052438e+00 -7.443999999999999879e-04
-2.520000000000052864e+00 -7.353400000000000171e-04
-2.500000000000053291e+00 -7.264599999999999530e-04
-2.480000000000053717e+00 -7.175499999999999587e-04
-2.460000000000054143e+00 -7.087600000000000107e-04
-2.440000000000054570e+00 -7.000599999999999618e-04
-2.420000000000054996e+00 -6.915899999999999565e-04
-2.400000000000055422e+00 -6.830700000000000313e-04
-2.380000000000055849e+00 -6.745399999999999487e-04
-2.360000000000056275e+00 -6.662000000000000387e-04
-2.340000000000056701e+00 -6.579199999999999892e-04
-2.320000000000057128e+00 -6.496899999999999680e-04
-2.300000000000057554e+00 -6.416100000000000319e-04
-2.280000000000057980e+00 -6.335099999999999976e-04
-2.260000000000058407e+00 -6.255499999999999993e-04
-2.240000000000058833e+00 -6.176499999999999699e-04
-2.220000000000059259e+00 -6.098100000000000178e-04
-2.200000000000059686e+00 -6.020100000000000451e-04
-2.180000000000060112e+00 -5.943499999999999998e-04
-2.160000000000060538e+00 -5.867500000000000319e-04
-2.140000000000060965e+00 -5.792700000000000019e-04
-2.120000000000061391e+00 -5.716999999999999643e-04
-2.100000000000061817e+00 -5.643100000000000503e-04
-2.080000000000062244e+00 -5.570100000000000355e-04
-2.060000000000062670e+00 -5.496999999999999716e-04
-2.040000000000063096e+00 -5.425500000000000418e-04
-2.020000000000063523e+00 -5.354599999999999724e-04
-2.000000000000063949e+00 -5.284499999999999701e-04
-1.980000000000064375e+00 -5.213600000000000092e-04
-1.960000000000064801e+00 -5.144499999999999551e-04
-1.940000000000065228e+00 -5.076500000000000066e-04
-1.920000000000065654e+00 -5.008000000000000299e-04
-1.900000000000066080e+00 -4.940600000000000503e-04
-1.880000000000066507e+00 -4.873599999999999959e-04
-1.860000000000066933e+00 -4.807999999999999774e-04
-1.840000000000067359e+00 -4.742600000000000027e-04
-1.820000000000067786e+00 -4.677500000000000126e-04
-1.800000000000068212e+00 -4.612500000000000172e-04
-1.780000000000068638e+00 -4.550099999999999956e-04
-1.760000000000069065e+00 -4.486599999999999768e-04
-1.740000000000069491e+00 -4.424000000000000198e-04
-1.720000000000069917e+00 -4.361999999999999775e-04
-1.700000000000070344e+00 -4.300500000000000178e-04
-1.680000000000070770e+00 -4.240599999999999752e-04
-1.660000000000071196e+00 -4.180499999999999971e-04
-1.640000000000071623e+00 -4.121099999999999828e-04
-1.620000000000072049e+00 -4.061499999999999789e-04
-1.600000000000072475e+00 -4.002599999999999930e-04
-1.580000000000072902e+00 -3.945099999999999887e-04
-1.560000000000073328e+00 -3.887000000000000156e-04
-1.540000000000073754e+00 -3.829600000000000061e-04
-1.520000000000074181e+00 -3.773000000000000095e-04
-1.500000000000074607e+00 -3.717099999999999766e-04
-1.480000000000075033e+00 -3.661499999999999824e-04
-1.460000000000075460e+00 -3.606099999999999779e-04
-1.440000000000075886e+00 -3.551100000000000068e-04
-1.420000000000076312e+00 -3.496999999999999892e-04
-1.400000000000076739e+00 -3.444000000000000230e-04
-1.380000000000077165e+00 -3.390499999999999742e-04
-1.360000000000077591e+00 -3.337600000000000029e-04
-1.340000000000078018e+00 -3.285000000000000159e-04
-1.320000000000078444e+00 -3.232099999999999904e-04
-1.300000000000078870e+00 -3.180500000000000059e-04
-1.280000000000079297e+00 -3.129100000000000111e-04
-1.260000000000079723e+00 -3.078000000000000007e-04
-1.240000000000080149e+00 -3.026999999999999851e-04
-1.220000000000080576e+00 -2.977000000000000262e-04
-1.200000000000081002e+00 -2.926599999999999796e-04
-1.180000000000081428e+00 -2.877000000000000000e-04
-1.160000000000081855e+00 -2.827500000000000152e-04
-1.140000000000082281e+00 -2.779099999999999735e-04
-1.120000000000082707e+00 -2.729599999999999887e-04
-1.100000000000083134e+00 -2.681499999999999856e-04
-1.080000000000083560e+00 -2.633000000000000032e-04
-1.060000000000083986e+00 -2.585500000000000233e-04
-1.040000000000084412e+00 -2.537500000000000150e-04
-1.020000000000084839e+00 -2.489999999999999809e-04
-1.000000000000085265e+00 -2.442999999999999751e-04
-9.800000000000856915e-01 -2.395499999999999951e-04
-9.600000000000861178e-01 -2.348499999999999893e-04
-9.400000000000865441e-01 -2.302000000000000118e-04
-9.200000000000869704e-01 -2.255000000000000060e-04
-9.000000000000873968e-01 -2.209000000000000026e-04
-8.800000000000878231e-01 -2.161499999999999956e-04
-8.600000000000882494e-01 -2.114999999999999910e-04
-8.400000000000886757e-01 -2.069499999999999888e-04
-8.200000000000891021e-01 -2.023500000000000125e-04
-8.000000000000895284e-01 -1.977500000000000091e-04
-7.800000000000899547e-01 -1.931500000000000057e-04
-7.600000000000903810e-01 -1.885500000000000023e-04
-7.400000000000908074e-01 -1.840000000000000001e-04
-7.200000000000912337e-01 -1.793999999999999968e-04
-7.000000000000916600e-01 -1.747999999999999934e-04
-6.800000000000920863e-01 -1.702499999999999912e-04
-6.600000000000925127e-01 -1.656499999999999878e-04
-6.400000000000929390e-01 -1.610500000000000115e-04
-6.200000000000933653e-01 -1.564500000000000081e-04
-6.000000000000937916e-01 -1.518500000000000047e-04
-5.800000000000942180e-01 -1.472000000000000001e-04
-5.600000000000946443e-01 -1.425499999999999955e-04
-5.400000000000950706e-01 -1.378999999999999909e-04
-5.200000000000954969e-01 -1.332500000000000134e-04
-5.000000000000959233e-01 -1.285500000000000076e-04
-4.800000000000963496e-01 -1.238500000000000018e-04
-4.600000000000967759e-01 -1.190999999999999947e-04
-4.400000000000972022e-01 -1.143500000000000012e-04
-4.200000000000976286e-01 -1.095500000000000065e-04
-4.000000000000980549e-01 -1.047499999999999983e-04
-3.800000000000984812e-01 -9.993499999999999779e-05
-3.600000000000989075e-01 -9.504300000000000465e-05
-3.400000000000993339e-01 -9.014499999999999835e-05
-3.200000000000997602e-01 -8.520499999999999483e-05
-3.000000000001001865e-01 -8.022000000000000105e-05
-2.800000000001006129e-01 -7.518699999999999689e-05
-2.600000000001010392e-01 -7.013599999999999392e-05
-2.400000000001014655e-01 -6.504399999999999592e-05
-2.200000000001018918e-01 -5.989899999999999690e-05
-2.000000000001023182e-01 -5.469499999999999725e-05
-1.800000000001027445e-01 -4.946399999999999940e-05
-1.600000000001031708e-01 -4.417400000000000092e-05
-1.400000000001035971e-01 -3.884900000000000023e-05
-1.200000000001040235e-01 -3.348999999999999953e-05
-1.000000000001044498e-01 -2.803499999999999840e-05
-8.000000000010487611e-02 -2.252999999999999944e-05
-6.000000000010530243e-02 -1.699499999999999907e-05
-4.000000000010572876e-02 -1.137500000000000036e-05
-2.000000000010615508e-02 -5.706000000000000087e-06
-1.065814103640150279e-13 6.600000000000000370e-09
1.999999999989299226e-02 5.805400000000000355e-06
3.999999999989256594e-02 1.166499999999999928e-05
5.999999999989213961e-02 1.760499999999999831e-05
7.999999999989171329e-02 2.356999999999999964e-05
9.999999999989128696e-02 2.962399999999999962e-05
1.199999999998908606e-01 3.576999999999999803e-05
1.399999999998904343e-01 4.191900000000000303e-05
1.599999999998900080e-01 4.819399999999999970e-05
1.799999999998895817e-01 5.454900000000000238e-05
1.999999999998891553e-01 6.097000000000000070e-05
2.199999999998887290e-01 6.745399999999999487e-05
2.399999999998883027e-01 7.401799999999999504e-05
2.599999999998878764e-01 8.064900000000000660e-05
2.799999999998874500e-01 8.737999999999999348e-05
2.999999999998870237e-01 9.420499999999999675e-05
3.199999999998865974e-01 1.011000000000000044e-04
3.399999999998861711e-01 1.080999999999999984e-04
3.599999999998857447e-01 1.151499999999999936e-04
3.799999999998853184e-01 1.222999999999999912e-04
3.999999999998848921e-01 1.295000000000000036e-04
4.199999999998844658e-01 1.368499999999999925e-04
4.399999999998840394e-01 1.443000000000000109e-04
4.599999999998836131e-01 1.518000000000000035e-04
4.799999999998831868e-01 1.594499999999999997e-04
4.999999999998827604e-01 1.671499999999999971e-04
5.199999999998823341e-01 1.749499999999999970e-04
5.399999999998819078e-01 1.829000000000000005e-04
5.599999999998814815e-01 1.908500000000000040e-04
5.799999999998810551e-01 1.989500000000000112e-04
5.999999999998806288e-01 2.071499999999999936e-04
6.199999999998802025e-01 2.155000000000000069e-04
6.399999999998797762e-01 2.237499999999999906e-04
6.599999999998793498e-01 2.323000000000000087e-04
6.799999999998789235e-01 2.409500000000000021e-04
6.999999999998784972e-01 2.496999999999999979e-04
7.199999999998780709e-01 2.584999999999999950e-04
7.399999999998776445e-01 2.675099999999999917e-04
7.599999999998772182e-01 2.765499999999999729e-04
7.799999999998767919e-01 2.858000000000000080e-04
7.999999999998763656e-01 2.950599999999999837e-04
8.199999999998759392e-01 3.045500000000000030e-04
8.399999999998755129e-01 3.140999999999999912e-04
8.599999999998750866e-01 3.238000000000000101e-04
8.799999999998746603e-01 3.336100000000000263e-04
8.999999999998742339e-01 3.434600000000000218e-04
9.199999999998738076e-01 3.535599999999999962e-04
9.399999999998733813e-01 3.637099999999999990e-04
9.599999999998729550e-01 3.739999999999999835e-04
9.799999999998725286e-01 3.844499999999999936e-04
9.999999999998721023e-01 3.950599999999999750e-04
1.019999999999871676e+00 4.057600000000000182e-04
1.039999999999871250e+00 4.165500000000000149e-04
1.059999999999870823e+00 4.274999999999999829e-04
1.079999999999870397e+00 4.386600000000000048e-04
1.099999999999869971e+00 4.499099999999999801e-04
1.119999999999869544e+00 4.613099999999999861e-04
1.139999999999869118e+00 4.727999999999999998e-04
1.159999999999868692e+00 4.848100000000000152e-04
1.179999999999868265e+00 4.965699999999999975e-04
1.199999999999867839e+00 5.085499999999999743e-04
1.219999999999867413e+00 5.206499999999999974e-04
1.239999999999866986e+00 5.328899999999999479e-04
1.259999999999866560e+00 5.452900000000000325e-04
1.279999999999866134e+00 5.578099999999999465e-04
1.299999999999865707e+00 5.705099999999999841e-04
1.319999999999865281e+00 5.832899999999999804e-04
1.339999999999864855e+00 5.963399999999999994e-04
1.359999999999864428e+00 6.095200000000000054e-04
1.379999999999864002e+00 6.227500000000000396e-04
1.399999999999863576e+00 6.361900000000000194e-04
1.419999999999863149e+00 6.497500000000000454e-04
1.439999999999862723e+00 6.635200000000000169e-04
1.459999999999862297e+00 6.774100000000000347e-04
1.479999999999861870e+00 6.914999999999999489e-04
1.499999999999861444e+00 7.057199999999999585e-04
1.519999999999861018e+00 7.200499999999999652e-04
1.539999999999860592e+00 7.345700000000000363e-04
1.559999999999860165e+00 7.492599999999999651e-04
1.579999999999859739e+00 7.640999999999999789e-04
1.599999999999859313e+00 7.790899999999999692e-04
1.619999999999858886e+00 7.942900000000000134e-04
1.639999999999858460e+00 8.096699999999999644e-04
1.659999999999858034e+00 8.251099999999999927e-04
1.679999999999857607e+00 8.405100000000000418e-04
1.699999999999857181e+00 8.562500000000000232e-04
1.719999999999856755e+00 8.723099999999999474e-04
1.739999999999856328e+00 8.884099999999999593e-04
1.759999999999855902e+00 9.047700000000000534e-04
1.779999999999855476e+00 9.212200000000000466e-04
1.799999999999855049e+00 9.378200000000000165e-04
1.819999999999854623e+00 9.545699999999999628e-04
1.839999999999854197e+00 9.715600000000000017e-04
1.859999999999853770e+00 9.887200000000000068e-04
1.879999999999853344e+00 1.005999999999999950e-03
1.899999999999852918e+00 1.023500000000000104e-03
1.919999999999852491e+00 1.041000000000000042e-03
1.939999999999852065e+00 1.058499999999999979e-03
1.959999999999851639e+00 1.075999999999999917e-03
1.979999999999851212e+00 1.094499999999999987e-03
1.999999999999850786e+00 1.112499999999999991e-03
2.019999999999850360e+00 1.131000000000000061e-03
2.039999999999849933e+00 1.149499999999999914e-03
2.059999999999849507e+00 1.168500000000000051e-03
2.079999999999849081e+00 1.186999999999999904e-03
2.099999999999848654e+00 1.206500000000000107e-03
2.119999999999848228e+00 1.226000000000000093e-03
2.139999999999847802e+00 1.245500000000000079e-03
2.159999999999847375e+00 1.265499999999999915e-03
2.179999999999846949e+00 1.284999999999999901e-03
2.199999999999846523e+00 1.305500000000000020e-03
2.219999999999846096e+00 1.325500000000000072e-03
2.239999999999845670e+00 1.346500000000000041e-03
2.259999999999845244e+00 1.366999999999999943e-03
2.279999999999844817e+00 1.387500000000000061e-03
2.299999999999844391e+00 1.409000000000000096e-03
2.319999999999843965e+00 1.430000000000000064e-03
2.339999999999843538e+00 1.451000000000000033e-03
2.359999999999843112e+00 1.473499999999999983e-03
2.379999999999842686e+00 1.495000000000000018e-03
2.399999999999842260e+00 1.516999999999999902e-03
2.419999999999841833e+00 1.539000000000000003e-03
2.439999999999841407e+00 1.561499999999999954e-03
2.459999999999840981e+00 1.583999999999999905e-03
2.479999999999840554e+00 1.606999999999999922e-03
2.499999999999840128e+00 1.629999999999999939e-03
2.519999999999839702e+00 1.653500000000000022e-03
2.539999999999839275e+00 1.677000000000000105e-03
2.559999999999838849e+00 1.699999999999999905e-03
2.579999999999838423e+00 1.724000000000000055e-03
2.599999999999837996e+00 1.748500000000000054e-03
2.619999999999837570e+00 1.772499999999999987e-03
2.639999999999837144e+00 1.796999999999999986e-03
2.659999999999836717e+00 1.822000000000000052e-03
2.679999999999836291e+00 1.846999999999999901e-03
2.699999999999835865e+00 1.871499999999999900e-03
2.719999999999835438e+00 1.897000000000000032e-03
2.739999999999835012e+00 1.922499999999999947e-03
2.759999999999834586e+00 1.948499999999999928e-03
2.779999999999834159e+00 1.974500000000000127e-03
2.799999999999833733e+00 2.001100000000000014e-03
2.819999999999833307e+00 2.027000000000000156e-03
2.839999999999832880e+00 2.053999999999999836e-03
2.859999999999832454e+00 2.080999999999999951e-03
2.879999999999832028e+00 2.108000000000000065e-03
2.899999999999831601e+00 2.135499999999999812e-03
2.919999999999831175e+00 2.163099999999999832e-03
2.939999999999830749e+00 2.191100000000000079e-03
2.959999999999830322e+00 2.219000000000000052e-03
2.979999999999829896e+00 2.246999999999999865e-03
2.999999999999829470e+00 2.276100000000000085e-03
3.019999999999829043e+00 2.304599999999999965e-03
3.039999999999828617e+00 2.334000000000000137e-03
3.059999999999828191e+00 2.363000000000000083e-03
3.079999999999827764e+00 2.392099999999999869e-03
3.099999999999827338e+00 2.422000000000000108e-03
3.119999999999826912e+00 2.452000000000000186e-03
3.139999999999826485e+00 2.482100000000000105e-03
3.159999999999826059e+00 2.512599999999999816e-03
3.179999999999825633e+00 2.543600000000000028e-03
3.199999999999825206e+00 2.575000000000000032e-03
3.219999999999824780e+00 2.605999999999999810e-03
3.239999999999824354e+00 2.637500000000000087e-03
3.259999999999823928e+00 2.669599999999999838e-03
3.279999999999823501e+00 2.700999999999999842e-03
3.299999999999823075e+00 2.733000000000000186e-03
3.319999999999822649e+00 2.765500000000000163e-03
3.339999999999822222e+00 2.798600000000000046e-03
3.359999999999821796e+00 2.831000000000000183e-03
3.379999999999821370e+00 2.863999999999999792e-03
3.399999999999820943e+00 2.897499999999999902e-03
3.419999999999820517e+00 2.931000000000000012e-03
3.439999999999820091e+00 2.965000000000000187e-03
3.459999999999819664e+00 2.999100000000000203e-03
3.479999999999819238e+00 3.033500000000000172e-03
3.499999999999818812e+00 3.068599999999999887e-03
3.519999999999818385e+00 3.102999999999999856e-03
3.539999999999817959e+00 3.138499999999999797e-03
3.559999999999817533e+00 3.173500000000000106e-03
3.579999999999817106e+00 3.209500000000000113e-03
3.599999999999816680e+00 3.245500000000000121e-03
3.619999999999816254e+00 3.281500000000000129e-03
3.639999999999815827e+00 3.318100000000000042e-03
3.659999999999815401e+00 3.354999999999999909e-03
3.679999999999814975e+00 3.392000000000000050e-03
3.699999999999814548e+00 3.429499999999999823e-03
3.719999999999814122e+00 3.465999999999999897e-03
3.739999999999813696e+00 3.504000000000000170e-03
3.759999999999813269e+00 3.542099999999999849e-03
3.779999999999812843e+00 3.580600000000000189e-03
3.799999999999812417e+00 3.619100000000000095e-03
3.819999999999811990e+00 3.658100000000000067e-03
3.839999999999811564e+00 3.697000000000000199e-03
3.859999999999811138e+00 3.736499999999999804e-03
3.879999999999810711e+00 3.776600000000000183e-03
3.899999999999810285e+00 3.815999999999999948e-03
3.919999999999809859e+00 3.856500000000000119e-03
3.939999999999809432e+00 3.897100000000000130e-03
3.959999999999809006e+00 3.937999999999999660e-03
3.979999999999808580e+00 3.978999999999999898e-03
3.999999999999808153e+00 4.020400000000000362e-03
4.019999999999807727e+00 4.061900000000000233e-03
4.039999999999807301e+00 4.104100000000000283e-03
4.059999999999806874e+00 4.146600000000000286e-03
4.079999999999806448e+00 4.189000000000000015e-03
4.099999999999806022e+00 4.231900000000000245e-03
4.119999999999805596e+00 4.275100000000000428e-03
4.139999999999805169e+00 4.318500000000000290e-03
4.159999999999804743e+00 4.362600000000000332e-03
4.179999999999804317e+00 4.406400000000000421e-03
4.199999999999803890e+00 4.450599999999999869e-03
4.219999999999803464e+00 4.495599999999999770e-03
4.239999999999803038e+00 4.539999999999999765e-03
4.259999999999802611e+00 4.585500000000000166e-03
4.279999999999802185e+00 4.630999999999999700e-03
4.299999999999801759e+00 4.676600000000000375e-03
4.319999999999801332e+00 4.723100000000000041e-03
4.339999999999800906e+00 4.769599999999999708e-03
4.359999999999800480e+00 4.816100000000000242e-03
4.379999999999800053e+00 4.863000000000000135e-03
4.399999999999799627e+00 4.910499999999999934e-03
4.419999999999799201e+00 4.958200000000000281e-03
4.439999999999798774e+00 5.006100000000000307e-03
4.459999999999798348e+00 5.054000000000000332e-03
4.479999999999797922e+00 5.102599999999999671e-03
4.499999999999797495e+00 5.151000000000000197e-03
4.519999999999797069e+00 5.200599999999999667e-03
4.539999999999796643e+00 5.249499999999999826e-03
4.559999999999796216e+00 5.300000000000000024e-03
4.579999999999795790e+00 5.349600000000000362e-03
4.599999999999795364e+00 5.399900000000000012e-03
4.619999999999794937e+00 5.450499999999999616e-03
4.639999999999794511e+00 5.501500000000000314e-03
4.659999999999794085e+00 5.552500000000000144e-03
4.679999999999793658e+00 5.604500000000000107e-03
4.699999999999793232e+00 5.655999999999999570e-03
4.719999999999792806e+00 5.708500000000000033e-03
4.739999999999792379e+00 5.759900000000000089e-03
4.759999999999791953e+00 5.813099999999999865e-03
4.779999999999791527e+00 5.865600000000000327e-03
4.799999999999791100e+00 5.919500000000000282e-03
4.819999999999790674e+00 5.973100000000000284e-03
4.839999999999790248e+00 6.027000000000000239e-03
4.859999999999789821e+00 6.082100000000000006e-03
4.879999999999789395e+00 6.135899999999999688e-03
4.899999999999788969e+00 6.191000000000000322e-03
4.919999999999788542e+00 6.246599999999999722e-03
4.939999999999788116e+00 6.302099999999999716e-03
4.959999999999787690e+00 6.358100000000000210e-03
4.979999999999787264e+00 6.414600000000000336e-03
4.999999999999786837e+00 6.471199999999999869e-03
