-5.000000000000000000e+00 -1.189499999999999997e-08
-4.980000000000000426e+00 -1.152999999999999968e-08
-4.960000000000000853e+00 -1.126500000000000029e-08
-4.940000000000001279e+00 -1.103499999999999922e-08
-4.920000000000001705e+00 -1.074499999999999960e-08
-4.900000000000002132e+00 -1.054000000000000041e-08
-4.880000000000002558e+00 -1.036500000000000050e-08
-4.860000000000002984e+00 -1.014999999999999990e-08
-4.840000000000003411e+00 -9.878899999999999873e-09
-4.820000000000003837e+00 -9.781100000000000479e-09
-4.800000000000004263e+00 -9.578299999999999484e-09
-4.780000000000004690e+00 -9.391399999999999643e-09
-4.760000000000005116e+00 -9.157700000000000336e-09
-4.740000000000005542e+00 -8.919800000000000569e-09
-4.720000000000005969e+00 -8.743399999999999399e-09
-4.700000000000006395e+00 -8.656999999999999367e-09
-4.680000000000006821e+00 -8.471500000000000783e-09
-4.660000000000007248e+00 -8.359599999999999960e-09
-4.640000000000007674e+00 -8.211399999999999996e-09
-4.620000000000008100e+00 -8.034499999999999914e-09
-4.600000000000008527e+00 -7.842100000000000454e-09
-4.580000000000008953e+00 -7.808900000000000197e-09
-4.560000000000009379e+00 -7.651100000000000597e-09
-4.540000000000009805e+00 -7.619800000000000508e-09
-4.520000000000010232e+00 -7.474699999999999427e-09
-4.500000000000010658e+00 -7.342399999999999791e-09
-4.480000000000011084e+00 -7.257699999999999867e-09
-4.460000000000011511e+00 -7.149800000000000270e-09
-4.440000000000011937e+00 -6.972399999999999621e-09
-4.420000000000012363e+00 -6.811399999999999867e-09
-4.400000000000012790e+00 -6.671399999999999937e-09
-4.380000000000013216e+00 -6.607899999999999898e-09
-4.360000000000013642e+00 -6.586299999999999890e-09
-4.340000000000014069e+00 -6.395300000000000032e-09
-4.320000000000014495e+00 -6.265999999999999662e-09
-4.300000000000014921e+00 -6.144299999999999968e-09
-4.280000000000015348e+00 -6.085000000000000390e-09
-4.260000000000015774e+00 -5.960400000000000221e-09
-4.240000000000016200e+00 -5.835300000000000312e-09
-4.220000000000016627e+00 -5.733499999999999691e-09
-4.200000000000017053e+00 -5.686399999999999720e-09
-4.180000000000017479e+00 -5.613900000000000228e-09
-4.160000000000017906e+00 -5.493400000000000076e-09
-4.140000000000018332e+00 -5.386900000000000082e-09
-4.120000000000018758e+00 -5.381500000000000080e-09
-4.100000000000019185e+00 -5.272800000000000238e-09
-4.080000000000019611e+00 -5.160500000000000119e-09
-4.060000000000020037e+00 -5.178000000000000110e-09
-4.040000000000020464e+00 -5.074300000000000148e-09
-4.020000000000020890e+00 -4.960400000000000365e-09
-4.000000000000021316e+00 -4.822400000000000222e-09
-3.980000000000021743e+00 -4.817400000000000342e-09
-3.960000000000022169e+00 -4.710999999999999965e-09
-3.940000000000022595e+00 -4.573399999999999944e-09
-3.920000000000023022e+00 -4.449899999999999698e-09
-3.900000000000023448e+00 -4.444899999999999819e-09
-3.880000000000023874e+00 -4.343999999999999888e-09
-3.860000000000024301e+00 -4.261400000000000194e-09
-3.840000000000024727e+00 -4.224799999999999721e-09
-3.820000000000025153e+00 -4.147300000000000351e-09
-3.800000000000025580e+00 -3.990900000000000353e-09
-3.780000000000026006e+00 -3.975400000000000148e-09
-3.760000000000026432e+00 -3.856899999999999782e-09
-3.740000000000026859e+00 -3.844000000000000374e-09
-3.720000000000027285e+00 -3.728000000000000361e-09
-3.700000000000027711e+00 -3.662400000000000091e-09
-3.680000000000028137e+00 -3.596899999999999852e-09
-3.660000000000028564e+00 -3.561899999999999870e-09
-3.640000000000028990e+00 -3.468500000000000172e-09
-3.620000000000029416e+00 -3.402000000000000039e-09
-3.600000000000029843e+00 -3.361399999999999994e-09
-3.580000000000030269e+00 -3.279400000000000070e-09
-3.560000000000030695e+00 -3.230399999999999929e-09
-3.540000000000031122e+00 -3.144900000000000172e-09
-3.520000000000031548e+00 -3.068399999999999868e-09
-3.500000000000031974e+00 -2.995999999999999994e-09
-3.480000000000032401e+00 -2.939500000000000034e-09
-3.460000000000032827e+00 -2.895500000000000186e-09
-3.440000000000033253e+00 -2.849899999999999847e-09
-3.420000000000033680e+00 -2.764999999999999861e-09
-3.400000000000034106e+00 -2.761900000000000151e-09
-3.380000000000034532e+00 -2.790899999999999947e-09
-3.360000000000034959e+00 -2.584000000000000176e-09
-3.340000000000035385e+00 -2.535000000000000035e-09
-3.320000000000035811e+00 -2.495000000000000173e-09
-3.300000000000036238e+00 -2.458500000000000144e-09
-3.280000000000036664e+00 -2.399499999999999831e-09
-3.260000000000037090e+00 -2.347399999999999980e-09
-3.240000000000037517e+00 -2.276500000000000152e-09
-3.220000000000037943e+00 -2.255399999999999884e-09
-3.200000000000038369e+00 -2.208499999999999973e-09
-3.180000000000038796e+00 -2.163499999999999818e-09
-3.160000000000039222e+00 -2.099900000000000162e-09
-3.140000000000039648e+00 -2.050499999999999898e-09
-3.120000000000040075e+00 -2.008499999999999837e-09
-3.100000000000040501e+00 -1.958899999999999925e-09
-3.080000000000040927e+00 -2.098999999999999886e-09
-3.060000000000041354e+00 -1.840000000000000057e-09
-3.040000000000041780e+00 -1.803000000000000081e-09
-3.020000000000042206e+00 -1.785400000000000059e-09
-3.000000000000042633e+00 -1.745899999999999937e-09
-2.980000000000043059e+00 -1.701399999999999936e-09
-2.960000000000043485e+00 -1.658999999999999958e-09
-2.940000000000043912e+00 -1.617500000000000050e-09
-2.920000000000044338e+00 -1.593499999999999926e-09
-2.900000000000044764e+00 -1.531499999999999933e-09
-2.880000000000045191e+00 -1.478899999999999928e-09
-2.860000000000045617e+00 -1.455000000000000042e-09
-2.840000000000046043e+00 -1.424000000000000046e-09
-2.820000000000046469e+00 -1.381000000000000091e-09
-2.800000000000046896e+00 -1.327999999999999964e-09
-2.780000000000047322e+00 -1.305500000000000093e-09
-2.760000000000047748e+00 -1.447500000000000016e-09
-2.740000000000048175e+00 -1.410999999999999987e-09
-2.720000000000048601e+00 -1.376000000000000005e-09
-2.700000000000049027e+00 -1.332500000000000103e-09
-2.680000000000049454e+00 -1.306499999999999986e-09
-2.660000000000049880e+00 -1.272499999999999897e-09
-2.640000000000050306e+00 -1.247500000000000086e-09
-2.620000000000050733e+00 -1.213899999999999913e-09
-2.600000000000051159e+00 -1.184000000000000047e-09
-2.580000000000051585e+00 -1.141999999999999986e-09
-2.560000000000052012e+00 -9.984500000000000004e-10
-2.540000000000052438e+00 -9.749800000000000804e-10
-2.520000000000052864e+00 -9.483200000000000919e-10
-2.500000000000053291e+00 -9.265999999999999849e-10
-2.480000000000053717e+00 -9.048600000000000165e-10
-2.460000000000054143e+00 -8.822899999999999590e-10
-2.440000000000054570e+00 -8.622900000000000281e-10
-2.420000000000054996e+00 -8.418000000000000296e-10
-2.400000000000055422e+00 -8.233499999999999537e-10
-2.380000000000055849e+00 -8.050400000000000448e-10
-2.360000000000056275e+00 -7.858099999999999985e-10
-2.340000000000056701e+00 -7.673000000000000283e-10
-2.320000000000057128e+00 -7.514099999999999932e-10
-2.300000000000057554e+00 -8.531900000000000285e-10
-2.280000000000057980e+00 -8.443499999999999846e-10
-2.260000000000058407e+00 -8.228900000000000401e-10
-2.240000000000058833e+00 -8.053900000000000488e-10
-2.220000000000059259e+00 -7.888500000000000211e-10
-2.200000000000059686e+00 -7.868000000000000127e-10
-2.180000000000060112e+00 -8.513999999999999757e-10
-2.160000000000060538e+00 -8.340099999999999975e-10
-2.140000000000060965e+00 -8.134899999999999484e-10
-2.120000000000061391e+00 -7.921400000000000170e-10
-2.100000000000061817e+00 -7.729799999999999508e-10
-2.080000000000062244e+00 -7.552999999999999664e-10
-2.060000000000062670e+00 -7.360399999999999729e-10
-2.040000000000063096e+00 -7.183900000000000390e-10
-2.020000000000063523e+00 -7.054599999999999606e-10
-2.000000000000063949e+00 -6.855900000000000075e-10
-1.980000000000064375e+00 -6.681099999999999810e-10
-1.960000000000064801e+00 -6.492400000000000245e-10
-1.940000000000065228e+00 -6.354500000000000132e-10
-1.920000000000065654e+00 -6.204499999999999616e-10
-1.900000000000066080e+00 -6.062100000000000190e-10
-1.880000000000066507e+00 -5.877600000000000465e-10
-1.860000000000066933e+00 -5.736100000000000489e-10
-1.840000000000067359e+00 -5.591999999999999921e-10
-1.820000000000067786e+00 -5.461000000000000064e-10
-1.800000000000068212e+00 -5.324499999999999553e-10
-1.780000000000068638e+00 -5.182999999999999576e-10
-1.760000000000069065e+00 -5.018999999999999936e-10
-1.740000000000069491e+00 -4.877400000000000135e-10
-1.720000000000069917e+00 -4.748100000000000385e-10
-1.700000000000070344e+00 -4.618500000000000130e-10
-1.680000000000070770e+00 -4.498400000000000203e-10
-1.660000000000071196e+00 -4.379900000000000044e-10
-1.640000000000071623e+00 -4.347000000000000085e-10
-1.620000000000072049e+00 -4.298900000000000013e-10
-1.600000000000072475e+00 -4.161500000000000053e-10
-1.580000000000072902e+00 -4.027900000000000122e-10
-1.560000000000073328e+00 -3.900399999999999787e-10
-1.540000000000073754e+00 -3.772999999999999792e-10
-1.520000000000074181e+00 -3.627500000000000140e-10
-1.500000000000074607e+00 -3.489999999999999839e-10
-1.480000000000075033e+00 -3.363999999999999964e-10
-1.460000000000075460e+00 -3.232499999999999953e-10
-1.440000000000075886e+00 -3.100900000000000118e-10
-1.420000000000076312e+00 -2.973500000000000123e-10
-1.400000000000076739e+00 -2.860899999999999912e-10
-1.380000000000077165e+00 -2.746000000000000133e-10
-1.360000000000077591e+00 -2.646999999999999751e-10
-1.340000000000078018e+00 -2.540999999999999807e-10
-1.320000000000078444e+00 -2.466399999999999879e-10
-1.300000000000078870e+00 -2.395000000000000001e-10
-1.280000000000079297e+00 -2.315000000000000019e-10
-1.260000000000079723e+00 -2.263499999999999990e-10
-1.240000000000080149e+00 -2.201999999999999996e-10
-1.220000000000080576e+00 -2.108999999999999903e-10
-1.200000000000081002e+00 -2.024500000000000092e-10
-1.180000000000081428e+00 -1.931499999999999999e-10
-1.160000000000081855e+00 -1.851999999999999912e-10
-1.140000000000082281e+00 -1.761500000000000069e-10
-1.120000000000082707e+00 -1.688000000000000013e-10
-1.100000000000083134e+00 -1.603000000000000048e-10
-1.080000000000083560e+00 -1.540000000000000110e-10
-1.060000000000083986e+00 -1.461999999999999966e-10
-1.040000000000084412e+00 -1.397500000000000085e-10
-1.020000000000084839e+00 -1.331000000000000108e-10
-1.000000000000085265e+00 -1.268999999999999961e-10
-9.800000000000856915e-01 -1.199999999999999992e-10
-9.600000000000861178e-01 -1.161000000000000049e-10
-9.400000000000865441e-01 -1.077000000000000003e-10
-9.200000000000869704e-01 -1.024999999999999950e-10
-9.000000000000873968e-01 -9.714899999999999974e-11
-8.800000000000878231e-01 -9.205100000000000349e-11
-8.600000000000882494e-01 -8.790099999999999714e-11
-8.400000000000886757e-01 -8.175200000000000627e-11
-8.200000000000891021e-01 -7.785100000000000341e-11
-8.000000000000895284e-01 -7.274899999999999869e-11
-7.800000000000899547e-01 -6.854999999999999851e-11
-7.600000000000903810e-01 -6.524899999999999874e-11
-7.400000000000908074e-01 -6.049900000000000222e-11
-7.200000000000912337e-01 -5.620099999999999933e-11
-7.000000000000916600e-01 -5.210100000000000186e-11
-6.800000000000920863e-01 -4.855000000000000295e-11
-6.600000000000925127e-01 -4.484999999999999893e-11
-6.400000000000929390e-01 -4.149900000000000321e-11
-6.200000000000933653e-01 -3.805000000000000044e-11
-6.000000000000937916e-01 -3.485000000000000115e-11
-5.800000000000942180e-01 -3.199899999999999724e-11
-5.600000000000946443e-01 -2.935100000000000287e-11
-5.400000000000950706e-01 -2.649999999999999896e-11
-5.200000000000954969e-01 -2.409999999999999950e-11
-5.000000000000959233e-01 -2.134999999999999930e-11
-4.800000000000963496e-01 -1.894999999999999983e-11
-4.600000000000967759e-01 -1.670000000000000114e-11
-4.400000000000972022e-01 -1.440000000000000003e-11
-4.200000000000976286e-01 -1.234999999999999968e-11
-4.000000000000980549e-01 -1.039999999999999931e-11
-3.800000000000984812e-01 -8.599800000000000575e-12
-3.600000000000989075e-01 -6.700000000000000128e-12
-3.400000000000993339e-01 -4.949999999999999709e-12
-3.200000000000997602e-01 -3.150000000000000108e-12
-3.000000000001001865e-01 -1.450000000000000082e-12
-2.800000000001006129e-01 2.499899999999999778e-13
-2.600000000001010392e-01 1.800000000000000004e-12
-2.400000000001014655e-01 3.300000000000000075e-12
-2.200000000001018918e-01 4.699999999999999764e-12
-2.000000000001023182e-01 6.050099999999999837e-12
-1.800000000001027445e-01 7.350100000000000357e-12
-1.600000000001031708e-01 8.550000000000000525e-12
-1.400000000001035971e-01 9.599899999999999918e-12
-1.200000000001040235e-01 1.079999999999999922e-11
-1.000000000001044498e-01 1.184999999999999979e-11
-8.000000000010487611e-02 1.294999999999999955e-11
-6.000000000010530243e-02 1.380000000000000017e-11
-4.000000000010572876e-02 1.499999999999999990e-11
-2.000000000010615508e-02 1.590000000000000132e-11
-1.065814103640150279e-13 1.704999999999999864e-11
1.999999999989299226e-02 1.804999999999999842e-11
3.999999999989256594e-02 1.919999999999999897e-11
5.999999999989213961e-02 2.010000000000000038e-11
7.999999999989171329e-02 2.134999999999999930e-11
9.999999999989128696e-02 2.225000000000000071e-11
1.199999999998908606e-01 2.364900000000000152e-11
1.399999999998904343e-01 2.434999999999999863e-11
1.599999999998900080e-01 2.584900000000000103e-11
1.799999999998895817e-01 2.695000000000000129e-11
1.999999999998891553e-01 2.844999999999999934e-11
2.199999999998887290e-01 2.950000000000000153e-11
2.399999999998883027e-01 3.125000000000000195e-11
2.599999999998878764e-01 3.224999999999999849e-11
2.799999999998874500e-01 3.410099999999999939e-11
2.999999999998870237e-01 3.565000000000000097e-11
3.199999999998865974e-01 3.720100000000000032e-11
3.399999999998861711e-01 3.890000000000000267e-11
3.599999999998857447e-01 4.084899999999999770e-11
3.799999999998853184e-01 4.239999999999999705e-11
3.999999999998848921e-01 4.489899999999999922e-11
4.199999999998844658e-01 4.675000000000000012e-11
4.399999999998840394e-01 4.905000000000000122e-11
4.599999999998836131e-01 5.124999999999999751e-11
4.799999999998831868e-01 5.375099999999999745e-11
4.999999999998827604e-01 5.609900000000000320e-11
5.199999999998823341e-01 5.895000000000000064e-11
5.399999999998819078e-01 6.165000000000000166e-11
5.599999999998814815e-01 6.459900000000000616e-11
5.799999999998810551e-01 6.724900000000000476e-11
5.999999999998806288e-01 7.004899999999999768e-11
6.199999999998802025e-01 7.315000000000000072e-11
6.399999999998797762e-01 7.599999999999999605e-11
6.599999999998793498e-01 7.935000000000000257e-11
6.799999999998789235e-01 8.269999999999999618e-11
6.999999999998784972e-01 8.644800000000000484e-11
7.199999999998780709e-01 9.044899999999999961e-11
7.399999999998776445e-01 9.439899999999999631e-11
7.599999999998772182e-01 9.880100000000000603e-11
7.799999999998767919e-01 1.035000000000000045e-10
7.999999999998763656e-01 1.083500000000000058e-10
8.199999999998759392e-01 1.134500000000000063e-10
8.399999999998755129e-01 1.188500000000000083e-10
8.599999999998750866e-01 1.246999999999999933e-10
8.799999999998746603e-01 1.310999999999999919e-10
8.999999999998742339e-01 1.370999999999999970e-10
9.199999999998738076e-01 1.432000000000000070e-10
9.399999999998733813e-01 1.496000000000000056e-10
9.599999999998729550e-01 1.566000000000000072e-10
9.799999999998725286e-01 1.637500000000000032e-10
9.999999999998721023e-01 1.711999999999999878e-10
1.019999999999871676e+00 1.786000000000000088e-10
1.039999999999871250e+00 1.863500000000000079e-10
1.059999999999870823e+00 1.941499999999999965e-10
1.079999999999870397e+00 2.027000000000000083e-10
1.099999999999869971e+00 2.117000000000000031e-10
1.119999999999869544e+00 2.209499999999999970e-10
1.139999999999869118e+00 2.322499999999999993e-10
1.159999999999868692e+00 2.426900000000000170e-10
1.179999999999868265e+00 2.541499999999999961e-10
1.199999999999867839e+00 2.662499999999999853e-10
1.219999999999867413e+00 2.793399999999999887e-10
1.239999999999866986e+00 3.017999999999999814e-10
1.259999999999866560e+00 3.593899999999999863e-10
1.279999999999866134e+00 3.764000000000000134e-10
1.299999999999865707e+00 3.939500000000000200e-10
1.319999999999865281e+00 4.121399999999999851e-10
1.339999999999864855e+00 4.302499999999999877e-10
1.359999999999864428e+00 4.480500000000000193e-10
1.379999999999864002e+00 4.269500000000000094e-10
1.399999999999863576e+00 4.404500000000000145e-10
1.419999999999863149e+00 4.588999999999999870e-10
1.439999999999862723e+00 4.756400000000000243e-10
1.459999999999862297e+00 4.916999999999999667e-10
1.479999999999861870e+00 5.117900000000000494e-10
1.499999999999861444e+00 5.333899999999999541e-10
1.519999999999861018e+00 5.558400000000000162e-10
1.539999999999860592e+00 5.793499999999999691e-10
1.559999999999860165e+00 6.037900000000000419e-10
1.579999999999859739e+00 6.281500000000000487e-10
1.599999999999859313e+00 6.552099999999999532e-10
1.619999999999858886e+00 6.815499999999999884e-10
1.639999999999858460e+00 7.101499999999999724e-10
1.659999999999858034e+00 7.389099999999999847e-10
1.679999999999857607e+00 7.684900000000000004e-10
1.699999999999857181e+00 7.977399999999999770e-10
1.719999999999856755e+00 7.920599999999999511e-10
1.739999999999856328e+00 7.964599999999999566e-10
1.759999999999855902e+00 8.291999999999999903e-10
1.779999999999855476e+00 8.596400000000000424e-10
1.799999999999855049e+00 8.909900000000000427e-10
1.819999999999854623e+00 9.227899999999999743e-10
1.839999999999854197e+00 9.542900000000000206e-10
1.859999999999853770e+00 9.878200000000000071e-10
1.879999999999853344e+00 1.018499999999999947e-09
1.899999999999852918e+00 1.054500000000000029e-09
1.919999999999852491e+00 1.091500000000000005e-09
1.939999999999852065e+00 1.126999999999999934e-09
1.959999999999851639e+00 1.167000000000000003e-09
1.979999999999851212e+00 1.207000000000000071e-09
1.999999999999850786e+00 1.248999999999999926e-09
2.019999999999850360e+00 1.290999999999999988e-09
2.039999999999849933e+00 1.331399999999999973e-09
2.059999999999849507e+00 1.377899999999999967e-09
2.079999999999849081e+00 1.423500000000000099e-09
2.099999999999848654e+00 1.465000000000000007e-09
2.119999999999848228e+00 1.511000000000000055e-09
2.139999999999847802e+00 1.549899999999999993e-09
2.159999999999847375e+00 1.592500000000000032e-09
2.179999999999846949e+00 1.642899999999999983e-09
2.199999999999846523e+00 1.689999999999999954e-09
2.219999999999846096e+00 1.732000000000000016e-09
2.239999999999845670e+00 1.766500000000000052e-09
2.259999999999845244e+00 1.815999999999999933e-09
2.279999999999844817e+00 1.862999999999999874e-09
2.299999999999844391e+00 1.911399999999999831e-09
2.319999999999843965e+00 1.962000000000000049e-09
2.339999999999843538e+00 2.013999999999999869e-09
2.359999999999843112e+00 2.068400000000000012e-09
2.379999999999842686e+00 2.121999999999999910e-09
2.399999999999842260e+00 2.172400000000000067e-09
2.419999999999841833e+00 2.228900000000000027e-09
2.439999999999841407e+00 2.290900000000000020e-09
2.459999999999840981e+00 2.346500000000000117e-09
2.479999999999840554e+00 2.407400000000000186e-09
2.499999999999840128e+00 2.475399999999999951e-09
2.519999999999839702e+00 2.542499999999999854e-09
2.539999999999839275e+00 2.609899999999999849e-09
2.559999999999838849e+00 2.681000000000000151e-09
2.579999999999838423e+00 2.752500000000000163e-09
2.599999999999837996e+00 2.827900000000000130e-09
2.619999999999837570e+00 2.905399999999999914e-09
2.639999999999837144e+00 2.982499999999999989e-09
2.659999999999836717e+00 3.066899999999999821e-09
2.679999999999836291e+00 3.152399999999999991e-09
2.699999999999835865e+00 3.235399999999999808e-09
2.719999999999835438e+00 3.325400000000000118e-09
2.739999999999835012e+00 3.424499999999999910e-09
2.759999999999834586e+00 3.519400000000000068e-09
2.779999999999834159e+00 3.617399999999999937e-09
2.799999999999833733e+00 3.721399999999999991e-09
2.819999999999833307e+00 3.825300000000000015e-09
2.839999999999832880e+00 3.935400000000000286e-09
2.859999999999832454e+00 4.047899999999999639e-09
2.879999999999832028e+00 4.164299999999999775e-09
2.899999999999831601e+00 4.280999999999999589e-09
2.919999999999831175e+00 4.403300000000000294e-09
2.939999999999830749e+00 4.527899999999999636e-09
2.959999999999830322e+00 4.658400000000000374e-09
2.979999999999829896e+00 4.792800000000000241e-09
2.999999999999829470e+00 4.932899999999999788e-09
3.019999999999829043e+00 5.078800000000000287e-09
3.039999999999828617e+00 5.223499999999999591e-09
3.059999999999828191e+00 5.370799999999999693e-09
3.079999999999827764e+00 5.528800000000000181e-09
3.099999999999827338e+00 5.683000000000000331e-09
3.119999999999826912e+00 5.845799999999999810e-09
3.139999999999826485e+00 5.992400000000000110e-09
3.159999999999826059e+00 6.155399999999999651e-09
3.179999999999825633e+00 6.329899999999999824e-09
3.199999999999825206e+00 6.513800000000000399e-09
3.219999999999824780e+00 6.712299999999999661e-09
3.239999999999824354e+00 6.902399999999999656e-09
3.259999999999823928e+00 7.075900000000000350e-09
3.279999999999823501e+00 7.258900000000000235e-09
3.299999999999823075e+00 7.460999999999999775e-09
3.319999999999822649e+00 7.669700000000000512e-09
3.339999999999822222e+00 7.842999999999999489e-09
3.359999999999821796e+00 8.034499999999999914e-09
3.379999999999821370e+00 8.237299999999999255e-09
3.399999999999820943e+00 8.443699999999999700e-09
3.419999999999820517e+00 8.641099999999999866e-09
3.439999999999820091e+00 8.859400000000000240e-09
3.459999999999819664e+00 9.086699999999999238e-09
3.479999999999819238e+00 9.317699999999999784e-09
3.499999999999818812e+00 9.521500000000000259e-09
3.519999999999818385e+00 9.747500000000000099e-09
3.539999999999817959e+00 9.966699999999999507e-09
3.559999999999817533e+00 1.021500000000000081e-08
3.579999999999817106e+00 1.046499999999999974e-08
3.599999999999816680e+00 1.069999999999999986e-08
3.619999999999816254e+00 1.095000000000000044e-08
3.639999999999815827e+00 1.120500000000000008e-08
3.659999999999815401e+00 1.146999999999999948e-08
3.679999999999814975e+00 1.173999999999999958e-08
3.699999999999814548e+00 1.206499999999999918e-08
3.719999999999814122e+00 1.233999999999999999e-08
3.739999999999813696e+00 1.263999999999999936e-08
3.759999999999813269e+00 1.291500000000000017e-08
3.779999999999812843e+00 1.320499999999999979e-08
3.799999999999812417e+00 1.350500000000000082e-08
3.819999999999811990e+00 1.382000000000000067e-08
3.839999999999811564e+00 1.413500000000000051e-08
3.859999999999811138e+00 1.446500000000000082e-08
3.879999999999810711e+00 1.479499999999999947e-08
3.899999999999810285e+00 1.513499999999999954e-08
3.919999999999809859e+00 1.549999999999999983e-08
3.939999999999809432e+00 1.584500000000000060e-08
3.959999999999809006e+00 1.614000000000000093e-08
3.979999999999808580e+00 1.654999999999999930e-08
3.999999999999808153e+00 1.693499999999999911e-08
4.019999999999807727e+00 1.728499999999999894e-08
4.039999999999807301e+00 1.762999999999999971e-08
4.059999999999806874e+00 1.799000000000000095e-08
4.079999999999806448e+00 1.839500000000000027e-08
4.099999999999806022e+00 1.871000000000000012e-08
4.119999999999805596e+00 1.907500000000000041e-08
4.139999999999805169e+00 1.945099999999999994e-08
4.159999999999804743e+00 1.986000000000000049e-08
4.179999999999804317e+00 2.023499999999999888e-08
4.199999999999803890e+00 2.059000000000000107e-08
4.219999999999803464e+00 2.096999999999999852e-08
4.239999999999803038e+00 2.132000000000000165e-08
4.259999999999802611e+00 2.174000000000000144e-08
4.279999999999802185e+00 2.213999999999999841e-08
4.299999999999801759e+00 2.251500000000000011e-08
4.319999999999801332e+00 2.291000000000000133e-08
4.339999999999800906e+00 2.333000000000000112e-08
4.359999999999800480e+00 2.370000000000000046e-08
4.379999999999800053e+00 2.403499999999999982e-08
4.399999999999799627e+00 2.435499999999999872e-08
4.419999999999799201e+00 2.441999999999999963e-08
4.439999999999798774e+00 2.486500000000000130e-08
4.459999999999798348e+00 2.528500000000000109e-08
4.479999999999797922e+00 2.576499999999999943e-08
4.499999999999797495e+00 2.619000000000000158e-08
4.519999999999797069e+00 2.659500000000000091e-08
4.539999999999796643e+00 2.693000000000000027e-08
4.559999999999796216e+00 2.742499999999999908e-08
4.579999999999795790e+00 2.782000000000000030e-08
4.599999999999795364e+00 2.825500000000000055e-08
4.619999999999794937e+00 2.867000000000000129e-08
4.639999999999794511e+00 2.917500000000000151e-08
4.659999999999794085e+00 2.963000000000000128e-08
4.679999999999793658e+00 2.975500000000000075e-08
4.699999999999793232e+00 3.062999999999999700e-08
4.719999999999792806e+00 3.138999999999999852e-08
4.739999999999792379e+00 3.197999999999999917e-08
4.759999999999791953e+00 3.270000000000000164e-08
4.779999999999791527e+00 3.292900000000000323e-08
4.799999999999791100e+00 3.273099999999999709e-08
4.819999999999790674e+00 3.322600000000000252e-08
4.839999999999790248e+00 3.367500000000000210e-08
4.859999999999789821e+00 3.408099999999999925e-08
4.879999999999789395e+00 3.459000000000000070e-08
4.899999999999788969e+00 3.508499999999999951e-08
4.919999999999788542e+00 3.541900000000000104e-08
4.939999999999788116e+00 3.673999999999999679e-08
4.959999999999787690e+00 3.638499999999999791e-08
4.979999999999787264e+00 3.665399999999999854e-08
4.999999999999786837e+00 3.673999999999999679e-08
