-5.000000000000000000e+00 -1.348499999999999965e-08
-4.980000000000000426e+00 -1.313499999999999983e-08
-4.960000000000000853e+00 -1.229999999999999930e-08
-4.940000000000001279e+00 -1.209500000000000011e-08
-4.920000000000001705e+00 -1.201999999999999944e-08
-4.900000000000002132e+00 -1.181999999999999930e-08
-4.880000000000002558e+00 -1.150000000000000041e-08
-4.860000000000002984e+00 -1.124500000000000077e-08
-4.840000000000003411e+00 -1.100499999999999994e-08
-4.820000000000003837e+00 -1.083500000000000074e-08
-4.800000000000004263e+00 -1.074000000000000055e-08
-4.780000000000004690e+00 -1.051500000000000019e-08
-4.760000000000005116e+00 -1.005499999999999971e-08
-4.740000000000005542e+00 -9.793000000000000407e-09
-4.720000000000005969e+00 -9.820299999999999268e-09
-4.700000000000006395e+00 -9.725200000000000290e-09
-4.680000000000006821e+00 -9.508299999999999519e-09
-4.660000000000007248e+00 -9.352299999999999644e-09
-4.640000000000007674e+00 -9.172700000000000802e-09
-4.620000000000008100e+00 -8.997600000000000445e-09
-4.600000000000008527e+00 -8.884800000000000586e-09
-4.580000000000008953e+00 -8.650200000000000590e-09
-4.560000000000009379e+00 -8.431500000000000094e-09
-4.540000000000009805e+00 -8.243699999999999564e-09
-4.520000000000010232e+00 -8.047200000000000087e-09
-4.500000000000010658e+00 -7.933499999999999539e-09
-4.480000000000011084e+00 -7.848500000000000763e-09
-4.460000000000011511e+00 -7.683800000000000287e-09
-4.440000000000011937e+00 -7.350799999999999886e-09
-4.420000000000012363e+00 -7.258900000000000235e-09
-4.400000000000012790e+00 -7.066799999999999626e-09
-4.380000000000013216e+00 -6.909400000000000149e-09
-4.360000000000013642e+00 -6.789799999999999859e-09
-4.340000000000014069e+00 -6.705900000000000180e-09
-4.320000000000014495e+00 -6.638900000000000308e-09
-4.300000000000014921e+00 -6.540800000000000409e-09
-4.280000000000015348e+00 -6.411299999999999977e-09
-4.260000000000015774e+00 -6.249400000000000360e-09
-4.240000000000016200e+00 -6.176799999999999598e-09
-4.220000000000016627e+00 -6.019899999999999860e-09
-4.200000000000017053e+00 -5.961300000000000083e-09
-4.180000000000017479e+00 -5.909400000000000294e-09
-4.160000000000017906e+00 -5.787800000000000217e-09
-4.140000000000018332e+00 -5.709800000000000280e-09
-4.120000000000018758e+00 -5.644299999999999627e-09
-4.100000000000019185e+00 -5.513299999999999976e-09
-4.080000000000019611e+00 -5.418299999999999787e-09
-4.060000000000020037e+00 -5.388299999999999684e-09
-4.040000000000020464e+00 -5.212300000000000292e-09
-4.020000000000020890e+00 -5.152300000000000085e-09
-4.000000000000021316e+00 -5.084299999999999907e-09
-3.980000000000021743e+00 -4.997400000000000134e-09
-3.960000000000022169e+00 -4.841499999999999876e-09
-3.940000000000022595e+00 -4.839399999999999646e-09
-3.920000000000023022e+00 -4.719800000000000183e-09
-3.900000000000023448e+00 -4.675500000000000243e-09
-3.880000000000023874e+00 -4.567500000000000202e-09
-3.860000000000024301e+00 -4.504999999999999643e-09
-3.840000000000024727e+00 -4.386500000000000104e-09
-3.820000000000025153e+00 -4.358299999999999725e-09
-3.800000000000025580e+00 -4.256000000000000192e-09
-3.780000000000026006e+00 -4.176900000000000331e-09
-3.760000000000026432e+00 -4.131800000000000146e-09
-3.740000000000026859e+00 -4.043799999999999622e-09
-3.720000000000027285e+00 -3.938999999999999736e-09
-3.700000000000027711e+00 -3.894899999999999857e-09
-3.680000000000028137e+00 -3.855799999999999858e-09
-3.660000000000028564e+00 -3.725500000000000008e-09
-3.640000000000028990e+00 -3.720999999999999868e-09
-3.620000000000029416e+00 -3.663399999999999985e-09
-3.600000000000029843e+00 -3.558999999999999807e-09
-3.580000000000030269e+00 -3.516500000000000006e-09
-3.560000000000030695e+00 -3.433400000000000158e-09
-3.540000000000031122e+00 -3.328999999999999981e-09
-3.520000000000031548e+00 -3.301899999999999940e-09
-3.500000000000031974e+00 -3.243899999999999934e-09
-3.480000000000032401e+00 -3.149900000000000052e-09
-3.460000000000032827e+00 -3.116899999999999856e-09
-3.440000000000033253e+00 -3.099900000000000018e-09
-3.420000000000033680e+00 -2.964399999999999813e-09
-3.400000000000034106e+00 -2.936399999999999910e-09
-3.380000000000034532e+00 -2.841899999999999875e-09
-3.360000000000034959e+00 -2.796900000000000133e-09
-3.340000000000035385e+00 -2.703500000000000022e-09
-3.320000000000035811e+00 -2.692900000000000079e-09
-3.300000000000036238e+00 -2.642000000000000182e-09
-3.280000000000036664e+00 -2.750399999999999932e-09
-3.260000000000037090e+00 -2.511000000000000118e-09
-3.240000000000037517e+00 -2.464900000000000039e-09
-3.220000000000037943e+00 -2.404500000000000124e-09
-3.200000000000038369e+00 -2.497899999999999822e-09
-3.180000000000038796e+00 -2.495000000000000173e-09
-3.160000000000039222e+00 -2.466899999999999825e-09
-3.140000000000039648e+00 -2.262499999999999994e-09
-3.120000000000040075e+00 -2.193499999999999922e-09
-3.100000000000040501e+00 -2.133899999999999838e-09
-3.080000000000040927e+00 -2.075500000000000122e-09
-3.060000000000041354e+00 -2.039000000000000093e-09
-3.040000000000041780e+00 -1.991499999999999999e-09
-3.020000000000042206e+00 -1.960399999999999972e-09
-3.000000000000042633e+00 -1.923000000000000080e-09
-2.980000000000043059e+00 -1.878400000000000048e-09
-2.960000000000043485e+00 -1.813000000000000047e-09
-2.940000000000043912e+00 -1.787400000000000052e-09
-2.920000000000044338e+00 -1.905500000000000089e-09
-2.900000000000044764e+00 -1.743399999999999997e-09
-2.880000000000045191e+00 -1.666000000000000037e-09
-2.860000000000045617e+00 -1.628499999999999908e-09
-2.840000000000046043e+00 -1.588500000000000046e-09
-2.820000000000046469e+00 -1.553500000000000064e-09
-2.800000000000046896e+00 -1.621500000000000036e-09
-2.780000000000047322e+00 -1.706400000000000022e-09
-2.760000000000047748e+00 -1.602000000000000051e-09
-2.740000000000048175e+00 -1.598000000000000065e-09
-2.720000000000048601e+00 -1.381000000000000091e-09
-2.700000000000049027e+00 -1.362500000000000000e-09
-2.680000000000049454e+00 -1.309400000000000049e-09
-2.660000000000049880e+00 -1.283000000000000016e-09
-2.640000000000050306e+00 -1.255500000000000059e-09
-2.620000000000050733e+00 -1.355499999999999920e-09
-2.600000000000051159e+00 -1.261500000000000038e-09
-2.580000000000051585e+00 -1.169900000000000065e-09
-2.560000000000052012e+00 -1.145000000000000079e-09
-2.540000000000052438e+00 -1.120000000000000061e-09
-2.520000000000052864e+00 -1.089999999999999958e-09
-2.500000000000053291e+00 -1.073500000000000067e-09
-2.480000000000053717e+00 -1.047000000000000003e-09
-2.460000000000054143e+00 -1.024499999999999926e-09
-2.440000000000054570e+00 -1.002500000000000002e-09
-2.420000000000054996e+00 -9.790700000000000115e-10
-2.400000000000055422e+00 -9.515000000000000747e-10
-2.380000000000055849e+00 -1.137899999999999969e-09
-2.360000000000056275e+00 -9.123899999999999895e-10
-2.340000000000056701e+00 -9.691200000000000614e-10
-2.320000000000057128e+00 -1.004600000000000026e-09
-2.300000000000057554e+00 -1.068499999999999981e-09
-2.280000000000057980e+00 -1.115900000000000045e-09
-2.260000000000058407e+00 -1.092499999999999898e-09
-2.240000000000058833e+00 -1.070499999999999974e-09
-2.220000000000059259e+00 -1.044500000000000064e-09
-2.200000000000059686e+00 -1.021999999999999986e-09
-2.180000000000060112e+00 -9.872000000000000651e-10
-2.160000000000060538e+00 -8.465999999999999509e-10
-2.140000000000060965e+00 -8.768400000000000450e-10
-2.120000000000061391e+00 -8.124600000000000047e-10
-2.100000000000061817e+00 -8.362499999999999815e-10
-2.080000000000062244e+00 -8.786000000000000472e-10
-2.060000000000062670e+00 -8.572599999999999948e-10
-2.040000000000063096e+00 -7.552499999999999510e-10
-2.020000000000063523e+00 -7.252100000000000217e-10
-2.000000000000063949e+00 -7.123600000000000092e-10
-1.980000000000064375e+00 -6.955899999999999730e-10
-1.960000000000064801e+00 -6.795099999999999624e-10
-1.940000000000065228e+00 -6.637599999999999909e-10
-1.920000000000065654e+00 -6.924899999999999527e-10
-1.900000000000066080e+00 -7.060499999999999555e-10
-1.880000000000066507e+00 -6.874100000000000075e-10
-1.860000000000066933e+00 -6.689600000000000350e-10
-1.840000000000067359e+00 -6.528399999999999914e-10
-1.820000000000067786e+00 -6.378099999999999926e-10
-1.800000000000068212e+00 -6.212400000000000178e-10
-1.780000000000068638e+00 -6.035100000000000180e-10
-1.760000000000069065e+00 -5.881900000000000130e-10
-1.740000000000069491e+00 -5.719900000000000069e-10
-1.720000000000069917e+00 -5.573500000000000451e-10
-1.700000000000070344e+00 -5.402100000000000401e-10
-1.680000000000070770e+00 -5.250899999999999931e-10
-1.660000000000071196e+00 -5.101399999999999568e-10
-1.640000000000071623e+00 -4.951599999999999734e-10
-1.620000000000072049e+00 -4.812399999999999843e-10
-1.600000000000072475e+00 -4.677899999999999945e-10
-1.580000000000072902e+00 -4.551000000000000104e-10
-1.560000000000073328e+00 -4.480999999999999829e-10
-1.540000000000073754e+00 -4.072500000000000154e-10
-1.520000000000074181e+00 -4.213499999999999977e-10
-1.500000000000074607e+00 -4.211499999999999881e-10
-1.480000000000075033e+00 -4.067000000000000018e-10
-1.460000000000075460e+00 -3.950499999999999955e-10
-1.440000000000075886e+00 -3.828999999999999909e-10
-1.420000000000076312e+00 -3.696500000000000108e-10
-1.400000000000076739e+00 -3.569100000000000114e-10
-1.380000000000077165e+00 -3.438400000000000245e-10
-1.360000000000077591e+00 -3.311000000000000250e-10
-1.340000000000078018e+00 -3.183499999999999915e-10
-1.320000000000078444e+00 -3.066600000000000040e-10
-1.300000000000078870e+00 -2.953999999999999829e-10
-1.280000000000079297e+00 -2.853500000000000021e-10
-1.260000000000079723e+00 -2.732500000000000128e-10
-1.240000000000080149e+00 -2.647499999999999905e-10
-1.220000000000080576e+00 -2.549000000000000193e-10
-1.200000000000081002e+00 -2.468600000000000140e-10
-1.180000000000081428e+00 -2.390000000000000019e-10
-1.160000000000081855e+00 -2.337499999999999941e-10
-1.140000000000082281e+00 -2.268499999999999973e-10
-1.120000000000082707e+00 -2.192499999999999925e-10
-1.100000000000083134e+00 -2.101000000000000034e-10
-1.080000000000083560e+00 -2.008999999999999990e-10
-1.060000000000083986e+00 -1.923499999999999872e-10
-1.040000000000084412e+00 -1.838000000000000012e-10
-1.020000000000084839e+00 -1.753000000000000047e-10
-1.000000000000085265e+00 -1.675999999999999951e-10
-9.800000000000856915e-01 -1.593499999999999977e-10
-9.600000000000861178e-01 -1.520500000000000074e-10
-9.400000000000865441e-01 -1.444500000000000027e-10
-9.200000000000869704e-01 -1.374000000000000115e-10
-9.000000000000873968e-01 -1.299000000000000115e-10
-8.800000000000878231e-01 -1.230999999999999937e-10
-8.600000000000882494e-01 -1.165500000000000008e-10
-8.400000000000886757e-01 -1.105999999999999981e-10
-8.200000000000891021e-01 -1.045000000000000010e-10
-8.000000000000895284e-01 -9.895000000000000468e-11
-7.800000000000899547e-01 -9.314900000000000062e-11
-7.600000000000903810e-01 -8.785200000000000330e-11
-7.400000000000908074e-01 -8.210000000000000600e-11
-7.200000000000912337e-01 -7.689900000000000504e-11
-7.000000000000916600e-01 -7.170100000000000397e-11
-6.800000000000920863e-01 -6.695099999999999452e-11
-6.600000000000925127e-01 -6.204800000000000380e-11
-6.400000000000929390e-01 -5.774899999999999879e-11
-6.200000000000933653e-01 -5.439899999999999873e-11
-6.000000000000937916e-01 -5.070099999999999894e-11
-5.800000000000942180e-01 -4.654999999999999693e-11
-5.600000000000946443e-01 -4.244999999999999946e-11
-5.400000000000950706e-01 -3.860000000000000112e-11
-5.200000000000954969e-01 -3.480100000000000085e-11
-5.000000000000959233e-01 -3.154999999999999703e-11
-4.800000000000963496e-01 -2.829999999999999856e-11
-4.600000000000967759e-01 -2.520000000000000087e-11
-4.400000000000972022e-01 -2.240000000000000149e-11
-4.200000000000976286e-01 -1.959999999999999888e-11
-4.000000000000980549e-01 -1.679999999999999950e-11
-3.800000000000984812e-01 -1.430000000000000006e-11
-3.600000000000989075e-01 -1.164999999999999984e-11
-3.400000000000993339e-01 -9.300100000000000731e-12
-3.200000000000997602e-01 -6.950000000000000072e-12
-3.000000000001001865e-01 -4.949999999999999709e-12
-2.800000000001006129e-01 -2.849899999999999802e-12
-2.600000000001010392e-01 -1.049999999999999969e-12
-2.400000000001014655e-01 9.500200000000000252e-13
-2.200000000001018918e-01 2.649999999999999815e-12
-2.000000000001023182e-01 4.499999999999999809e-12
-1.800000000001027445e-01 6.100000000000000261e-12
-1.600000000001031708e-01 7.549899999999999566e-12
-1.400000000001035971e-01 9.150000000000000392e-12
-1.200000000001040235e-01 1.055000000000000008e-11
-1.000000000001044498e-01 1.204999999999999975e-11
-8.000000000010487611e-02 1.324999999999999948e-11
-6.000000000010530243e-02 1.454999999999999919e-11
-4.000000000010572876e-02 1.590000000000000132e-11
-2.000000000010615508e-02 1.684999999999999868e-11
-1.065814103640150279e-13 1.819999999999999919e-11
1.999999999989299226e-02 1.939900000000000004e-11
3.999999999989256594e-02 2.065000000000000107e-11
5.999999999989213961e-02 2.189999999999999998e-11
7.999999999989171329e-02 2.349999999999999963e-11
9.999999999989128696e-02 2.469999999999999936e-11
1.199999999998908606e-01 2.620000000000000064e-11
1.399999999998904343e-01 2.755000000000000115e-11
1.599999999998900080e-01 2.904999999999999920e-11
1.799999999998895817e-01 3.085000000000000204e-11
1.999999999998891553e-01 3.260000000000000245e-11
2.199999999998887290e-01 3.439900000000000317e-11
2.399999999998883027e-01 3.624999999999999760e-11
2.599999999998878764e-01 3.809900000000000073e-11
2.799999999998874500e-01 4.014900000000000270e-11
2.999999999998870237e-01 4.219899999999999821e-11
3.199999999998865974e-01 4.454900000000000172e-11
3.399999999998861711e-01 4.675000000000000012e-11
3.599999999998857447e-01 4.905000000000000122e-11
3.799999999998853184e-01 5.169899999999999771e-11
3.999999999998848921e-01 5.404900000000000123e-11
4.199999999998844658e-01 5.664999999999999954e-11
4.399999999998840394e-01 5.945099999999999457e-11
4.599999999998836131e-01 6.234999999999999666e-11
4.799999999998831868e-01 6.515000000000000250e-11
4.999999999998827604e-01 6.835000000000000179e-11
5.199999999998823341e-01 7.144900000000000060e-11
5.399999999998819078e-01 7.460000000000000605e-11
5.599999999998814815e-01 7.785100000000000341e-11
5.799999999998810551e-01 8.125099999999999942e-11
5.999999999998806288e-01 8.465099999999999544e-11
6.199999999998802025e-01 8.820000000000000303e-11
6.399999999998797762e-01 9.205100000000000349e-11
6.599999999998793498e-01 9.639900000000000233e-11
6.799999999998789235e-01 1.008500000000000059e-10
6.999999999998784972e-01 1.055500000000000000e-10
7.199999999998780709e-01 1.105499999999999956e-10
7.399999999998776445e-01 1.156999999999999985e-10
7.599999999998772182e-01 1.214999999999999940e-10
7.799999999998767919e-01 1.271000000000000057e-10
7.999999999998763656e-01 1.332500000000000051e-10
8.199999999998759392e-01 1.390999999999999901e-10
8.399999999998755129e-01 1.455500000000000040e-10
8.599999999998750866e-01 1.522000000000000017e-10
8.799999999998746603e-01 1.593999999999999872e-10
8.999999999998742339e-01 1.665999999999999985e-10
9.199999999998738076e-01 1.744999999999999919e-10
9.399999999998733813e-01 1.819500000000000024e-10
9.599999999998729550e-01 1.905999999999999932e-10
9.799999999998725286e-01 1.990500000000000002e-10
9.999999999998721023e-01 2.086000000000000086e-10
1.019999999999871676e+00 2.182499999999999960e-10
1.039999999999871250e+00 2.272499999999999907e-10
1.059999999999870823e+00 2.377499999999999803e-10
1.079999999999870397e+00 2.485499999999999844e-10
1.099999999999869971e+00 2.602400000000000236e-10
1.119999999999869544e+00 2.723499999999999953e-10
1.139999999999869118e+00 2.847000000000000095e-10
1.159999999999868692e+00 2.976500000000000010e-10
1.179999999999868265e+00 3.112499999999999850e-10
1.199999999999867839e+00 3.253999999999999827e-10
1.219999999999867413e+00 3.398900000000000019e-10
1.239999999999866986e+00 3.552400000000000058e-10
1.259999999999866560e+00 3.711400000000000232e-10
1.279999999999866134e+00 3.865500000000000248e-10
1.299999999999865707e+00 4.037399999999999934e-10
1.319999999999865281e+00 4.209499999999999784e-10
1.339999999999864855e+00 4.388000000000000253e-10
1.359999999999864428e+00 4.571500000000000188e-10
1.379999999999864002e+00 4.375899999999999851e-10
1.399999999999863576e+00 4.497999999999999874e-10
1.419999999999863149e+00 4.679099999999999900e-10
1.439999999999862723e+00 4.864900000000000437e-10
1.459999999999862297e+00 5.060500000000000258e-10
1.479999999999861870e+00 5.267100000000000351e-10
1.499999999999861444e+00 5.470099999999999546e-10
1.519999999999861018e+00 5.688000000000000417e-10
1.539999999999860592e+00 5.910899999999999720e-10
1.559999999999860165e+00 6.151900000000000232e-10
1.579999999999859739e+00 6.380999999999999989e-10
1.599999999999859313e+00 6.623099999999999597e-10
1.619999999999858886e+00 6.897099999999999892e-10
1.639999999999858460e+00 7.174500000000000402e-10
1.659999999999858034e+00 7.447100000000000060e-10
1.679999999999857607e+00 7.729599999999999860e-10
1.699999999999857181e+00 8.007000000000000371e-10
1.719999999999856755e+00 8.388399999999999695e-10
1.739999999999856328e+00 8.661499999999999506e-10
1.759999999999855902e+00 8.950500000000000266e-10
1.779999999999855476e+00 9.275999999999999814e-10
1.799999999999855049e+00 9.569000000000000767e-10
1.819999999999854623e+00 9.894099999999999986e-10
1.839999999999854197e+00 1.022499999999999933e-09
1.859999999999853770e+00 1.058500000000000015e-09
1.879999999999853344e+00 1.091999999999999951e-09
1.899999999999852918e+00 1.130499999999999974e-09
1.919999999999852491e+00 1.168500000000000049e-09
1.939999999999852065e+00 1.209500000000000011e-09
1.959999999999851639e+00 1.250000000000000026e-09
1.979999999999851212e+00 1.292999999999999981e-09
1.999999999999850786e+00 1.335999999999999936e-09
2.019999999999850360e+00 1.381500000000000037e-09
2.039999999999849933e+00 1.424899999999999908e-09
2.059999999999849507e+00 1.473900000000000049e-09
2.079999999999849081e+00 1.522899999999999983e-09
2.099999999999848654e+00 1.571000000000000055e-09
2.119999999999848228e+00 1.618399999999999912e-09
2.139999999999847802e+00 1.662399999999999967e-09
2.159999999999847375e+00 1.708500000000000046e-09
2.179999999999846949e+00 1.749500000000000007e-09
2.199999999999846523e+00 1.792999999999999909e-09
2.219999999999846096e+00 1.840500000000000003e-09
2.239999999999845670e+00 1.889899999999999853e-09
2.259999999999845244e+00 1.938899999999999994e-09
2.279999999999844817e+00 1.989999999999999952e-09
2.299999999999844391e+00 2.045900000000000142e-09
2.319999999999843965e+00 2.105899999999999935e-09
2.339999999999843538e+00 2.163899999999999941e-09
2.359999999999843112e+00 2.220399999999999901e-09
2.379999999999842686e+00 2.281900000000000154e-09
2.399999999999842260e+00 2.340900000000000054e-09
2.419999999999841833e+00 2.407400000000000186e-09
2.439999999999841407e+00 2.469999999999999949e-09
2.459999999999840981e+00 2.536500000000000081e-09
2.479999999999840554e+00 2.604000000000000107e-09
2.499999999999840128e+00 2.677900000000000027e-09
2.519999999999839702e+00 2.750399999999999932e-09
2.539999999999839275e+00 2.824900000000000037e-09
2.559999999999838849e+00 2.899500000000000172e-09
2.579999999999838423e+00 2.979900000000000018e-09
2.599999999999837996e+00 3.061499999999999819e-09
2.619999999999837570e+00 3.144500000000000050e-09
2.639999999999837144e+00 3.230399999999999929e-09
2.659999999999836717e+00 3.317400000000000145e-09
2.679999999999836291e+00 3.408399999999999935e-09
2.699999999999835865e+00 3.500900000000000184e-09
2.719999999999835438e+00 3.594399999999999913e-09
2.739999999999835012e+00 3.694299999999999950e-09
2.759999999999834586e+00 3.799399999999999929e-09
2.779999999999834159e+00 3.898999999999999874e-09
2.799999999999833733e+00 4.006300000000000114e-09
2.819999999999833307e+00 4.115499999999999695e-09
2.839999999999832880e+00 4.226400000000000212e-09
2.859999999999832454e+00 4.340299999999999994e-09
2.879999999999832028e+00 4.457399999999999931e-09
2.899999999999831601e+00 4.582499999999999840e-09
2.919999999999831175e+00 4.706400000000000209e-09
2.939999999999830749e+00 4.830299999999999750e-09
2.959999999999830322e+00 4.959899999999999798e-09
2.979999999999829896e+00 5.093900000000000370e-09
2.999999999999829470e+00 5.217300000000000171e-09
3.019999999999829043e+00 5.329400000000000229e-09
3.039999999999828617e+00 5.441900000000000409e-09
3.059999999999828191e+00 5.570000000000000411e-09
3.079999999999827764e+00 5.724799999999999918e-09
3.099999999999827338e+00 5.885299999999999932e-09
3.119999999999826912e+00 6.047500000000000055e-09
3.139999999999826485e+00 6.207800000000000008e-09
3.159999999999826059e+00 6.370299999999999808e-09
3.179999999999825633e+00 6.548800000000000381e-09
3.199999999999825206e+00 6.721799999999999680e-09
3.219999999999824780e+00 6.892800000000000020e-09
3.239999999999824354e+00 7.075900000000000350e-09
3.259999999999823928e+00 7.274799999999999735e-09
3.279999999999823501e+00 7.462799999999999500e-09
3.299999999999823075e+00 7.657899999999999374e-09
3.319999999999822649e+00 7.862099999999999971e-09
3.339999999999822222e+00 8.054899999999999554e-09
3.359999999999821796e+00 8.270899999999999635e-09
3.379999999999821370e+00 8.491900000000000423e-09
3.399999999999820943e+00 8.710200000000000796e-09
3.419999999999820517e+00 8.914799999999999862e-09
3.439999999999820091e+00 9.150399999999999338e-09
3.459999999999819664e+00 9.381900000000000451e-09
3.479999999999819238e+00 9.617900000000000050e-09
3.499999999999818812e+00 9.848400000000000030e-09
3.519999999999818385e+00 1.005599999999999919e-08
3.539999999999817959e+00 1.028799999999999921e-08
3.559999999999817533e+00 1.053000000000000065e-08
3.579999999999817106e+00 1.078999999999999934e-08
3.599999999999816680e+00 1.102000000000000041e-08
3.619999999999816254e+00 1.130000000000000027e-08
3.639999999999815827e+00 1.157499999999999942e-08
3.659999999999815401e+00 1.184499999999999952e-08
3.679999999999814975e+00 1.213000000000000009e-08
3.699999999999814548e+00 1.238499999999999973e-08
3.719999999999814122e+00 1.264500000000000007e-08
3.739999999999813696e+00 1.291500000000000017e-08
3.759999999999813269e+00 1.316000000000000005e-08
3.779999999999812843e+00 1.341499999999999969e-08
3.799999999999812417e+00 1.369000000000000049e-08
3.819999999999811990e+00 1.398000000000000011e-08
3.839999999999811564e+00 1.430000000000000066e-08
3.859999999999811138e+00 1.463500000000000002e-08
3.879999999999810711e+00 1.500500000000000102e-08
3.899999999999810285e+00 1.529499999999999898e-08
3.919999999999809859e+00 1.563000000000000165e-08
3.939999999999809432e+00 1.597499999999999912e-08
3.959999999999809006e+00 1.632499999999999894e-08
3.979999999999808580e+00 1.677000000000000061e-08
3.999999999999808153e+00 1.708999999999999951e-08
4.019999999999807727e+00 1.748999999999999978e-08
4.039999999999807301e+00 1.793500000000000145e-08
4.059999999999806874e+00 1.827499999999999986e-08
4.079999999999806448e+00 1.874000000000000105e-08
4.099999999999806022e+00 1.910500000000000134e-08
4.119999999999805596e+00 1.953000000000000018e-08
4.139999999999805169e+00 1.991999999999999904e-08
4.159999999999804743e+00 2.029500000000000074e-08
4.179999999999804317e+00 2.075000000000000052e-08
4.199999999999803890e+00 2.111999999999999986e-08
4.219999999999803464e+00 2.026999999999999887e-08
4.239999999999803038e+00 2.070499999999999912e-08
4.259999999999802611e+00 2.117499999999999936e-08
4.279999999999802185e+00 2.165500000000000101e-08
4.299999999999801759e+00 2.199999999999999848e-08
4.319999999999801332e+00 2.237999999999999923e-08
4.339999999999800906e+00 2.281999999999999854e-08
4.359999999999800480e+00 2.328999999999999878e-08
4.379999999999800053e+00 2.365499999999999907e-08
4.399999999999799627e+00 2.408000000000000122e-08
4.419999999999799201e+00 2.445499999999999961e-08
4.439999999999798774e+00 2.453500000000000099e-08
4.459999999999798348e+00 2.488999999999999987e-08
4.479999999999797922e+00 2.531499999999999871e-08
4.499999999999797495e+00 2.583000000000000035e-08
4.519999999999797069e+00 2.632499999999999915e-08
4.539999999999796643e+00 2.675500000000000036e-08
4.559999999999796216e+00 2.717999999999999920e-08
4.579999999999795790e+00 2.765499999999999849e-08
4.599999999999795364e+00 2.816500000000000107e-08
4.619999999999794937e+00 2.897499999999999972e-08
4.639999999999794511e+00 2.954500000000000085e-08
4.659999999999794085e+00 3.002100000000000128e-08
4.679999999999793658e+00 2.986099999999999852e-08
4.699999999999793232e+00 2.997500000000000206e-08
4.719999999999792806e+00 3.044100000000000107e-08
4.739999999999792379e+00 3.089499999999999971e-08
4.759999999999791953e+00 3.145000000000000038e-08
4.779999999999791527e+00 3.343500000000000128e-08
4.799999999999791100e+00 3.360600000000000327e-08
4.819999999999790674e+00 3.282900000000000234e-08
4.839999999999790248e+00 3.312000000000000143e-08
4.859999999999789821e+00 3.365499999999999928e-08
4.879999999999789395e+00 3.427500000000000086e-08
4.899999999999788969e+00 3.479000000000000249e-08
4.919999999999788542e+00 3.532500000000000033e-08
4.939999999999788116e+00 3.539600000000000143e-08
4.959999999999787690e+00 3.592000000000000004e-08
4.979999999999787264e+00 3.636000000000000265e-08
4.999999999999786837e+00 3.698900000000000121e-08
