-5.000000000000000000e+00 -1.553499999999999981e-08
-4.980000000000000426e+00 -1.516000000000000142e-08
-4.960000000000000853e+00 -1.481999999999999969e-08
-4.940000000000001279e+00 -1.464000000000000073e-08
-4.920000000000001705e+00 -1.427500000000000044e-08
-4.900000000000002132e+00 -1.406500000000000054e-08
-4.880000000000002558e+00 -1.373500000000000024e-08
-4.860000000000002984e+00 -1.283999999999999950e-08
-4.840000000000003411e+00 -1.235500000000000045e-08
-4.820000000000003837e+00 -1.201999999999999944e-08
-4.800000000000004263e+00 -1.181500000000000025e-08
-4.780000000000004690e+00 -1.154999999999999920e-08
-4.760000000000005116e+00 -1.126500000000000029e-08
-4.740000000000005542e+00 -1.115000000000000058e-08
-4.720000000000005969e+00 -1.098500000000000043e-08
-4.700000000000006395e+00 -1.086500000000000001e-08
-4.680000000000006821e+00 -1.063500000000000060e-08
-4.660000000000007248e+00 -1.039000000000000072e-08
-4.640000000000007674e+00 -1.022500000000000057e-08
-4.620000000000008100e+00 -1.003999999999999924e-08
-4.600000000000008527e+00 -9.826200000000000665e-09
-4.580000000000008953e+00 -9.555199999999999429e-09
-4.560000000000009379e+00 -9.406400000000000108e-09
-4.540000000000009805e+00 -9.261799999999999594e-09
-4.520000000000010232e+00 -9.153600000000000320e-09
-4.500000000000010658e+00 -9.022200000000000546e-09
-4.480000000000011084e+00 -8.845300000000000464e-09
-4.460000000000011511e+00 -8.704299999999999400e-09
-4.440000000000011937e+00 -8.466500000000000076e-09
-4.420000000000012363e+00 -8.367799999999999993e-09
-4.400000000000012790e+00 -8.220500000000000719e-09
-4.380000000000013216e+00 -8.093999999999999553e-09
-4.360000000000013642e+00 -7.954399999999999746e-09
-4.340000000000014069e+00 -7.812099999999999524e-09
-4.320000000000014495e+00 -7.606999999999999891e-09
-4.300000000000014921e+00 -7.424899999999999868e-09
-4.280000000000015348e+00 -7.290700000000000063e-09
-4.260000000000015774e+00 -7.147299999999999917e-09
-4.240000000000016200e+00 -7.017899999999999930e-09
-4.220000000000016627e+00 -6.958299999999999846e-09
-4.200000000000017053e+00 -6.840300000000000047e-09
-4.180000000000017479e+00 -6.746900000000000348e-09
-4.160000000000017906e+00 -6.653400000000000206e-09
-4.140000000000018332e+00 -6.498399999999999811e-09
-4.120000000000018758e+00 -6.379399999999999705e-09
-4.100000000000019185e+00 -6.245300000000000343e-09
-4.080000000000019611e+00 -6.138400000000000227e-09
-4.060000000000020037e+00 -6.071299999999999910e-09
-4.040000000000020464e+00 -5.967399999999999887e-09
-4.020000000000020890e+00 -5.832799999999999958e-09
-4.000000000000021316e+00 -5.738500000000000398e-09
-3.980000000000021743e+00 -5.670900000000000342e-09
-3.960000000000022169e+00 -5.595899999999999670e-09
-3.940000000000022595e+00 -5.502499999999999972e-09
-3.920000000000023022e+00 -5.435399999999999656e-09
-3.900000000000023448e+00 -5.361499999999999735e-09
-3.880000000000023874e+00 -5.211399999999999602e-09
-3.860000000000024301e+00 -5.067499999999999716e-09
-3.840000000000024727e+00 -5.065000000000000190e-09
-3.820000000000025153e+00 -4.931999999999999926e-09
-3.800000000000025580e+00 -4.846499999999999756e-09
-3.780000000000026006e+00 -4.763499999999999939e-09
-3.760000000000026432e+00 -4.709799999999999597e-09
-3.740000000000026859e+00 -4.557499999999999616e-09
-3.720000000000027285e+00 -4.530399999999999989e-09
-3.700000000000027711e+00 -4.450400000000000265e-09
-3.680000000000028137e+00 -4.341500000000000362e-09
-3.660000000000028564e+00 -4.291400000000000298e-09
-3.640000000000028990e+00 -4.201899999999999728e-09
-3.620000000000029416e+00 -4.156800000000000369e-09
-3.600000000000029843e+00 -4.071399999999999816e-09
-3.580000000000030269e+00 -3.952399999999999710e-09
-3.560000000000030695e+00 -3.865400000000000321e-09
-3.540000000000031122e+00 -3.792800000000000386e-09
-3.520000000000031548e+00 -3.761399999999999853e-09
-3.500000000000031974e+00 -3.646400000000000147e-09
-3.480000000000032401e+00 -3.588400000000000140e-09
-3.460000000000032827e+00 -3.504400000000000017e-09
-3.440000000000033253e+00 -3.487400000000000179e-09
-3.420000000000033680e+00 -3.379500000000000169e-09
-3.400000000000034106e+00 -3.324000000000000102e-09
-3.380000000000034532e+00 -3.267500000000000142e-09
-3.360000000000034959e+00 -3.233500000000000053e-09
-3.340000000000035385e+00 -3.204399999999999812e-09
-3.320000000000035811e+00 -3.102399999999999957e-09
-3.300000000000036238e+00 -3.114499999999999947e-09
-3.280000000000036664e+00 -2.999399999999999796e-09
-3.260000000000037090e+00 -2.885900000000000136e-09
-3.240000000000037517e+00 -2.858399999999999973e-09
-3.220000000000037943e+00 -2.782899999999999975e-09
-3.200000000000038369e+00 -2.734399999999999987e-09
-3.180000000000038796e+00 -2.678499999999999798e-09
-3.160000000000039222e+00 -2.643400000000000198e-09
-3.140000000000039648e+00 -2.609400000000000109e-09
-3.120000000000040075e+00 -2.503900000000000008e-09
-3.100000000000040501e+00 -2.471900000000000118e-09
-3.080000000000040927e+00 -2.426399999999999810e-09
-3.060000000000041354e+00 -2.341499999999999824e-09
-3.040000000000041780e+00 -2.305399999999999918e-09
-3.020000000000042206e+00 -2.282499999999999925e-09
-3.000000000000042633e+00 -2.229999999999999951e-09
-2.980000000000043059e+00 -2.192399999999999998e-09
-2.960000000000043485e+00 -2.128899999999999959e-09
-2.940000000000043912e+00 -2.119499999999999970e-09
-2.920000000000044338e+00 -2.052500000000000098e-09
-2.900000000000044764e+00 -1.980399999999999903e-09
-2.880000000000045191e+00 -1.993500000000000199e-09
-2.860000000000045617e+00 -1.906399999999999951e-09
-2.840000000000046043e+00 -1.874899999999999802e-09
-2.820000000000046469e+00 -1.822500000000000065e-09
-2.800000000000046896e+00 -1.770999999999999985e-09
-2.780000000000047322e+00 -1.848399999999999945e-09
-2.760000000000047748e+00 -1.695999999999999934e-09
-2.740000000000048175e+00 -1.673500000000000063e-09
-2.720000000000048601e+00 -1.696900000000000003e-09
-2.700000000000049027e+00 -1.635399999999999957e-09
-2.680000000000049454e+00 -1.666499999999999984e-09
-2.660000000000049880e+00 -1.530999999999999986e-09
-2.640000000000050306e+00 -1.625999999999999969e-09
-2.620000000000050733e+00 -1.534899999999999942e-09
-2.600000000000051159e+00 -1.478399999999999982e-09
-2.580000000000051585e+00 -1.485900000000000008e-09
-2.560000000000052012e+00 -1.463499999999999961e-09
-2.540000000000052438e+00 -1.355900000000000043e-09
-2.520000000000052864e+00 -1.341000000000000022e-09
-2.500000000000053291e+00 -1.298500000000000014e-09
-2.480000000000053717e+00 -1.274500000000000097e-09
-2.460000000000054143e+00 -1.315500000000000058e-09
-2.440000000000054570e+00 -1.221999999999999916e-09
-2.420000000000054996e+00 -1.285499999999999955e-09
-2.400000000000055422e+00 -1.163000000000000016e-09
-2.380000000000055849e+00 -1.115499999999999922e-09
-2.360000000000056275e+00 -1.115900000000000045e-09
-2.340000000000056701e+00 -1.114999999999999975e-09
-2.320000000000057128e+00 -1.131500000000000073e-09
-2.300000000000057554e+00 -1.122000000000000055e-09
-2.280000000000057980e+00 -1.004499999999999995e-09
-2.260000000000058407e+00 -1.095999999999999938e-09
-2.240000000000058833e+00 -1.098500000000000084e-09
-2.220000000000059259e+00 -1.029999999999999959e-09
-2.200000000000059686e+00 -1.012000000000000021e-09
-2.180000000000060112e+00 -1.065500000000000095e-09
-2.160000000000060538e+00 -9.634899999999999474e-10
-2.140000000000060965e+00 -1.081500000000000039e-09
-2.120000000000061391e+00 -1.009500000000000081e-09
-2.100000000000061817e+00 -9.684999999999999126e-10
-2.080000000000062244e+00 -9.024500000000000217e-10
-2.060000000000062670e+00 -8.167599999999999795e-10
-2.040000000000063096e+00 -9.811700000000000353e-10
-2.020000000000063523e+00 -8.091100000000000111e-10
-2.000000000000063949e+00 -8.367099999999999985e-10
-1.980000000000064375e+00 -7.805999999999999721e-10
-1.960000000000064801e+00 -8.272400000000000302e-10
-1.940000000000065228e+00 -8.307999999999999641e-10
-1.920000000000065654e+00 -8.089400000000000003e-10
-1.900000000000066080e+00 -8.350799999999999742e-10
-1.880000000000066507e+00 -7.311500000000000032e-10
-1.860000000000066933e+00 -6.465400000000000235e-10
-1.840000000000067359e+00 -7.424899999999999868e-10
-1.820000000000067786e+00 -7.371999999999999979e-10
-1.800000000000068212e+00 -7.191600000000000271e-10
-1.780000000000068638e+00 -7.019600000000000244e-10
-1.760000000000069065e+00 -6.687599999999999736e-10
-1.740000000000069491e+00 -6.625999999999999660e-10
-1.720000000000069917e+00 -6.394599999999999818e-10
-1.700000000000070344e+00 -6.112100000000000018e-10
-1.680000000000070770e+00 -5.940400000000000497e-10
-1.660000000000071196e+00 -5.429100000000000412e-10
-1.640000000000071623e+00 -5.268499999999999953e-10
-1.620000000000072049e+00 -5.368800000000000113e-10
-1.600000000000072475e+00 -5.395000000000000498e-10
-1.580000000000072902e+00 -5.068999999999999763e-10
-1.560000000000073328e+00 -5.061600000000000388e-10
-1.540000000000073754e+00 -4.942000000000000098e-10
-1.520000000000074181e+00 -4.861000000000000068e-10
-1.500000000000074607e+00 -4.805600000000000445e-10
-1.480000000000075033e+00 -4.621500000000000016e-10
-1.460000000000075460e+00 -4.429500000000000058e-10
-1.440000000000075886e+00 -4.367000000000000016e-10
-1.420000000000076312e+00 -4.062999999999999825e-10
-1.400000000000076739e+00 -4.102899999999999863e-10
-1.380000000000077165e+00 -3.961000000000000074e-10
-1.360000000000077591e+00 -3.812500000000000018e-10
-1.340000000000078018e+00 -3.663499999999999808e-10
-1.320000000000078444e+00 -3.523399999999999951e-10
-1.300000000000078870e+00 -3.391999999999999764e-10
-1.280000000000079297e+00 -3.273999999999999758e-10
-1.260000000000079723e+00 -3.144000000000000207e-10
-1.240000000000080149e+00 -3.019499999999999758e-10
-1.220000000000080576e+00 -2.908499999999999831e-10
-1.200000000000081002e+00 -2.802499999999999887e-10
-1.180000000000081428e+00 -2.691499999999999960e-10
-1.160000000000081855e+00 -2.614500000000000122e-10
-1.140000000000082281e+00 -2.552500000000000233e-10
-1.120000000000082707e+00 -2.487499999999999940e-10
-1.100000000000083134e+00 -2.383399999999999752e-10
-1.080000000000083560e+00 -2.296500000000000031e-10
-1.060000000000083986e+00 -2.199500000000000004e-10
-1.040000000000084412e+00 -2.104999999999999969e-10
-1.020000000000084839e+00 -2.039500000000000040e-10
-1.000000000000085265e+00 -1.957499999999999961e-10
-9.800000000000856915e-01 -1.874500000000000093e-10
-9.600000000000861178e-01 -1.775499999999999969e-10
-9.400000000000865441e-01 -1.697500000000000083e-10
-9.200000000000869704e-01 -1.610000000000000127e-10
-9.000000000000873968e-01 -1.533000000000000031e-10
-8.800000000000878231e-01 -1.447000000000000018e-10
-8.600000000000882494e-01 -1.368000000000000084e-10
-8.400000000000886757e-01 -1.293499999999999979e-10
-8.200000000000891021e-01 -1.219500000000000028e-10
-8.000000000000895284e-01 -1.153999999999999970e-10
-7.800000000000899547e-01 -1.081499999999999962e-10
-7.600000000000903810e-01 -1.023500000000000007e-10
-7.400000000000908074e-01 -9.594799999999999789e-11
-7.200000000000912337e-01 -8.990100000000000316e-11
-7.000000000000916600e-01 -9.439899999999999631e-11
-6.800000000000920863e-01 -8.824899999999999687e-11
-6.600000000000925127e-01 -8.229799999999999849e-11
-6.400000000000929390e-01 -7.665000000000000156e-11
-6.200000000000933653e-01 -7.139899999999999818e-11
-6.000000000000937916e-01 -6.174999999999999356e-11
-5.800000000000942180e-01 -5.369899999999999727e-11
-5.600000000000946443e-01 -4.924999999999999795e-11
-5.400000000000950706e-01 -4.484999999999999893e-11
-5.200000000000954969e-01 -4.094999999999999818e-11
-5.000000000000959233e-01 -3.725000000000000061e-11
-4.800000000000963496e-01 -3.355000000000000305e-11
-4.600000000000967759e-01 -3.020000000000000299e-11
-4.400000000000972022e-01 -2.689999999999999887e-11
-4.200000000000976286e-01 -2.349999999999999963e-11
-4.000000000000980549e-01 -2.094999999999999939e-11
-3.800000000000984812e-01 -1.799999999999999923e-11
-3.600000000000989075e-01 -1.530000000000000145e-11
-3.400000000000993339e-01 -1.664999999999999873e-11
-3.200000000000997602e-01 -1.270000000000000041e-11
-3.000000000001001865e-01 -8.399900000000000185e-12
-2.800000000001006129e-01 -5.500000000000000394e-12
-2.600000000001010392e-01 -3.350000000000000064e-12
-2.400000000001014655e-01 -1.450000000000000082e-12
-2.200000000001018918e-01 4.500000000000000010e-13
-2.000000000001023182e-01 2.099999999999999938e-12
-1.800000000001027445e-01 3.749899999999999602e-12
-1.600000000001031708e-01 5.349900000000000054e-12
-1.400000000001035971e-01 6.850099999999999660e-12
-1.200000000001040235e-01 8.249799999999999845e-12
-1.000000000001044498e-01 9.650099999999999846e-12
-8.000000000010487611e-02 1.100000000000000079e-11
-6.000000000010530243e-02 1.244999999999999966e-11
-4.000000000010572876e-02 1.364999999999999939e-11
-2.000000000010615508e-02 1.499999999999999990e-11
-1.065814103640150279e-13 1.644999999999999877e-11
1.999999999989299226e-02 1.790000000000000087e-11
3.999999999989256594e-02 1.919999999999999897e-11
5.999999999989213961e-02 2.054999999999999948e-11
7.999999999989171329e-02 2.200000000000000158e-11
9.999999999989128696e-02 2.349999999999999963e-11
1.199999999998908606e-01 2.485000000000000014e-11
1.399999999998904343e-01 2.655000000000000137e-11
1.599999999998900080e-01 2.804900000000000054e-11
1.799999999998895817e-01 2.984999999999999903e-11
1.999999999998891553e-01 3.175100000000000234e-11
2.199999999998887290e-01 3.375100000000000189e-11
2.399999999998883027e-01 3.595000000000000252e-11
2.599999999998878764e-01 3.809900000000000073e-11
2.799999999998874500e-01 4.044899999999999779e-11
2.999999999998870237e-01 4.290099999999999744e-11
3.199999999998865974e-01 4.559900000000000068e-11
3.399999999998861711e-01 4.819999999999999899e-11
3.599999999998857447e-01 5.120000000000000156e-11
3.799999999998853184e-01 5.425000000000000007e-11
3.999999999998848921e-01 5.739999999999999695e-11
4.199999999998844658e-01 6.080099999999999508e-11
4.399999999998840394e-01 6.410199999999999484e-11
4.599999999998836131e-01 6.794899999999999976e-11
4.799999999998831868e-01 7.149799999999999443e-11
4.999999999998827604e-01 7.559799999999999837e-11
5.199999999998823341e-01 7.954900000000000364e-11
5.399999999998819078e-01 8.400100000000000285e-11
5.599999999998814815e-01 8.899899999999999428e-11
5.799999999998810551e-01 9.314900000000000062e-11
5.999999999998806288e-01 9.854900000000000266e-11
6.199999999998802025e-01 1.034500000000000021e-10
6.399999999998797762e-01 1.087499999999999993e-10
6.599999999998793498e-01 1.145000000000000053e-10
6.799999999998789235e-01 1.209999999999999957e-10
6.999999999998784972e-01 1.271499999999999952e-10
7.199999999998780709e-01 1.336499999999999986e-10
7.399999999998776445e-01 1.411000000000000091e-10
7.599999999998772182e-01 1.482999999999999945e-10
7.799999999998767919e-01 1.556000000000000107e-10
7.999999999998763656e-01 1.635499999999999936e-10
8.199999999998759392e-01 1.717500000000000014e-10
8.399999999998755129e-01 1.803500000000000028e-10
8.599999999998750866e-01 1.894500000000000024e-10
8.799999999998746603e-01 1.978499999999999940e-10
8.999999999998742339e-01 2.074000000000000024e-10
9.199999999998738076e-01 2.176499999999999929e-10
9.399999999998733813e-01 2.278000000000000043e-10
9.599999999998729550e-01 2.389000000000000229e-10
9.799999999998725286e-01 2.498500000000000213e-10
9.999999999998721023e-01 2.601999999999999907e-10
1.019999999999871676e+00 2.722500000000000163e-10
1.039999999999871250e+00 2.860899999999999912e-10
1.059999999999870823e+00 2.999100000000000014e-10
1.079999999999870397e+00 3.135099999999999855e-10
1.099999999999869971e+00 3.275999999999999854e-10
1.119999999999869544e+00 3.429499999999999893e-10
1.139999999999869118e+00 3.588500000000000067e-10
1.159999999999868692e+00 3.752900000000000037e-10
1.179999999999868265e+00 3.924999999999999888e-10
1.199999999999867839e+00 4.101999999999999897e-10
1.219999999999867413e+00 4.281399999999999815e-10
1.239999999999866986e+00 4.468500000000000131e-10
1.259999999999866560e+00 4.655099999999999776e-10
1.279999999999866134e+00 4.840499999999999983e-10
1.299999999999865707e+00 4.810099999999999757e-10
1.319999999999865281e+00 4.828000000000000285e-10
1.339999999999864855e+00 5.015599999999999720e-10
1.359999999999864428e+00 5.192899999999999718e-10
1.379999999999864002e+00 5.371100000000000198e-10
1.399999999999863576e+00 5.544499999999999827e-10
1.419999999999863149e+00 5.721600000000000177e-10
1.439999999999862723e+00 5.922499999999999969e-10
1.459999999999862297e+00 6.149000000000000169e-10
1.479999999999861870e+00 6.372999999999999603e-10
1.499999999999861444e+00 6.599499999999999803e-10
1.519999999999861018e+00 6.858999999999999786e-10
1.539999999999860592e+00 7.103400000000000513e-10
1.559999999999860165e+00 7.379099999999999882e-10
1.579999999999859739e+00 7.642899999999999529e-10
1.599999999999859313e+00 7.908599999999999966e-10
1.619999999999858886e+00 8.207900000000000163e-10
1.639999999999858460e+00 8.484500000000000014e-10
1.659999999999858034e+00 8.768899999999999570e-10
1.679999999999857607e+00 9.087499999999999896e-10
1.699999999999857181e+00 8.941999999999999727e-10
1.719999999999856755e+00 9.229900000000000356e-10
1.739999999999856328e+00 9.541700000000000251e-10
1.759999999999855902e+00 9.872500000000000805e-10
1.779999999999855476e+00 1.019000000000000100e-09
1.799999999999855049e+00 1.052000000000000090e-09
1.819999999999854623e+00 1.087500000000000019e-09
1.839999999999854197e+00 1.124000000000000048e-09
1.859999999999853770e+00 1.161000000000000023e-09
1.879999999999853344e+00 1.200499999999999939e-09
1.899999999999852918e+00 1.242000000000000054e-09
1.919999999999852491e+00 1.285499999999999955e-09
1.939999999999852065e+00 1.328499999999999910e-09
1.959999999999851639e+00 1.368000000000000032e-09
1.979999999999851212e+00 1.418500000000000013e-09
1.999999999999850786e+00 1.464500000000000061e-09
2.019999999999850360e+00 1.507899999999999932e-09
2.039999999999849933e+00 1.564400000000000099e-09
2.059999999999849507e+00 1.614000000000000010e-09
2.079999999999849081e+00 1.665500000000000091e-09
2.099999999999848654e+00 1.712999999999999978e-09
2.119999999999848228e+00 1.766500000000000052e-09
2.139999999999847802e+00 1.819999999999999919e-09
2.159999999999847375e+00 1.866999999999999860e-09
2.179999999999846949e+00 1.927400000000000189e-09
2.199999999999846523e+00 1.982500000000000133e-09
2.219999999999846096e+00 2.033999999999999800e-09
2.239999999999845670e+00 2.085900000000000004e-09
2.259999999999845244e+00 2.148899999999999890e-09
2.279999999999844817e+00 2.210400000000000142e-09
2.299999999999844391e+00 2.264000000000000040e-09
2.319999999999843965e+00 2.327999999999999819e-09
2.339999999999843538e+00 2.385500000000000086e-09
2.359999999999843112e+00 2.459900000000000160e-09
2.379999999999842686e+00 2.531899999999999911e-09
2.399999999999842260e+00 2.598400000000000043e-09
2.419999999999841833e+00 2.669499999999999932e-09
2.439999999999841407e+00 2.744999999999999930e-09
2.459999999999840981e+00 2.816499999999999942e-09
2.479999999999840554e+00 2.881900000000000150e-09
2.499999999999840128e+00 2.959900000000000088e-09
2.519999999999839702e+00 3.045899999999999997e-09
2.539999999999839275e+00 3.123000000000000072e-09
2.559999999999838849e+00 3.201899999999999872e-09
2.579999999999838423e+00 3.295400000000000015e-09
2.599999999999837996e+00 3.386899999999999957e-09
2.619999999999837570e+00 3.471000000000000111e-09
2.639999999999837144e+00 3.565400000000000116e-09
2.659999999999836717e+00 3.660399999999999892e-09
2.679999999999836291e+00 3.759400000000000067e-09
2.699999999999835865e+00 3.841000000000000281e-09
2.719999999999835438e+00 3.936500000000000210e-09
2.739999999999835012e+00 4.045400000000000113e-09
2.759999999999834586e+00 4.150899999999999800e-09
2.779999999999834159e+00 4.264900000000000027e-09
2.799999999999833733e+00 4.377899999999999947e-09
2.819999999999833307e+00 4.506299999999999628e-09
2.839999999999832880e+00 4.615500000000000037e-09
2.859999999999832454e+00 4.737799999999999914e-09
2.879999999999832028e+00 4.866900000000000223e-09
2.899999999999831601e+00 5.001999999999999891e-09
2.919999999999831175e+00 5.143899999999999990e-09
2.939999999999830749e+00 5.290300000000000229e-09
2.959999999999830322e+00 5.399499999999999811e-09
2.979999999999829896e+00 5.534299999999999800e-09
2.999999999999829470e+00 5.688900000000000073e-09
3.019999999999829043e+00 5.809400000000000225e-09
3.039999999999828617e+00 5.965800000000000223e-09
3.059999999999828191e+00 6.294400000000000102e-09
3.079999999999827764e+00 6.521299999999999804e-09
3.099999999999827338e+00 6.745999999999999659e-09
3.119999999999826912e+00 6.916900000000000382e-09
3.139999999999826485e+00 7.072199999999999628e-09
3.159999999999826059e+00 7.208899999999999787e-09
3.179999999999825633e+00 7.350300000000000147e-09
3.199999999999825206e+00 7.550200000000000666e-09
3.219999999999824780e+00 7.755700000000000422e-09
3.239999999999824354e+00 7.952600000000000021e-09
3.259999999999823928e+00 8.185899999999999205e-09
3.279999999999823501e+00 8.347299999999999909e-09
3.299999999999823075e+00 8.611100000000000590e-09
3.319999999999822649e+00 8.776599999999999657e-09
3.339999999999822222e+00 9.002599999999999497e-09
3.359999999999821796e+00 9.259099999999999180e-09
3.379999999999821370e+00 9.449600000000000125e-09
3.399999999999820943e+00 9.705200000000000772e-09
3.419999999999820517e+00 9.915299999999999457e-09
3.439999999999820091e+00 1.021999999999999986e-08
3.459999999999819664e+00 1.037999999999999931e-08
3.479999999999819238e+00 1.055499999999999922e-08
3.499999999999818812e+00 1.078999999999999934e-08
3.519999999999818385e+00 1.104500000000000063e-08
3.539999999999817959e+00 1.128499999999999980e-08
3.559999999999817533e+00 1.153500000000000039e-08
3.579999999999817106e+00 1.183499999999999977e-08
3.599999999999816680e+00 1.202500000000000014e-08
3.619999999999816254e+00 1.233499999999999928e-08
3.639999999999815827e+00 1.255500000000000059e-08
3.659999999999815401e+00 1.280499999999999952e-08
3.679999999999814975e+00 1.308000000000000033e-08
3.699999999999814548e+00 1.335499999999999948e-08
3.719999999999814122e+00 1.362000000000000053e-08
3.739999999999813696e+00 1.397000000000000036e-08
3.759999999999813269e+00 1.425000000000000022e-08
3.779999999999812843e+00 1.449500000000000009e-08
3.799999999999812417e+00 1.480499999999999923e-08
3.819999999999811990e+00 1.513000000000000049e-08
3.839999999999811564e+00 1.546499999999999985e-08
3.859999999999811138e+00 1.581999999999999872e-08
3.879999999999810711e+00 1.618499999999999901e-08
3.899999999999810285e+00 1.657500000000000118e-08
3.919999999999809859e+00 1.691000000000000054e-08
3.939999999999809432e+00 1.734999999999999985e-08
3.959999999999809006e+00 1.762000000000000161e-08
3.979999999999808580e+00 1.794999999999999861e-08
3.999999999999808153e+00 1.829999999999999843e-08
4.019999999999807727e+00 1.869999999999999870e-08
4.039999999999807301e+00 1.916999999999999894e-08
4.059999999999806874e+00 1.959500000000000109e-08
4.079999999999806448e+00 1.997499999999999854e-08
4.099999999999806022e+00 2.040000000000000069e-08
4.119999999999805596e+00 2.076500000000000098e-08
4.139999999999805169e+00 2.113000000000000127e-08
4.159999999999804743e+00 2.157499999999999963e-08
4.179999999999804317e+00 2.199999999999999848e-08
4.199999999999803890e+00 2.244000000000000109e-08
4.219999999999803464e+00 2.287500000000000135e-08
4.239999999999803038e+00 2.328499999999999972e-08
4.259999999999802611e+00 2.373000000000000139e-08
4.279999999999802185e+00 2.419499999999999927e-08
4.299999999999801759e+00 2.468499999999999903e-08
4.319999999999801332e+00 2.469000000000000139e-08
4.339999999999800906e+00 2.466000000000000046e-08
4.359999999999800480e+00 2.487999999999999846e-08
4.379999999999800053e+00 2.536499999999999916e-08
4.399999999999799627e+00 2.568500000000000136e-08
4.419999999999799201e+00 2.614500000000000019e-08
4.439999999999798774e+00 2.662400000000000071e-08
4.459999999999798348e+00 2.771999999999999940e-08
4.479999999999797922e+00 2.832999999999999957e-08
4.499999999999797495e+00 2.886500000000000072e-08
4.519999999999797069e+00 2.848499999999999997e-08
4.539999999999796643e+00 2.890000000000000070e-08
4.559999999999796216e+00 2.881000000000000122e-08
4.579999999999795790e+00 2.951999999999999898e-08
4.599999999999795364e+00 3.027499999999999813e-08
4.619999999999794937e+00 3.005500000000000013e-08
4.639999999999794511e+00 3.048499999999999802e-08
4.659999999999794085e+00 3.087599999999999802e-08
4.679999999999793658e+00 3.123600000000000256e-08
4.699999999999793232e+00 3.175900000000000003e-08
4.719999999999792806e+00 3.224000000000000282e-08
4.739999999999792379e+00 3.265400000000000242e-08
4.759999999999791953e+00 3.316000000000000047e-08
4.779999999999791527e+00 3.375500000000000017e-08
4.799999999999791100e+00 3.424100000000000201e-08
4.819999999999790674e+00 3.474099999999999987e-08
4.839999999999790248e+00 3.527599999999999771e-08
4.859999999999789821e+00 3.577899999999999897e-08
4.879999999999789395e+00 3.623999999999999893e-08
4.899999999999788969e+00 3.671099999999999700e-08
4.919999999999788542e+00 3.726599999999999766e-08
4.939999999999788116e+00 3.780600000000000118e-08
4.959999999999787690e+00 3.840100000000000088e-08
4.979999999999787264e+00 3.888500000000000045e-08
4.999999999999786837e+00 3.937000000000000115e-08
