9.999500000000000055e-02 3.535557000000000016e-09 9.910000000000000519e+37 1.066491999999999962e+03 2.150800000000000000e+04 0.000000000000000000e+00 9.000000000000000000e+01 1.111111111111111154e-02 3.535557000000000016e-09
9.999500000000000055e-02 1.877955000000000056e-09 9.910000000000000519e+37 2.323902000000000044e+03 2.150800000000000000e+04 1.000000000000000000e+00 1.000000000000000000e+02 1.000000000000000021e-02 1.877955000000000056e-09
9.999500000000000055e-02 1.086865000000000051e-09 9.910000000000000519e+37 3.812976999999999862e+03 2.150800000000000000e+04 2.000000000000000000e+00 1.100000000000000000e+02 9.090909090909090468e-03 1.086865000000000051e-09
9.999500000000000055e-02 1.197698000000000097e-09 9.910000000000000519e+37 4.962658000000000357e+03 2.150800000000000000e+04 3.000000000000000000e+00 1.200000000000000000e+02 8.333333333333333218e-03 1.197698000000000097e-09
9.999500000000000055e-02 1.645512000000000056e-09 9.910000000000000519e+37 5.932649999999999636e+03 2.150800000000000000e+04 4.000000000000000000e+00 1.300000000000000000e+02 7.692307692307692735e-03 1.645512000000000056e-09
9.999500000000000055e-02 4.023447000000000075e-09 9.910000000000000519e+37 7.030747000000000298e+03 2.150800000000000000e+04 5.000000000000000000e+00 1.400000000000000000e+02 7.142857142857142634e-03 4.023447000000000075e-09
9.999500000000000055e-02 9.442018000000000223e-09 9.910000000000000519e+37 7.994895999999999731e+03 2.150800000000000000e+04 6.000000000000000000e+00 1.500000000000000000e+02 6.666666666666667095e-03 9.442018000000000223e-09
9.999500000000000055e-02 2.108914999999999929e-08 9.910000000000000519e+37 8.793815000000000509e+03 2.150800000000000000e+04 7.000000000000000000e+00 1.600000000000000000e+02 6.250000000000000347e-03 2.108914999999999929e-08
9.999500000000000055e-02 4.097452000000000049e-08 9.910000000000000519e+37 9.546954999999999927e+03 2.150800000000000000e+04 8.000000000000000000e+00 1.700000000000000000e+02 5.882352941176470507e-03 4.097452000000000049e-08
9.999500000000000055e-02 1.351833999999999954e-07 9.910000000000000519e+37 1.029528000000000065e+04 2.150800000000000000e+04 9.000000000000000000e+00 1.800000000000000000e+02 5.555555555555555768e-03 1.351833999999999954e-07
9.999500000000000055e-02 2.836123000000000150e-07 9.910000000000000519e+37 1.260970999999999913e+04 2.150800000000000000e+04 1.000000000000000000e+01 1.900000000000000000e+02 5.263157894736841987e-03 2.836123000000000150e-07
9.999500000000000055e-02 5.106943999999999490e-07 9.910000000000000519e+37 1.304979999999999927e+04 2.150800000000000000e+04 1.100000000000000000e+01 2.000000000000000000e+02 5.000000000000000104e-03 5.106943999999999490e-07
9.999500000000000055e-02 1.162540999999999954e-06 9.910000000000000519e+37 1.360025000000000000e+04 2.150800000000000000e+04 1.200000000000000000e+01 2.100000000000000000e+02 4.761904761904762334e-03 1.162540999999999954e-06
9.999500000000000055e-02 1.932790999999999906e-06 9.910000000000000519e+37 1.400250000000000000e+04 2.150800000000000000e+04 1.300000000000000000e+01 2.200000000000000000e+02 4.545454545454545234e-03 1.932790999999999906e-06
9.999500000000000055e-02 3.890092000000000024e-06 9.910000000000000519e+37 1.451311000000000058e+04 2.150800000000000000e+04 1.400000000000000000e+01 2.300000000000000000e+02 4.347826086956521792e-03 3.890092000000000024e-06
9.999500000000000055e-02 6.800207999999999928e-06 9.910000000000000519e+37 1.491038999999999942e+04 2.150800000000000000e+04 1.500000000000000000e+01 2.400000000000000000e+02 4.166666666666666609e-03 6.800207999999999928e-06
9.999500000000000055e-02 1.189100000000000016e-05 9.910000000000000519e+37 1.530262999999999920e+04 2.150800000000000000e+04 1.600000000000000000e+01 2.500000000000000000e+02 4.000000000000000083e-03 1.189100000000000016e-05
9.999500000000000055e-02 1.831575999999999894e-05 9.910000000000000519e+37 1.558632999999999993e+04 2.150800000000000000e+04 1.700000000000000000e+01 2.600000000000000000e+02 3.846153846153846367e-03 1.831575999999999894e-05
9.999500000000000055e-02 3.671847000000000218e-05 9.910000000000000519e+37 1.606676000000000022e+04 2.150800000000000000e+04 1.800000000000000000e+01 2.700000000000000000e+02 3.703703703703703845e-03 3.671847000000000218e-05
9.999500000000000055e-02 6.335538000000000530e-05 9.910000000000000519e+37 1.693000000000000000e+04 2.150800000000000000e+04 1.900000000000000000e+01 2.800000000000000000e+02 3.571428571428571317e-03 6.335538000000000530e-05
9.999500000000000055e-02 9.382382000000000254e-05 9.910000000000000519e+37 1.738316999999999825e+04 2.150800000000000000e+04 2.000000000000000000e+01 2.900000000000000000e+02 3.448275862068965469e-03 9.382382000000000254e-05
9.999500000000000055e-02 1.305159000000000017e-04 9.910000000000000519e+37 1.775429999999999927e+04 2.150800000000000000e+04 2.100000000000000000e+01 3.000000000000000000e+02 3.333333333333333547e-03 1.305159000000000017e-04
