-5.000000000000000409e-06 1.400169000000000027e-09 9.910000000000000519e+37 1.048279999999999973e+03 2.150800000000000000e+04 0.000000000000000000e+00 9.000000000000000000e+01 1.111111111111111154e-02 1.400169000000000027e-09
-5.000000000000000409e-06 1.068008000000000103e-09 9.910000000000000519e+37 1.952105999999999995e+03 2.150800000000000000e+04 1.000000000000000000e+00 1.000000000000000000e+02 1.000000000000000021e-02 1.068008000000000103e-09
-5.000000000000000409e-06 1.452906999999999975e-09 9.910000000000000519e+37 3.219418999999999869e+03 2.150800000000000000e+04 2.000000000000000000e+00 1.100000000000000000e+02 9.090909090909090468e-03 1.452906999999999975e-09
-5.000000000000000409e-06 1.224400999999999937e-09 9.910000000000000519e+37 6.271769000000000233e+03 2.150800000000000000e+04 3.000000000000000000e+00 1.200000000000000000e+02 8.333333333333333218e-03 1.224400999999999937e-09
-5.000000000000000409e-06 1.220295999999999981e-09 9.910000000000000519e+37 7.310063000000000102e+03 2.150800000000000000e+04 4.000000000000000000e+00 1.300000000000000000e+02 7.692307692307692735e-03 1.220295999999999981e-09
-5.000000000000000409e-06 1.196682000000000066e-09 9.910000000000000519e+37 8.490799000000000888e+03 2.150800000000000000e+04 5.000000000000000000e+00 1.400000000000000000e+02 7.142857142857142634e-03 1.196682000000000066e-09
-5.000000000000000409e-06 1.164760000000000019e-09 9.910000000000000519e+37 9.528810999999999694e+03 2.150800000000000000e+04 6.000000000000000000e+00 1.500000000000000000e+02 6.666666666666667095e-03 1.164760000000000019e-09
-5.000000000000000409e-06 1.190292999999999955e-09 9.910000000000000519e+37 1.132893000000000029e+04 2.150800000000000000e+04 7.000000000000000000e+00 1.600000000000000000e+02 6.250000000000000347e-03 1.190292999999999955e-09
-5.000000000000000409e-06 3.559805999999999815e-08 9.910000000000000519e+37 1.197848999999999978e+04 2.150800000000000000e+04 8.000000000000000000e+00 1.700000000000000000e+02 5.882352941176470507e-03 3.559805999999999815e-08
-5.000000000000000409e-06 -3.624352999999999923e-08 9.910000000000000519e+37 1.297597999999999956e+04 2.150800000000000000e+04 9.000000000000000000e+00 1.800000000000000000e+02 5.555555555555555768e-03 3.624352999999999923e-08
-5.000000000000000409e-06 -6.755670000000000102e-09 9.910000000000000519e+37 1.341726000000000022e+04 2.150800000000000000e+04 1.000000000000000000e+01 1.900000000000000000e+02 5.263157894736841987e-03 6.755670000000000102e-09
-5.000000000000000409e-06 -3.250603999999999955e-08 9.910000000000000519e+37 1.395026000000000022e+04 2.150800000000000000e+04 1.100000000000000000e+01 2.000000000000000000e+02 5.000000000000000104e-03 3.250603999999999955e-08
-5.000000000000000409e-06 -3.493079999999999936e-08 9.910000000000000519e+37 1.456492000000000007e+04 2.150800000000000000e+04 1.200000000000000000e+01 2.100000000000000000e+02 4.761904761904762334e-03 3.493079999999999936e-08
-5.000000000000000409e-06 -2.099302000000000119e-08 9.910000000000000519e+37 1.505243000000000029e+04 2.150800000000000000e+04 1.300000000000000000e+01 2.200000000000000000e+02 4.545454545454545234e-03 2.099302000000000119e-08
-5.000000000000000409e-06 3.581706999999999820e-08 9.910000000000000519e+37 1.549079000000000087e+04 2.150800000000000000e+04 1.400000000000000000e+01 2.300000000000000000e+02 4.347826086956521792e-03 3.581706999999999820e-08
-5.000000000000000409e-06 2.929094000000000142e-08 9.910000000000000519e+37 1.591950000000000000e+04 2.150800000000000000e+04 1.500000000000000000e+01 2.400000000000000000e+02 4.166666666666666609e-03 2.929094000000000142e-08
-5.000000000000000409e-06 2.186267999999999920e-08 9.910000000000000519e+37 1.632910000000000036e+04 2.150800000000000000e+04 1.600000000000000000e+01 2.500000000000000000e+02 4.000000000000000083e-03 2.186267999999999920e-08
-5.000000000000000409e-06 5.505434000000000037e-08 9.910000000000000519e+37 1.692920000000000073e+04 2.150800000000000000e+04 1.700000000000000000e+01 2.600000000000000000e+02 3.846153846153846367e-03 5.505434000000000037e-08
-5.000000000000000409e-06 7.158470000000000407e-09 9.910000000000000519e+37 1.743784000000000015e+04 2.150800000000000000e+04 1.800000000000000000e+01 2.700000000000000000e+02 3.703703703703703845e-03 7.158470000000000407e-09
-5.000000000000000409e-06 2.301327999999999893e-08 9.910000000000000519e+37 1.775184999999999854e+04 2.150800000000000000e+04 1.900000000000000000e+01 2.800000000000000000e+02 3.571428571428571317e-03 2.301327999999999893e-08
-5.000000000000000409e-06 7.065176000000000584e-08 9.910000000000000519e+37 1.807806999999999971e+04 2.150800000000000000e+04 2.000000000000000000e+01 2.900000000000000000e+02 3.448275862068965469e-03 7.065176000000000584e-08
-5.000000000000000409e-06 6.653783000000000204e-08 9.910000000000000519e+37 1.836981000000000131e+04 2.150800000000000000e+04 2.100000000000000000e+01 3.000000000000000000e+02 3.333333333333333547e-03 6.653783000000000204e-08
