-1.000049999999999967e-01 -3.301229000000000130e-11 9.910000000000000519e+37 7.176269999999999527e+02 2.150800000000000000e+04 0.000000000000000000e+00 9.000000000000000000e+01 1.111111111111111154e-02 3.301229000000000130e-11
-1.000049999999999967e-01 -2.433010000000000111e-11 9.910000000000000519e+37 1.699011999999999944e+03 2.150800000000000000e+04 1.000000000000000000e+00 1.000000000000000000e+02 1.000000000000000021e-02 2.433010000000000111e-11
-1.000049999999999967e-01 -2.242044999999999985e-11 9.910000000000000519e+37 2.600800999999999931e+03 2.150800000000000000e+04 2.000000000000000000e+00 1.100000000000000000e+02 9.090909090909090468e-03 2.242044999999999985e-11
-1.000049999999999967e-01 -9.047422999999999788e-11 9.910000000000000519e+37 3.715976999999999862e+03 2.150800000000000000e+04 3.000000000000000000e+00 1.200000000000000000e+02 8.333333333333333218e-03 9.047422999999999788e-11
-1.000049999999999967e-01 -3.819591999999999956e-10 9.910000000000000519e+37 4.852125000000000000e+03 2.150800000000000000e+04 4.000000000000000000e+00 1.300000000000000000e+02 7.692307692307692735e-03 3.819591999999999956e-10
-1.000049999999999967e-01 -1.030933999999999906e-09 9.910000000000000519e+37 5.532354000000000269e+03 2.150800000000000000e+04 5.000000000000000000e+00 1.400000000000000000e+02 7.142857142857142634e-03 1.030933999999999906e-09
-1.000049999999999967e-01 -4.744704000000000410e-09 9.910000000000000519e+37 7.716077000000000226e+03 2.150800000000000000e+04 6.000000000000000000e+00 1.500000000000000000e+02 6.666666666666667095e-03 4.744704000000000410e-09
-1.000049999999999967e-01 -1.298751999999999942e-08 9.910000000000000519e+37 8.949842000000000553e+03 2.150800000000000000e+04 7.000000000000000000e+00 1.600000000000000000e+02 6.250000000000000347e-03 1.298751999999999942e-08
-1.000049999999999967e-01 -2.734509999999999980e-08 9.910000000000000519e+37 9.745296000000000276e+03 2.150800000000000000e+04 8.000000000000000000e+00 1.700000000000000000e+02 5.882352941176470507e-03 2.734509999999999980e-08
-1.000049999999999967e-01 -8.297591000000000572e-08 9.910000000000000519e+37 1.095206999999999971e+04 2.150800000000000000e+04 9.000000000000000000e+00 1.800000000000000000e+02 5.555555555555555768e-03 8.297591000000000572e-08
-1.000049999999999967e-01 -2.220078999999999931e-07 9.910000000000000519e+37 1.327320000000000073e+04 2.150800000000000000e+04 1.000000000000000000e+01 1.900000000000000000e+02 5.263157894736841987e-03 2.220078999999999931e-07
-1.000049999999999967e-01 -4.689787000000000039e-07 9.910000000000000519e+37 1.481519000000000051e+04 2.150800000000000000e+04 1.100000000000000000e+01 2.000000000000000000e+02 5.000000000000000104e-03 4.689787000000000039e-07
-1.000049999999999967e-01 -7.633417000000000305e-07 9.910000000000000519e+37 1.544580999999999949e+04 2.150800000000000000e+04 1.200000000000000000e+01 2.100000000000000000e+02 4.761904761904762334e-03 7.633417000000000305e-07
-1.000049999999999967e-01 -1.554949000000000009e-06 9.910000000000000519e+37 1.597397999999999956e+04 2.150800000000000000e+04 1.300000000000000000e+01 2.200000000000000000e+02 4.545454545454545234e-03 1.554949000000000009e-06
-1.000049999999999967e-01 -2.872182999999999958e-06 9.910000000000000519e+37 1.638400999999999840e+04 2.150800000000000000e+04 1.400000000000000000e+01 2.300000000000000000e+02 4.347826086956521792e-03 2.872182999999999958e-06
-1.000049999999999967e-01 -5.731136999999999606e-06 9.910000000000000519e+37 1.679947999999999956e+04 2.150800000000000000e+04 1.500000000000000000e+01 2.400000000000000000e+02 4.166666666666666609e-03 5.731136999999999606e-06
-1.000049999999999967e-01 -1.071251000000000020e-05 9.910000000000000519e+37 1.726040999999999985e+04 2.150800000000000000e+04 1.600000000000000000e+01 2.500000000000000000e+02 4.000000000000000083e-03 1.071251000000000020e-05
-1.000049999999999967e-01 -1.774724000000000120e-05 9.910000000000000519e+37 1.767493000000000029e+04 2.150800000000000000e+04 1.700000000000000000e+01 2.600000000000000000e+02 3.846153846153846367e-03 1.774724000000000120e-05
-1.000049999999999967e-01 -3.030142999999999967e-05 9.910000000000000519e+37 1.812429000000000087e+04 2.150800000000000000e+04 1.800000000000000000e+01 2.700000000000000000e+02 3.703703703703703845e-03 3.030142999999999967e-05
-1.000049999999999967e-01 -4.525483000000000121e-05 9.910000000000000519e+37 1.847875999999999840e+04 2.150800000000000000e+04 1.900000000000000000e+01 2.800000000000000000e+02 3.571428571428571317e-03 4.525483000000000121e-05
-1.000049999999999967e-01 -7.310363999999999860e-05 9.910000000000000519e+37 1.887581000000000131e+04 2.150800000000000000e+04 2.000000000000000000e+01 2.900000000000000000e+02 3.448275862068965469e-03 7.310363999999999860e-05
-1.000049999999999967e-01 -1.221310999999999935e-04 9.910000000000000519e+37 2.279977999999999884e+04 2.150800000000000000e+04 2.100000000000000000e+01 3.000000000000000000e+02 3.333333333333333547e-03 1.221310999999999935e-04
