-1.000049999999999967e-01 8.529691999999999541e-10 9.910000000000000519e+37 1.045294000000000096e+03 2.150800000000000000e+04 0.000000000000000000e+00 9.000000000000000000e+01 1.111111111111111154e-02 8.529691999999999541e-10
-1.000049999999999967e-01 5.168420999999999931e-10 9.910000000000000519e+37 1.949122000000000071e+03 2.150800000000000000e+04 1.000000000000000000e+00 1.000000000000000000e+02 1.000000000000000021e-02 5.168420999999999931e-10
-1.000049999999999967e-01 5.423374000000000095e-10 9.910000000000000519e+37 3.216434999999999945e+03 2.150800000000000000e+04 2.000000000000000000e+00 1.100000000000000000e+02 9.090909090909090468e-03 5.423374000000000095e-10
-1.000049999999999967e-01 -1.309154000000000058e-10 9.910000000000000519e+37 6.268783000000000357e+03 2.150800000000000000e+04 3.000000000000000000e+00 1.200000000000000000e+02 8.333333333333333218e-03 1.309154000000000058e-10
-1.000049999999999967e-01 -1.263866999999999974e-09 9.910000000000000519e+37 7.307078000000000429e+03 2.150800000000000000e+04 4.000000000000000000e+00 1.300000000000000000e+02 7.692307692307692735e-03 1.263866999999999974e-09
-1.000049999999999967e-01 -4.489121000000000219e-09 9.910000000000000519e+37 8.487813000000000102e+03 2.150800000000000000e+04 5.000000000000000000e+00 1.400000000000000000e+02 7.142857142857142634e-03 4.489121000000000219e-09
-1.000049999999999967e-01 -9.366191000000000625e-09 9.910000000000000519e+37 9.525825999999999112e+03 2.150800000000000000e+04 6.000000000000000000e+00 1.500000000000000000e+02 6.666666666666667095e-03 9.366191000000000625e-09
-1.000049999999999967e-01 -2.060192999999999898e-08 9.910000000000000519e+37 1.132595000000000073e+04 2.150800000000000000e+04 7.000000000000000000e+00 1.600000000000000000e+02 6.250000000000000347e-03 2.060192999999999898e-08
-1.000049999999999967e-01 -5.567455000000000271e-08 9.910000000000000519e+37 1.197812999999999920e+04 2.150800000000000000e+04 8.000000000000000000e+00 1.700000000000000000e+02 5.882352941176470507e-03 5.567455000000000271e-08
-1.000049999999999967e-01 -6.687595999999999661e-08 9.910000000000000519e+37 1.297562000000000080e+04 2.150800000000000000e+04 9.000000000000000000e+00 1.800000000000000000e+02 5.555555555555555768e-03 6.687595999999999661e-08
-1.000049999999999967e-01 -1.691662999999999972e-07 9.910000000000000519e+37 1.341689999999999964e+04 2.150800000000000000e+04 1.000000000000000000e+01 1.900000000000000000e+02 5.263157894736841987e-03 1.691662999999999972e-07
-1.000049999999999967e-01 -2.735141000000000153e-07 9.910000000000000519e+37 1.394989999999999964e+04 2.150800000000000000e+04 1.100000000000000000e+01 2.000000000000000000e+02 5.000000000000000104e-03 2.735141000000000153e-07
-1.000049999999999967e-01 -7.199461999999999646e-07 9.910000000000000519e+37 1.456456999999999971e+04 2.150800000000000000e+04 1.200000000000000000e+01 2.100000000000000000e+02 4.761904761904762334e-03 7.199461999999999646e-07
-1.000049999999999967e-01 -1.349448000000000001e-06 9.910000000000000519e+37 1.505200000000000000e+04 2.150800000000000000e+04 1.300000000000000000e+01 2.200000000000000000e+02 4.545454545454545234e-03 1.349448000000000001e-06
-1.000049999999999967e-01 -2.562306000000000180e-06 9.910000000000000519e+37 1.549036000000000058e+04 2.150800000000000000e+04 1.400000000000000000e+01 2.300000000000000000e+02 4.347826086956521792e-03 2.562306000000000180e-06
-1.000049999999999967e-01 -6.311390000000000401e-06 9.910000000000000519e+37 1.591906999999999971e+04 2.150800000000000000e+04 1.500000000000000000e+01 2.400000000000000000e+02 4.166666666666666609e-03 6.311390000000000401e-06
-1.000049999999999967e-01 -1.215608000000000068e-05 9.910000000000000519e+37 1.632861000000000058e+04 2.150800000000000000e+04 1.600000000000000000e+01 2.500000000000000000e+02 4.000000000000000083e-03 1.215608000000000068e-05
-1.000049999999999967e-01 -1.998091999999999842e-05 9.910000000000000519e+37 1.692870000000000073e+04 2.150800000000000000e+04 1.700000000000000000e+01 2.600000000000000000e+02 3.846153846153846367e-03 1.998091999999999842e-05
-1.000049999999999967e-01 -3.590143999999999757e-05 9.910000000000000519e+37 1.743734000000000015e+04 2.150800000000000000e+04 1.800000000000000000e+01 2.700000000000000000e+02 3.703703703703703845e-03 3.590143999999999757e-05
-1.000049999999999967e-01 -5.041956999999999879e-05 9.910000000000000519e+37 1.775143000000000029e+04 2.150800000000000000e+04 1.900000000000000000e+01 2.800000000000000000e+02 3.571428571428571317e-03 5.041956999999999879e-05
-1.000049999999999967e-01 -8.178768000000000160e-05 9.910000000000000519e+37 1.807763999999999942e+04 2.150800000000000000e+04 2.000000000000000000e+01 2.900000000000000000e+02 3.448275862068965469e-03 8.178768000000000160e-05
-1.000049999999999967e-01 -1.201672000000000037e-04 9.910000000000000519e+37 1.836931000000000131e+04 2.150800000000000000e+04 2.100000000000000000e+01 3.000000000000000000e+02 3.333333333333333547e-03 1.201672000000000037e-04
