-2.000049999999999883e-01 -6.013005000000000630e-11 9.910000000000000519e+37 3.419480000000000018e+03 2.150800000000000000e+04 0.000000000000000000e+00 9.000000000000000000e+01 1.111111111111111154e-02 6.013005000000000630e-11
-2.000049999999999883e-01 -1.243595999999999993e-10 9.910000000000000519e+37 4.423347999999999956e+03 2.150800000000000000e+04 1.000000000000000000e+00 1.000000000000000000e+02 1.000000000000000021e-02 1.243595999999999993e-10
-2.000049999999999883e-01 -3.518303999999999869e-10 9.910000000000000519e+37 5.375939999999999600e+03 2.150800000000000000e+04 2.000000000000000000e+00 1.100000000000000000e+02 9.090909090909090468e-03 3.518303999999999869e-10
-2.000049999999999883e-01 -9.994369000000000604e-10 9.910000000000000519e+37 6.197632999999999811e+03 2.150800000000000000e+04 3.000000000000000000e+00 1.200000000000000000e+02 8.333333333333333218e-03 9.994369000000000604e-10
-2.000049999999999883e-01 -3.469287999999999901e-09 9.910000000000000519e+37 7.194854000000000269e+03 2.150800000000000000e+04 4.000000000000000000e+00 1.300000000000000000e+02 7.692307692307692735e-03 3.469287999999999901e-09
-2.000049999999999883e-01 -1.020558000000000065e-08 9.910000000000000519e+37 8.196272999999999229e+03 2.150800000000000000e+04 5.000000000000000000e+00 1.400000000000000000e+02 7.142857142857142634e-03 1.020558000000000065e-08
-2.000049999999999883e-01 -2.500572999999999901e-08 9.910000000000000519e+37 9.021995000000000800e+03 2.150800000000000000e+04 6.000000000000000000e+00 1.500000000000000000e+02 6.666666666666667095e-03 2.500572999999999901e-08
-2.000049999999999883e-01 -6.000349000000000204e-08 9.910000000000000519e+37 9.800630999999999403e+03 2.150800000000000000e+04 7.000000000000000000e+00 1.600000000000000000e+02 6.250000000000000347e-03 6.000349000000000204e-08
-2.000049999999999883e-01 -1.286642000000000041e-07 9.910000000000000519e+37 1.055950000000000000e+04 2.150800000000000000e+04 8.000000000000000000e+00 1.700000000000000000e+02 5.882352941176470507e-03 1.286642000000000041e-07
-2.000049999999999883e-01 -2.581887999999999991e-07 9.910000000000000519e+37 1.104086000000000058e+04 2.150800000000000000e+04 9.000000000000000000e+00 1.800000000000000000e+02 5.555555555555555768e-03 2.581887999999999991e-07
-2.000049999999999883e-01 -5.115031999999999556e-07 9.910000000000000519e+37 1.152337000000000080e+04 2.150800000000000000e+04 1.000000000000000000e+01 1.900000000000000000e+02 5.263157894736841987e-03 5.115031999999999556e-07
-2.000049999999999883e-01 -1.006978000000000085e-06 9.910000000000000519e+37 1.202812999999999920e+04 2.150800000000000000e+04 1.100000000000000000e+01 2.000000000000000000e+02 5.000000000000000104e-03 1.006978000000000085e-06
-2.000049999999999883e-01 -1.970495999999999912e-06 9.910000000000000519e+37 1.257121999999999935e+04 2.150800000000000000e+04 1.200000000000000000e+01 2.100000000000000000e+02 4.761904761904762334e-03 1.970495999999999912e-06
-2.000049999999999883e-01 -4.040004000000000393e-06 9.910000000000000519e+37 1.327217000000000007e+04 2.150800000000000000e+04 1.300000000000000000e+01 2.200000000000000000e+02 4.545454545454545234e-03 4.040004000000000393e-06
-2.000049999999999883e-01 -7.701595000000000587e-06 9.910000000000000519e+37 1.400919000000000051e+04 2.150800000000000000e+04 1.400000000000000000e+01 2.300000000000000000e+02 4.347826086956521792e-03 7.701595000000000587e-06
-2.000049999999999883e-01 -1.068825000000000054e-05 9.910000000000000519e+37 1.436702000000000044e+04 2.150800000000000000e+04 1.500000000000000000e+01 2.400000000000000000e+02 4.166666666666666609e-03 1.068825000000000054e-05
-2.000049999999999883e-01 -2.027019000000000048e-05 9.910000000000000519e+37 1.483075000000000000e+04 2.150800000000000000e+04 1.600000000000000000e+01 2.500000000000000000e+02 4.000000000000000083e-03 2.027019000000000048e-05
-2.000049999999999883e-01 -3.318783000000000307e-05 9.910000000000000519e+37 1.526036000000000058e+04 2.150800000000000000e+04 1.700000000000000000e+01 2.600000000000000000e+02 3.846153846153846367e-03 3.318783000000000307e-05
-2.000049999999999883e-01 -5.439109000000000104e-05 9.910000000000000519e+37 1.568723999999999978e+04 2.150800000000000000e+04 1.800000000000000000e+01 2.700000000000000000e+02 3.703703703703703845e-03 5.439109000000000104e-05
-2.000049999999999883e-01 -9.105331000000000524e-05 9.910000000000000519e+37 1.614995999999999913e+04 2.150800000000000000e+04 1.900000000000000000e+01 2.800000000000000000e+02 3.571428571428571317e-03 9.105331000000000524e-05
-2.000049999999999883e-01 -1.222715000000000032e-04 9.910000000000000519e+37 1.654140000000000146e+04 2.150800000000000000e+04 2.000000000000000000e+01 2.900000000000000000e+02 3.448275862068965469e-03 1.222715000000000032e-04
-2.000049999999999883e-01 -2.553753000000000078e-04 9.910000000000000519e+37 1.730975000000000000e+04 2.150800000000000000e+04 2.100000000000000000e+01 3.000000000000000000e+02 3.333333333333333547e-03 2.553753000000000078e-04
