1.999950000000000061e-01 2.360608999999999866e-09 9.910000000000000519e+37 3.914286999999999921e+02 2.150800000000000000e+04 0.000000000000000000e+00 9.000000000000000000e+01 1.111111111111111154e-02 2.360608999999999866e-09
1.999950000000000061e-01 9.662072000000000547e-10 9.910000000000000519e+37 1.971246000000000095e+03 2.150800000000000000e+04 1.000000000000000000e+00 1.000000000000000000e+02 1.000000000000000021e-02 9.662072000000000547e-10
1.999950000000000061e-01 1.917579000000000001e-09 9.910000000000000519e+37 2.890764999999999873e+03 2.150800000000000000e+04 2.000000000000000000e+00 1.100000000000000000e+02 9.090909090909090468e-03 1.917579000000000001e-09
1.999950000000000061e-01 1.686767999999999939e-09 9.910000000000000519e+37 3.804505999999999858e+03 2.150800000000000000e+04 3.000000000000000000e+00 1.200000000000000000e+02 8.333333333333333218e-03 1.686767999999999939e-09
1.999950000000000061e-01 1.718733999999999950e-09 9.910000000000000519e+37 4.847600999999999658e+03 2.150800000000000000e+04 4.000000000000000000e+00 1.300000000000000000e+02 7.692307692307692735e-03 1.718733999999999950e-09
1.999950000000000061e-01 3.166357999999999996e-09 9.910000000000000519e+37 9.063853999999999360e+03 2.150800000000000000e+04 5.000000000000000000e+00 1.400000000000000000e+02 7.142857142857142634e-03 3.166357999999999996e-09
1.999950000000000061e-01 6.433023000000000317e-09 9.910000000000000519e+37 1.024570999999999913e+04 2.150800000000000000e+04 6.000000000000000000e+00 1.500000000000000000e+02 6.666666666666667095e-03 6.433023000000000317e-09
1.999950000000000061e-01 1.730854999999999851e-08 9.910000000000000519e+37 1.131502000000000044e+04 2.150800000000000000e+04 7.000000000000000000e+00 1.600000000000000000e+02 6.250000000000000347e-03 1.730854999999999851e-08
1.999950000000000061e-01 3.640069999999999983e-08 9.910000000000000519e+37 1.207784000000000015e+04 2.150800000000000000e+04 8.000000000000000000e+00 1.700000000000000000e+02 5.882352941176470507e-03 3.640069999999999983e-08
1.999950000000000061e-01 1.139719999999999964e-07 9.910000000000000519e+37 1.287096999999999935e+04 2.150800000000000000e+04 9.000000000000000000e+00 1.800000000000000000e+02 5.555555555555555768e-03 1.139719999999999964e-07
1.999950000000000061e-01 3.771279999999999873e-07 9.910000000000000519e+37 1.396530999999999949e+04 2.150800000000000000e+04 1.000000000000000000e+01 1.900000000000000000e+02 5.263157894736841987e-03 3.771279999999999873e-07
1.999950000000000061e-01 7.409964999999999874e-07 9.910000000000000519e+37 1.440062999999999920e+04 2.150800000000000000e+04 1.100000000000000000e+01 2.000000000000000000e+02 5.000000000000000104e-03 7.409964999999999874e-07
1.999950000000000061e-01 2.208291000000000064e-06 9.910000000000000519e+37 1.550306999999999971e+04 2.150800000000000000e+04 1.200000000000000000e+01 2.100000000000000000e+02 4.761904761904762334e-03 2.208291000000000064e-06
1.999950000000000061e-01 4.935093000000000422e-06 9.910000000000000519e+37 1.620604999999999927e+04 2.150800000000000000e+04 1.300000000000000000e+01 2.200000000000000000e+02 4.545454545454545234e-03 4.935093000000000422e-06
1.999950000000000061e-01 1.191530999999999993e-05 9.910000000000000519e+37 1.689049000000000160e+04 2.150800000000000000e+04 1.400000000000000000e+01 2.300000000000000000e+02 4.347826086956521792e-03 1.191530999999999993e-05
1.999950000000000061e-01 1.665905000000000104e-05 9.910000000000000519e+37 1.723440000000000146e+04 2.150800000000000000e+04 1.500000000000000000e+01 2.400000000000000000e+02 4.166666666666666609e-03 1.665905000000000104e-05
1.999950000000000061e-01 3.582494999999999994e-05 9.910000000000000519e+37 1.804054999999999927e+04 2.150800000000000000e+04 1.600000000000000000e+01 2.530000000000000000e+02 3.952569169960474041e-03 3.582494999999999994e-05
1.999950000000000061e-01 5.642296000000000231e-05 9.910000000000000519e+37 1.862166999999999825e+04 2.150800000000000000e+04 1.700000000000000000e+01 2.630000000000000000e+02 3.802281368821292754e-03 5.642296000000000231e-05
1.999950000000000061e-01 8.061851000000000141e-05 9.910000000000000519e+37 1.903890000000000146e+04 2.150800000000000000e+04 1.800000000000000000e+01 2.700000000000000000e+02 3.703703703703703845e-03 8.061851000000000141e-05
1.999950000000000061e-01 1.199231000000000038e-04 9.910000000000000519e+37 1.939129000000000087e+04 2.150800000000000000e+04 1.900000000000000000e+01 2.800000000000000000e+02 3.571428571428571317e-03 1.199231000000000038e-04
1.999950000000000061e-01 1.910516999999999923e-04 9.910000000000000519e+37 1.991979999999999927e+04 2.150800000000000000e+04 2.000000000000000000e+01 2.900000000000000000e+02 3.448275862068965469e-03 1.910516999999999923e-04
1.999950000000000061e-01 2.847759999999999853e-04 9.910000000000000519e+37 2.086604999999999927e+04 2.150800000000000000e+04 2.100000000000000000e+01 3.000000000000000000e+02 3.333333333333333547e-03 2.847759999999999853e-04
