1.999950000000000061e-01 4.200238000000000153e-09 9.910000000000000519e+37 1.069478000000000065e+03 2.150800000000000000e+04 0.000000000000000000e+00 9.000000000000000000e+01 1.111111111111111154e-02 4.200238000000000153e-09
1.999950000000000061e-01 2.509710999999999917e-09 9.910000000000000519e+37 2.326887000000000171e+03 2.150800000000000000e+04 1.000000000000000000e+00 1.000000000000000000e+02 1.000000000000000021e-02 2.509710999999999917e-09
1.999950000000000061e-01 1.512998999999999937e-09 9.910000000000000519e+37 3.815958999999999833e+03 2.150800000000000000e+04 2.000000000000000000e+00 1.100000000000000000e+02 9.090909090909090468e-03 1.512998999999999937e-09
1.999950000000000061e-01 1.718565000000000052e-09 9.910000000000000519e+37 4.965643000000000029e+03 2.150800000000000000e+04 3.000000000000000000e+00 1.200000000000000000e+02 8.333333333333333218e-03 1.718565000000000052e-09
1.999950000000000061e-01 3.114489000000000162e-09 9.910000000000000519e+37 5.935636999999999716e+03 2.150800000000000000e+04 4.000000000000000000e+00 1.300000000000000000e+02 7.692307692307692735e-03 3.114489000000000162e-09
1.999950000000000061e-01 8.132715999999999567e-09 9.910000000000000519e+37 7.033731999999999971e+03 2.150800000000000000e+04 5.000000000000000000e+00 1.400000000000000000e+02 7.142857142857142634e-03 8.132715999999999567e-09
1.999950000000000061e-01 2.114295999999999995e-08 9.910000000000000519e+37 7.997881000000000313e+03 2.150800000000000000e+04 6.000000000000000000e+00 1.500000000000000000e+02 6.666666666666667095e-03 2.114295999999999995e-08
1.999950000000000061e-01 5.040170000000000060e-08 9.910000000000000519e+37 8.796801999999999680e+03 2.150800000000000000e+04 7.000000000000000000e+00 1.600000000000000000e+02 6.250000000000000347e-03 5.040170000000000060e-08
1.999950000000000061e-01 1.046635000000000028e-07 9.910000000000000519e+37 9.547311999999999898e+03 2.150800000000000000e+04 8.000000000000000000e+00 1.700000000000000000e+02 5.882352941176470507e-03 1.046635000000000028e-07
1.999950000000000061e-01 2.953690000000000027e-07 9.910000000000000519e+37 1.029563999999999942e+04 2.150800000000000000e+04 9.000000000000000000e+00 1.800000000000000000e+02 5.555555555555555768e-03 2.953690000000000027e-07
1.999950000000000061e-01 7.080957000000000135e-07 9.910000000000000519e+37 1.261005999999999949e+04 2.150800000000000000e+04 1.000000000000000000e+01 1.900000000000000000e+02 5.263157894736841987e-03 7.080957000000000135e-07
1.999950000000000061e-01 1.288597999999999982e-06 9.910000000000000519e+37 1.305029999999999927e+04 2.150800000000000000e+04 1.100000000000000000e+01 2.000000000000000000e+02 5.000000000000000104e-03 1.288597999999999982e-06
1.999950000000000061e-01 2.762621999999999788e-06 9.910000000000000519e+37 1.360059000000000015e+04 2.150800000000000000e+04 1.200000000000000000e+01 2.100000000000000000e+02 4.761904761904762334e-03 2.762621999999999788e-06
1.999950000000000061e-01 4.507760000000000019e-06 9.910000000000000519e+37 1.400285000000000036e+04 2.150800000000000000e+04 1.300000000000000000e+01 2.200000000000000000e+02 4.545454545454545234e-03 4.507760000000000019e-06
1.999950000000000061e-01 8.936107999999999248e-06 9.910000000000000519e+37 1.451345999999999913e+04 2.150800000000000000e+04 1.400000000000000000e+01 2.300000000000000000e+02 4.347826086956521792e-03 8.936107999999999248e-06
1.999950000000000061e-01 1.540102999999999915e-05 9.910000000000000519e+37 1.491088999999999942e+04 2.150800000000000000e+04 1.500000000000000000e+01 2.400000000000000000e+02 4.166666666666666609e-03 1.540102999999999915e-05
1.999950000000000061e-01 2.667074999999999871e-05 9.910000000000000519e+37 1.530297999999999956e+04 2.150800000000000000e+04 1.600000000000000000e+01 2.500000000000000000e+02 4.000000000000000083e-03 2.667074999999999871e-05
1.999950000000000061e-01 4.074345999999999768e-05 9.910000000000000519e+37 1.558668000000000029e+04 2.150800000000000000e+04 1.700000000000000000e+01 2.600000000000000000e+02 3.846153846153846367e-03 4.074345999999999768e-05
1.999950000000000061e-01 8.057745000000000218e-05 9.910000000000000519e+37 1.606711000000000058e+04 2.150800000000000000e+04 1.800000000000000000e+01 2.700000000000000000e+02 3.703703703703703845e-03 8.057745000000000218e-05
1.999950000000000061e-01 1.374507000000000018e-04 9.910000000000000519e+37 1.693049000000000160e+04 2.150800000000000000e+04 1.900000000000000000e+01 2.800000000000000000e+02 3.571428571428571317e-03 1.374507000000000018e-04
1.999950000000000061e-01 2.018725000000000022e-04 9.910000000000000519e+37 1.738365999999999985e+04 2.150800000000000000e+04 2.000000000000000000e+01 2.900000000000000000e+02 3.448275862068965469e-03 2.018725000000000022e-04
1.999950000000000061e-01 2.790212000000000248e-04 9.910000000000000519e+37 1.775465999999999985e+04 2.150800000000000000e+04 2.100000000000000000e+01 3.000000000000000000e+02 3.333333333333333547e-03 2.790212000000000248e-04
