1.999950000000000061e-01 2.246540999999999884e-09 9.910000000000000519e+37 1.054249000000000024e+03 2.150800000000000000e+04 0.000000000000000000e+00 9.000000000000000000e+01 1.111111111111111154e-02 2.246540999999999884e-09
1.999950000000000061e-01 2.001336999999999910e-09 9.910000000000000519e+37 1.958074000000000069e+03 2.150800000000000000e+04 1.000000000000000000e+00 1.000000000000000000e+02 1.000000000000000021e-02 2.001336999999999910e-09
1.999950000000000061e-01 3.251816999999999918e-09 9.910000000000000519e+37 3.225391999999999825e+03 2.150800000000000000e+04 2.000000000000000000e+00 1.100000000000000000e+02 9.090909090909090468e-03 3.251816999999999918e-09
1.999950000000000061e-01 4.196359999999999765e-09 9.910000000000000519e+37 6.277740999999999985e+03 2.150800000000000000e+04 3.000000000000000000e+00 1.200000000000000000e+02 8.333333333333333218e-03 4.196359999999999765e-09
1.999950000000000061e-01 6.362659999999999616e-09 9.910000000000000519e+37 7.316033999999999651e+03 2.150800000000000000e+04 4.000000000000000000e+00 1.300000000000000000e+02 7.692307692307692735e-03 6.362659999999999616e-09
1.999950000000000061e-01 1.221176999999999990e-08 9.910000000000000519e+37 8.496771000000000640e+03 2.150800000000000000e+04 5.000000000000000000e+00 1.400000000000000000e+02 7.142857142857142634e-03 1.221176999999999990e-08
1.999950000000000061e-01 2.199867000000000133e-08 9.910000000000000519e+37 9.534781000000000859e+03 2.150800000000000000e+04 6.000000000000000000e+00 1.500000000000000000e+02 6.666666666666667095e-03 2.199867000000000133e-08
1.999950000000000061e-01 4.517262999999999810e-08 9.910000000000000519e+37 1.133489999999999964e+04 2.150800000000000000e+04 7.000000000000000000e+00 1.600000000000000000e+02 6.250000000000000347e-03 4.517262999999999810e-08
1.999950000000000061e-01 3.389596999999999829e-08 9.910000000000000519e+37 1.197920000000000073e+04 2.150800000000000000e+04 8.000000000000000000e+00 1.700000000000000000e+02 5.882352941176470507e-03 3.389596999999999829e-08
1.999950000000000061e-01 2.254107000000000029e-07 9.910000000000000519e+37 1.297669000000000051e+04 2.150800000000000000e+04 9.000000000000000000e+00 1.800000000000000000e+02 5.555555555555555768e-03 2.254107000000000029e-07
1.999950000000000061e-01 3.180759000000000034e-07 9.910000000000000519e+37 1.341796999999999935e+04 2.150800000000000000e+04 1.000000000000000000e+01 1.900000000000000000e+02 5.263157894736841987e-03 3.180759000000000034e-07
1.999950000000000061e-01 8.112792000000000057e-07 9.910000000000000519e+37 1.395096999999999935e+04 2.150800000000000000e+04 1.100000000000000000e+01 2.000000000000000000e+02 5.000000000000000104e-03 8.112792000000000057e-07
1.999950000000000061e-01 1.913927000000000115e-06 9.910000000000000519e+37 1.456576000000000022e+04 2.150800000000000000e+04 1.200000000000000000e+01 2.100000000000000000e+02 4.761904761904762334e-03 1.913927000000000115e-06
1.999950000000000061e-01 3.801016999999999949e-06 9.910000000000000519e+37 1.505327000000000044e+04 2.150800000000000000e+04 1.300000000000000000e+01 2.200000000000000000e+02 4.545454545454545234e-03 3.801016999999999949e-06
1.999950000000000061e-01 7.337389000000000164e-06 9.910000000000000519e+37 1.549162999999999920e+04 2.150800000000000000e+04 1.400000000000000000e+01 2.300000000000000000e+02 4.347826086956521792e-03 7.337389000000000164e-06
1.999950000000000061e-01 1.761358999999999953e-05 9.910000000000000519e+37 1.592047999999999956e+04 2.150800000000000000e+04 1.500000000000000000e+01 2.400000000000000000e+02 4.166666666666666609e-03 1.761358999999999953e-05
1.999950000000000061e-01 3.343795999999999791e-05 9.910000000000000519e+37 1.633009000000000015e+04 2.150800000000000000e+04 1.600000000000000000e+01 2.500000000000000000e+02 4.000000000000000083e-03 3.343795999999999791e-05
1.999950000000000061e-01 5.399210000000000099e-05 9.910000000000000519e+37 1.693018000000000029e+04 2.150800000000000000e+04 1.700000000000000000e+01 2.600000000000000000e+02 3.846153846153846367e-03 5.399210000000000099e-05
1.999950000000000061e-01 9.447678999999999572e-05 9.910000000000000519e+37 1.743883000000000175e+04 2.150800000000000000e+04 1.800000000000000000e+01 2.700000000000000000e+02 3.703703703703703845e-03 9.447678999999999572e-05
1.999950000000000061e-01 1.303944000000000132e-04 9.910000000000000519e+37 1.775284000000000015e+04 2.150800000000000000e+04 1.900000000000000000e+01 2.800000000000000000e+02 3.571428571428571317e-03 1.303944000000000132e-04
1.999950000000000061e-01 2.057561999999999868e-04 9.910000000000000519e+37 1.807904999999999927e+04 2.150800000000000000e+04 2.000000000000000000e+01 2.900000000000000000e+02 3.448275862068965469e-03 2.057561999999999868e-04
1.999950000000000061e-01 2.955367999999999992e-04 9.910000000000000519e+37 1.837079000000000087e+04 2.150800000000000000e+04 2.100000000000000000e+01 3.000000000000000000e+02 3.333333333333333547e-03 2.955367999999999992e-04
