-5.000000000000000409e-06 1.548803999999999897e-09 9.910000000000000519e+37 3.854560999999999922e+02 2.150800000000000000e+04 0.000000000000000000e+00 9.000000000000000000e+01 1.111111111111111154e-02 1.548803999999999897e-09
-5.000000000000000409e-06 4.774617000000000491e-10 9.910000000000000519e+37 1.965276000000000067e+03 2.150800000000000000e+04 1.000000000000000000e+00 1.000000000000000000e+02 1.000000000000000021e-02 4.774617000000000491e-10
-5.000000000000000409e-06 1.347272000000000060e-09 9.910000000000000519e+37 2.884795000000000073e+03 2.150800000000000000e+04 2.000000000000000000e+00 1.100000000000000000e+02 9.090909090909090468e-03 1.347272000000000060e-09
-5.000000000000000409e-06 1.180921000000000000e-09 9.910000000000000519e+37 3.798539000000000215e+03 2.150800000000000000e+04 3.000000000000000000e+00 1.200000000000000000e+02 8.333333333333333218e-03 1.180921000000000000e-09
-5.000000000000000409e-06 1.062408000000000040e-09 9.910000000000000519e+37 4.841631000000000313e+03 2.150800000000000000e+04 4.000000000000000000e+00 1.300000000000000000e+02 7.692307692307692735e-03 1.062408000000000040e-09
-5.000000000000000409e-06 1.215155999999999934e-09 9.910000000000000519e+37 9.057884000000000015e+03 2.150800000000000000e+04 5.000000000000000000e+00 1.400000000000000000e+02 7.142857142857142634e-03 1.215155999999999934e-09
-5.000000000000000409e-06 1.293329000000000012e-09 9.910000000000000519e+37 1.023975000000000000e+04 2.150800000000000000e+04 6.000000000000000000e+00 1.500000000000000000e+02 6.666666666666667095e-03 1.293329000000000012e-09
-5.000000000000000409e-06 1.543945999999999995e-09 9.910000000000000519e+37 1.130905999999999949e+04 2.150800000000000000e+04 7.000000000000000000e+00 1.600000000000000000e+02 6.250000000000000347e-03 1.543945999999999995e-09
-5.000000000000000409e-06 -1.486156999999999958e-08 9.910000000000000519e+37 1.207712000000000080e+04 2.150800000000000000e+04 8.000000000000000000e+00 1.700000000000000000e+02 5.882352941176470507e-03 1.486156999999999958e-08
-5.000000000000000409e-06 2.799929999999999863e-09 9.910000000000000519e+37 1.287026000000000022e+04 2.150800000000000000e+04 9.000000000000000000e+00 1.800000000000000000e+02 5.555555555555555768e-03 2.799929999999999863e-09
-5.000000000000000409e-06 3.008548999999999844e-08 9.910000000000000519e+37 1.396460000000000036e+04 2.150800000000000000e+04 1.000000000000000000e+01 1.900000000000000000e+02 5.263157894736841987e-03 3.008548999999999844e-08
-5.000000000000000409e-06 2.071643999999999965e-08 9.910000000000000519e+37 1.439992000000000007e+04 2.150800000000000000e+04 1.100000000000000000e+01 2.000000000000000000e+02 5.000000000000000104e-03 2.071643999999999965e-08
-5.000000000000000409e-06 2.907751999999999990e-08 9.910000000000000519e+37 1.550222999999999956e+04 2.150800000000000000e+04 1.200000000000000000e+01 2.100000000000000000e+02 4.761904761904762334e-03 2.907751999999999990e-08
-5.000000000000000409e-06 1.515684999999999983e-08 9.910000000000000519e+37 1.620520999999999913e+04 2.150800000000000000e+04 1.300000000000000000e+01 2.200000000000000000e+02 4.545454545454545234e-03 1.515684999999999983e-08
-5.000000000000000409e-06 3.510041000000000163e-08 9.910000000000000519e+37 1.688950999999999840e+04 2.150800000000000000e+04 1.400000000000000000e+01 2.300000000000000000e+02 4.347826086956521792e-03 3.510041000000000163e-08
-5.000000000000000409e-06 -2.535998000000000035e-08 9.910000000000000519e+37 1.723341999999999825e+04 2.150800000000000000e+04 1.500000000000000000e+01 2.400000000000000000e+02 4.166666666666666609e-03 2.535998000000000035e-08
-5.000000000000000409e-06 6.532877999999999658e-09 9.910000000000000519e+37 1.803956999999999971e+04 2.150800000000000000e+04 1.600000000000000000e+01 2.530000000000000000e+02 3.952569169960474041e-03 6.532877999999999658e-09
-5.000000000000000409e-06 3.590867999999999805e-08 9.910000000000000519e+37 1.862068000000000029e+04 2.150800000000000000e+04 1.700000000000000000e+01 2.630000000000000000e+02 3.802281368821292754e-03 3.590867999999999805e-08
-5.000000000000000409e-06 -2.511157000000000120e-09 9.910000000000000519e+37 1.903790999999999985e+04 2.150800000000000000e+04 1.800000000000000000e+01 2.700000000000000000e+02 3.703703703703703845e-03 2.511157000000000120e-09
-5.000000000000000409e-06 1.048589999999999995e-08 9.910000000000000519e+37 1.939029999999999927e+04 2.150800000000000000e+04 1.900000000000000000e+01 2.800000000000000000e+02 3.571428571428571317e-03 1.048589999999999995e-08
-5.000000000000000409e-06 2.943701000000000069e-08 9.910000000000000519e+37 1.991881000000000131e+04 2.150800000000000000e+04 2.000000000000000000e+01 2.900000000000000000e+02 3.448275862068965469e-03 2.943701000000000069e-08
-5.000000000000000409e-06 4.727165999999999886e-08 9.910000000000000519e+37 2.086506999999999971e+04 2.150800000000000000e+04 2.100000000000000000e+01 3.000000000000000000e+02 3.333333333333333547e-03 4.727165999999999886e-08
