-5.000000000000000409e-06 2.064925000000000110e-11 9.910000000000000519e+37 3.425452000000000226e+03 2.150800000000000000e+04 0.000000000000000000e+00 9.000000000000000000e+01 1.111111111111111154e-02 2.064925000000000110e-11
-5.000000000000000409e-06 9.416544000000000068e-12 9.910000000000000519e+37 4.429317000000000007e+03 2.150800000000000000e+04 1.000000000000000000e+00 1.000000000000000000e+02 1.000000000000000021e-02 9.416544000000000068e-12
-5.000000000000000409e-06 8.800026999999999415e-11 9.910000000000000519e+37 5.381912000000000262e+03 2.150800000000000000e+04 2.000000000000000000e+00 1.100000000000000000e+02 9.090909090909090468e-03 8.800026999999999415e-11
-5.000000000000000409e-06 5.337078000000000172e-12 9.910000000000000519e+37 6.203604999999999563e+03 2.150800000000000000e+04 3.000000000000000000e+00 1.200000000000000000e+02 8.333333333333333218e-03 5.337078000000000172e-12
-5.000000000000000409e-06 -6.322396999999999682e-12 9.910000000000000519e+37 7.200823999999999614e+03 2.150800000000000000e+04 4.000000000000000000e+00 1.300000000000000000e+02 7.692307692307692735e-03 6.322396999999999682e-12
-5.000000000000000409e-06 -4.220089999999999641e-12 9.910000000000000519e+37 8.202243000000000393e+03 2.150800000000000000e+04 5.000000000000000000e+00 1.400000000000000000e+02 7.142857142857142634e-03 4.220089999999999641e-12
-5.000000000000000409e-06 -5.241998000000000137e-12 9.910000000000000519e+37 9.027966000000000349e+03 2.150800000000000000e+04 6.000000000000000000e+00 1.500000000000000000e+02 6.666666666666667095e-03 5.241998000000000137e-12
-5.000000000000000409e-06 -6.448161000000000033e-12 9.910000000000000519e+37 9.806602000000000771e+03 2.150800000000000000e+04 7.000000000000000000e+00 1.600000000000000000e+02 6.250000000000000347e-03 6.448161000000000033e-12
-5.000000000000000409e-06 -5.675986999999999830e-09 9.910000000000000519e+37 1.056020999999999913e+04 2.150800000000000000e+04 8.000000000000000000e+00 1.700000000000000000e+02 5.882352941176470507e-03 5.675986999999999830e-09
-5.000000000000000409e-06 5.725268000000000210e-09 9.910000000000000519e+37 1.104156999999999971e+04 2.150800000000000000e+04 9.000000000000000000e+00 1.800000000000000000e+02 5.555555555555555768e-03 5.725268000000000210e-09
-5.000000000000000409e-06 6.434457000000000004e-09 9.910000000000000519e+37 1.152409000000000015e+04 2.150800000000000000e+04 1.000000000000000000e+01 1.900000000000000000e+02 5.263157894736841987e-03 6.434457000000000004e-09
-5.000000000000000409e-06 -4.139491000000000052e-09 9.910000000000000519e+37 1.202882999999999993e+04 2.150800000000000000e+04 1.100000000000000000e+01 2.000000000000000000e+02 5.000000000000000104e-03 4.139491000000000052e-09
-5.000000000000000409e-06 -3.034893000000000001e-11 9.910000000000000519e+37 1.257198999999999978e+04 2.150800000000000000e+04 1.200000000000000000e+01 2.100000000000000000e+02 4.761904761904762334e-03 3.034893000000000001e-11
-5.000000000000000409e-06 7.286398999999999666e-09 9.910000000000000519e+37 1.327295999999999913e+04 2.150800000000000000e+04 1.300000000000000000e+01 2.200000000000000000e+02 4.545454545454545234e-03 7.286398999999999666e-09
-5.000000000000000409e-06 3.066775999999999998e-09 9.910000000000000519e+37 1.400996999999999935e+04 2.150800000000000000e+04 1.400000000000000000e+01 2.300000000000000000e+02 4.347826086956521792e-03 3.066775999999999998e-09
-5.000000000000000409e-06 8.676049000000000135e-09 9.910000000000000519e+37 1.436787000000000080e+04 2.150800000000000000e+04 1.500000000000000000e+01 2.400000000000000000e+02 4.166666666666666609e-03 8.676049000000000135e-09
-5.000000000000000409e-06 1.334884999999999987e-09 9.910000000000000519e+37 1.483160000000000036e+04 2.150800000000000000e+04 1.600000000000000000e+01 2.500000000000000000e+02 4.000000000000000083e-03 1.334884999999999987e-09
-5.000000000000000409e-06 1.493449000000000061e-08 9.910000000000000519e+37 1.526120999999999913e+04 2.150800000000000000e+04 1.700000000000000000e+01 2.600000000000000000e+02 3.846153846153846367e-03 1.493449000000000061e-08
-5.000000000000000409e-06 1.844647999999999936e-08 9.910000000000000519e+37 1.568810000000000036e+04 2.150800000000000000e+04 1.800000000000000000e+01 2.700000000000000000e+02 3.703703703703703845e-03 1.844647999999999936e-08
-5.000000000000000409e-06 2.837476000000000056e-08 9.910000000000000519e+37 1.615080999999999949e+04 2.150800000000000000e+04 1.900000000000000000e+01 2.800000000000000000e+02 3.571428571428571317e-03 2.837476000000000056e-08
-5.000000000000000409e-06 2.849277999999999846e-08 9.910000000000000519e+37 1.654225000000000000e+04 2.150800000000000000e+04 2.000000000000000000e+01 2.900000000000000000e+02 3.448275862068965469e-03 2.849277999999999846e-08
-5.000000000000000409e-06 3.479456999999999682e-08 9.910000000000000519e+37 1.731061000000000058e+04 2.150800000000000000e+04 2.100000000000000000e+01 3.000000000000000000e+02 3.333333333333333547e-03 3.479456999999999682e-08
