-2.000049999999999883e-01 8.503291999999999508e-10 9.910000000000000519e+37 3.794882999999999811e+02 2.150800000000000000e+04 0.000000000000000000e+00 9.000000000000000000e+01 1.111111111111111154e-02 8.503291999999999508e-10
-2.000049999999999883e-01 -1.034983000000000054e-10 9.910000000000000519e+37 1.959303000000000111e+03 2.150800000000000000e+04 1.000000000000000000e+00 1.000000000000000000e+02 1.000000000000000021e-02 1.034983000000000054e-10
-2.000049999999999883e-01 8.400384000000000343e-10 9.910000000000000519e+37 2.878824999999999818e+03 2.150800000000000000e+04 2.000000000000000000e+00 1.100000000000000000e+02 9.090909090909090468e-03 8.400384000000000343e-10
-2.000049999999999883e-01 5.289216999999999934e-10 9.910000000000000519e+37 3.792568999999999960e+03 2.150800000000000000e+04 3.000000000000000000e+00 1.200000000000000000e+02 8.333333333333333218e-03 5.289216999999999934e-10
-2.000049999999999883e-01 -1.738464999999999952e-10 9.910000000000000519e+37 4.835659999999999854e+03 2.150800000000000000e+04 4.000000000000000000e+00 1.300000000000000000e+02 7.692307692307692735e-03 1.738464999999999952e-10
-2.000049999999999883e-01 -2.645943000000000197e-09 9.910000000000000519e+37 9.051915000000000873e+03 2.150800000000000000e+04 5.000000000000000000e+00 1.400000000000000000e+02 7.142857142857142634e-03 2.645943000000000197e-09
-2.000049999999999883e-01 -7.476873000000000594e-09 9.910000000000000519e+37 1.023378000000000065e+04 2.150800000000000000e+04 6.000000000000000000e+00 1.500000000000000000e+02 6.666666666666667095e-03 7.476873000000000594e-09
-2.000049999999999883e-01 -2.204278000000000027e-08 9.910000000000000519e+37 1.130309000000000015e+04 2.150800000000000000e+04 7.000000000000000000e+00 1.600000000000000000e+02 6.250000000000000347e-03 2.204278000000000027e-08
-2.000049999999999883e-01 -1.236998999999999938e-08 9.910000000000000519e+37 1.207640999999999985e+04 2.150800000000000000e+04 8.000000000000000000e+00 1.700000000000000000e+02 5.882352941176470507e-03 1.236998999999999938e-08
-2.000049999999999883e-01 -1.154143999999999988e-07 9.910000000000000519e+37 1.286954999999999927e+04 2.150800000000000000e+04 9.000000000000000000e+00 1.800000000000000000e+02 5.555555555555555768e-03 1.154143999999999988e-07
-2.000049999999999883e-01 -3.851161999999999767e-07 9.910000000000000519e+37 1.396387999999999920e+04 2.150800000000000000e+04 1.000000000000000000e+01 1.900000000000000000e+02 5.263157894736841987e-03 3.851161999999999767e-07
-2.000049999999999883e-01 -6.897331999999999839e-07 9.910000000000000519e+37 1.439921999999999935e+04 2.150800000000000000e+04 1.100000000000000000e+01 2.000000000000000000e+02 5.000000000000000104e-03 6.897331999999999839e-07
-2.000049999999999883e-01 -1.802264999999999972e-06 9.910000000000000519e+37 1.550122999999999956e+04 2.150800000000000000e+04 1.200000000000000000e+01 2.100000000000000000e+02 4.761904761904762334e-03 1.802264999999999972e-06
-2.000049999999999883e-01 -3.801899999999999971e-06 9.910000000000000519e+37 1.620442000000000007e+04 2.150800000000000000e+04 1.300000000000000000e+01 2.200000000000000000e+02 4.545454545454545234e-03 3.801899999999999971e-06
-2.000049999999999883e-01 -9.095833000000000501e-06 9.910000000000000519e+37 1.688872999999999956e+04 2.150800000000000000e+04 1.400000000000000000e+01 2.300000000000000000e+02 4.347826086956521792e-03 9.095833000000000501e-06
-2.000049999999999883e-01 -1.264186000000000063e-05 9.910000000000000519e+37 1.723256999999999971e+04 2.150800000000000000e+04 1.500000000000000000e+01 2.400000000000000000e+02 4.166666666666666609e-03 1.264186000000000063e-05
-2.000049999999999883e-01 -2.708618000000000026e-05 9.910000000000000519e+37 1.803870999999999913e+04 2.150800000000000000e+04 1.600000000000000000e+01 2.530000000000000000e+02 3.952569169960474041e-03 2.708618000000000026e-05
-2.000049999999999883e-01 -4.298397999999999905e-05 9.910000000000000519e+37 1.861983000000000175e+04 2.150800000000000000e+04 1.700000000000000000e+01 2.630000000000000000e+02 3.802281368821292754e-03 4.298397999999999905e-05
-2.000049999999999883e-01 -6.183358000000000235e-05 9.910000000000000519e+37 1.903706000000000131e+04 2.150800000000000000e+04 1.800000000000000000e+01 2.700000000000000000e+02 3.703703703703703845e-03 6.183358000000000235e-05
-2.000049999999999883e-01 -9.305973000000000153e-05 9.910000000000000519e+37 1.938945000000000073e+04 2.150800000000000000e+04 1.900000000000000000e+01 2.800000000000000000e+02 3.571428571428571317e-03 9.305973000000000153e-05
-2.000049999999999883e-01 -1.507629000000000130e-04 9.910000000000000519e+37 1.991795999999999913e+04 2.150800000000000000e+04 2.000000000000000000e+01 2.900000000000000000e+02 3.448275862068965469e-03 1.507629000000000130e-04
-2.000049999999999883e-01 -2.291810999999999935e-04 9.910000000000000519e+37 2.086420999999999913e+04 2.150800000000000000e+04 2.100000000000000000e+01 3.000000000000000000e+02 3.333333333333333547e-03 2.291810999999999935e-04
