-1.000049999999999967e-01 -1.106732000000000030e-10 9.910000000000000519e+37 6.721719000000000506e+02 2.150800000000000000e+04 0.000000000000000000e+00 9.000000000000000000e+01 1.111111111111111154e-02 1.106732000000000030e-10
-1.000049999999999967e-01 -1.804731000000000041e-10 9.910000000000000519e+37 2.308242000000000189e+03 2.150800000000000000e+04 1.000000000000000000e+00 1.000000000000000000e+02 1.000000000000000021e-02 1.804731000000000041e-10
-1.000049999999999967e-01 -2.049256000000000032e-10 9.910000000000000519e+37 3.196239000000000033e+03 2.150800000000000000e+04 2.000000000000000000e+00 1.100000000000000000e+02 9.090909090909090468e-03 2.049256000000000032e-10
-1.000049999999999967e-01 -4.382354999999999907e-10 9.910000000000000519e+37 4.162484000000000378e+03 2.150800000000000000e+04 3.000000000000000000e+00 1.200000000000000000e+02 8.333333333333333218e-03 4.382354999999999907e-10
-1.000049999999999967e-01 -9.250097000000000012e-10 9.910000000000000519e+37 7.282992000000000189e+03 2.150800000000000000e+04 4.000000000000000000e+00 1.300000000000000000e+02 7.692307692307692735e-03 9.250097000000000012e-10
-1.000049999999999967e-01 -1.151068999999999926e-09 9.910000000000000519e+37 9.151347999999999956e+03 2.150800000000000000e+04 5.000000000000000000e+00 1.400000000000000000e+02 7.142857142857142634e-03 1.151068999999999926e-09
-1.000049999999999967e-01 -4.324632000000000002e-09 9.910000000000000519e+37 1.002444000000000051e+04 2.150800000000000000e+04 6.000000000000000000e+00 1.500000000000000000e+02 6.666666666666667095e-03 4.324632000000000002e-09
-1.000049999999999967e-01 -1.242375000000000065e-08 9.910000000000000519e+37 1.093779000000000087e+04 2.150800000000000000e+04 7.000000000000000000e+00 1.600000000000000000e+02 6.250000000000000347e-03 1.242375000000000065e-08
-1.000049999999999967e-01 -2.965277000000000037e-08 9.910000000000000519e+37 1.166884000000000015e+04 2.150800000000000000e+04 8.000000000000000000e+00 1.700000000000000000e+02 5.882352941176470507e-03 2.965277000000000037e-08
-1.000049999999999967e-01 -4.538930000000000000e-08 9.910000000000000519e+37 1.236200000000000000e+04 2.150800000000000000e+04 9.000000000000000000e+00 1.800000000000000000e+02 5.555555555555555768e-03 4.538930000000000000e-08
-1.000049999999999967e-01 -1.359831999999999917e-07 9.910000000000000519e+37 1.287877000000000044e+04 2.150800000000000000e+04 1.000000000000000000e+01 1.900000000000000000e+02 5.263157894736841987e-03 1.359831999999999917e-07
-1.000049999999999967e-01 -3.147809999999999915e-07 9.910000000000000519e+37 1.420711000000000058e+04 2.150800000000000000e+04 1.100000000000000000e+01 2.000000000000000000e+02 5.000000000000000104e-03 3.147809999999999915e-07
-1.000049999999999967e-01 -1.063391000000000023e-06 9.910000000000000519e+37 1.533989999999999964e+04 2.150800000000000000e+04 1.200000000000000000e+01 2.100000000000000000e+02 4.761904761904762334e-03 1.063391000000000023e-06
-1.000049999999999967e-01 -1.342115000000000024e-06 9.910000000000000519e+37 1.560696999999999935e+04 2.150800000000000000e+04 1.300000000000000000e+01 2.200000000000000000e+02 4.545454545454545234e-03 1.342115000000000024e-06
-1.000049999999999967e-01 -2.995152000000000084e-06 9.910000000000000519e+37 1.609560000000000036e+04 2.150800000000000000e+04 1.400000000000000000e+01 2.300000000000000000e+02 4.347826086956521792e-03 2.995152000000000084e-06
-1.000049999999999967e-01 -5.382790999999999909e-06 9.910000000000000519e+37 1.646895000000000073e+04 2.150800000000000000e+04 1.500000000000000000e+01 2.400000000000000000e+02 4.166666666666666609e-03 5.382790999999999909e-06
-1.000049999999999967e-01 -9.668107000000000640e-06 9.910000000000000519e+37 1.680684999999999854e+04 2.150800000000000000e+04 1.600000000000000000e+01 2.500000000000000000e+02 4.000000000000000083e-03 9.668107000000000640e-06
-1.000049999999999967e-01 -1.920279999999999849e-05 9.910000000000000519e+37 1.720974000000000160e+04 2.150800000000000000e+04 1.700000000000000000e+01 2.600000000000000000e+02 3.846153846153846367e-03 1.920279999999999849e-05
-1.000049999999999967e-01 -3.136001999999999930e-05 9.910000000000000519e+37 1.760513000000000102e+04 2.150800000000000000e+04 1.800000000000000000e+01 2.700000000000000000e+02 3.703703703703703845e-03 3.136001999999999930e-05
-1.000049999999999967e-01 -5.147328999999999994e-05 9.910000000000000519e+37 1.802702999999999884e+04 2.150800000000000000e+04 1.900000000000000000e+01 2.800000000000000000e+02 3.571428571428571317e-03 5.147328999999999994e-05
-1.000049999999999967e-01 -8.039209000000000502e-05 9.910000000000000519e+37 1.843586000000000058e+04 2.150800000000000000e+04 2.000000000000000000e+01 2.900000000000000000e+02 3.448275862068965469e-03 8.039209000000000502e-05
-1.000049999999999967e-01 -1.263899000000000077e-04 9.910000000000000519e+37 1.890343999999999869e+04 2.150800000000000000e+04 2.100000000000000000e+01 3.000000000000000000e+02 3.333333333333333547e-03 1.263899000000000077e-04
