1.999950000000000061e-01 2.959999000000000058e-11 9.910000000000000519e+37 7.265839999999999463e+02 2.150800000000000000e+04 0.000000000000000000e+00 9.000000000000000000e+01 1.111111111111111154e-02 2.959999000000000058e-11
1.999950000000000061e-01 1.448664000000000056e-11 9.910000000000000519e+37 1.707969000000000051e+03 2.150800000000000000e+04 1.000000000000000000e+00 1.000000000000000000e+02 1.000000000000000021e-02 1.448664000000000056e-11
1.999950000000000061e-01 -3.506608000000000198e-12 9.910000000000000519e+37 2.609757000000000062e+03 2.150800000000000000e+04 2.000000000000000000e+00 1.100000000000000000e+02 9.090909090909090468e-03 3.506608000000000198e-12
1.999950000000000061e-01 5.466614999999999765e-11 9.910000000000000519e+37 3.724932999999999993e+03 2.150800000000000000e+04 3.000000000000000000e+00 1.200000000000000000e+02 8.333333333333333218e-03 5.466614999999999765e-11
1.999950000000000061e-01 3.955317000000000022e-10 9.910000000000000519e+37 4.861082999999999629e+03 2.150800000000000000e+04 4.000000000000000000e+00 1.300000000000000000e+02 7.692307692307692735e-03 3.955317000000000022e-10
1.999950000000000061e-01 1.249407999999999911e-09 9.910000000000000519e+37 5.541310000000000400e+03 2.150800000000000000e+04 5.000000000000000000e+00 1.400000000000000000e+02 7.142857142857142634e-03 1.249407999999999911e-09
1.999950000000000061e-01 6.945376999999999724e-09 9.910000000000000519e+37 7.725033000000000357e+03 2.150800000000000000e+04 6.000000000000000000e+00 1.500000000000000000e+02 6.666666666666667095e-03 6.945376999999999724e-09
1.999950000000000061e-01 2.249407999999999849e-08 9.910000000000000519e+37 8.958799000000000888e+03 2.150800000000000000e+04 7.000000000000000000e+00 1.600000000000000000e+02 6.250000000000000347e-03 2.249407999999999849e-08
1.999950000000000061e-01 5.284859000000000062e-08 9.910000000000000519e+37 9.754251000000000204e+03 2.150800000000000000e+04 8.000000000000000000e+00 1.700000000000000000e+02 5.882352941176470507e-03 5.284859000000000062e-08
1.999950000000000061e-01 1.843172999999999984e-07 9.910000000000000519e+37 1.096102000000000044e+04 2.150800000000000000e+04 9.000000000000000000e+00 1.800000000000000000e+02 5.555555555555555768e-03 1.843172999999999984e-07
1.999950000000000061e-01 5.675783999999999706e-07 9.910000000000000519e+37 1.328214999999999964e+04 2.150800000000000000e+04 1.000000000000000000e+01 1.900000000000000000e+02 5.263157894736841987e-03 5.675783999999999706e-07
1.999950000000000061e-01 1.263356999999999922e-06 9.910000000000000519e+37 1.482534000000000015e+04 2.150800000000000000e+04 1.100000000000000000e+01 2.000000000000000000e+02 5.000000000000000104e-03 1.263356999999999922e-06
1.999950000000000061e-01 2.134877999999999908e-06 9.910000000000000519e+37 1.544701000000000022e+04 2.150800000000000000e+04 1.200000000000000000e+01 2.100000000000000000e+02 4.761904761904762334e-03 2.134877999999999908e-06
1.999950000000000061e-01 4.396840999999999633e-06 9.910000000000000519e+37 1.597525000000000000e+04 2.150800000000000000e+04 1.300000000000000000e+01 2.200000000000000000e+02 4.545454545454545234e-03 4.396840999999999633e-06
1.999950000000000061e-01 8.146016000000000037e-06 9.910000000000000519e+37 1.638529000000000087e+04 2.150800000000000000e+04 1.400000000000000000e+01 2.300000000000000000e+02 4.347826086956521792e-03 8.146016000000000037e-06
1.999950000000000061e-01 1.579754999999999921e-05 9.910000000000000519e+37 1.680088999999999942e+04 2.150800000000000000e+04 1.500000000000000000e+01 2.400000000000000000e+02 4.166666666666666609e-03 1.579754999999999921e-05
1.999950000000000061e-01 2.932195999999999869e-05 9.910000000000000519e+37 1.726190000000000146e+04 2.150800000000000000e+04 1.600000000000000000e+01 2.500000000000000000e+02 4.000000000000000083e-03 2.932195999999999869e-05
1.999950000000000061e-01 4.789771000000000122e-05 9.910000000000000519e+37 1.767640999999999985e+04 2.150800000000000000e+04 1.700000000000000000e+01 2.600000000000000000e+02 3.846153846153846367e-03 4.789771000000000122e-05
1.999950000000000061e-01 8.005857999999999811e-05 9.910000000000000519e+37 1.812577999999999884e+04 2.150800000000000000e+04 1.800000000000000000e+01 2.700000000000000000e+02 3.703703703703703845e-03 8.005857999999999811e-05
1.999950000000000061e-01 1.172591999999999970e-04 9.910000000000000519e+37 1.848038000000000102e+04 2.150800000000000000e+04 1.900000000000000000e+01 2.800000000000000000e+02 3.571428571428571317e-03 1.172591999999999970e-04
1.999950000000000061e-01 1.845512999999999960e-04 9.910000000000000519e+37 1.887722000000000116e+04 2.150800000000000000e+04 2.000000000000000000e+01 2.900000000000000000e+02 3.448275862068965469e-03 1.845512999999999960e-04
1.999950000000000061e-01 2.986201000000000176e-04 9.910000000000000519e+37 2.280125000000000000e+04 2.150800000000000000e+04 2.100000000000000000e+01 3.000000000000000000e+02 3.333333333333333547e-03 2.986201000000000176e-04
