-2.000049999999999883e-01 1.671038999999999993e-10 9.910000000000000519e+37 1.042307999999999993e+03 2.150800000000000000e+04 0.000000000000000000e+00 9.000000000000000000e+01 1.111111111111111154e-02 1.671038999999999993e-10
-2.000049999999999883e-01 -1.415748999999999936e-10 9.910000000000000519e+37 1.946135999999999967e+03 2.150800000000000000e+04 1.000000000000000000e+00 1.000000000000000000e+02 1.000000000000000021e-02 1.415748999999999936e-10
-2.000049999999999883e-01 -4.848565999999999695e-10 9.910000000000000519e+37 3.213449000000000069e+03 2.150800000000000000e+04 2.000000000000000000e+00 1.100000000000000000e+02 9.090909090909090468e-03 4.848565999999999695e-10
-2.000049999999999883e-01 -1.918704000000000036e-09 9.910000000000000519e+37 6.265798999999999978e+03 2.150800000000000000e+04 3.000000000000000000e+00 1.200000000000000000e+02 8.333333333333333218e-03 1.918704000000000036e-09
-2.000049999999999883e-01 -4.239697999999999932e-09 9.910000000000000519e+37 7.304092999999999847e+03 2.150800000000000000e+04 4.000000000000000000e+00 1.300000000000000000e+02 7.692307692307692735e-03 4.239697999999999932e-09
-2.000049999999999883e-01 -1.051866000000000057e-08 9.910000000000000519e+37 8.484828999999999724e+03 2.150800000000000000e+04 5.000000000000000000e+00 1.400000000000000000e+02 7.142857142857142634e-03 1.051866000000000057e-08
-2.000049999999999883e-01 -2.080773999999999995e-08 9.910000000000000519e+37 9.522841000000000349e+03 2.150800000000000000e+04 6.000000000000000000e+00 1.500000000000000000e+02 6.666666666666667095e-03 2.080773999999999995e-08
-2.000049999999999883e-01 -4.706746000000000158e-08 9.910000000000000519e+37 1.132295999999999913e+04 2.150800000000000000e+04 7.000000000000000000e+00 1.600000000000000000e+02 6.250000000000000347e-03 4.706746000000000158e-08
-2.000049999999999883e-01 -8.920209000000000252e-08 9.910000000000000519e+37 1.197778000000000065e+04 2.150800000000000000e+04 8.000000000000000000e+00 1.700000000000000000e+02 5.882352941176470507e-03 8.920209000000000252e-08
-2.000049999999999883e-01 -1.756411999999999886e-07 9.910000000000000519e+37 1.297527000000000044e+04 2.150800000000000000e+04 9.000000000000000000e+00 1.800000000000000000e+02 5.555555555555555768e-03 1.756411999999999886e-07
-2.000049999999999883e-01 -2.942939999999999749e-07 9.910000000000000519e+37 1.341654000000000087e+04 2.150800000000000000e+04 1.000000000000000000e+01 1.900000000000000000e+02 5.263157894736841987e-03 2.942939999999999749e-07
-2.000049999999999883e-01 -6.806548000000000447e-07 9.910000000000000519e+37 1.394954999999999927e+04 2.150800000000000000e+04 1.100000000000000000e+01 2.000000000000000000e+02 5.000000000000000104e-03 6.806548000000000447e-07
-2.000049999999999883e-01 -1.611351000000000067e-06 9.910000000000000519e+37 1.456385000000000036e+04 2.150800000000000000e+04 1.200000000000000000e+01 2.100000000000000000e+02 4.761904761904762334e-03 1.611351000000000067e-06
-2.000049999999999883e-01 -3.081413999999999802e-06 9.910000000000000519e+37 1.505164999999999964e+04 2.150800000000000000e+04 1.300000000000000000e+01 2.200000000000000000e+02 4.545454545454545234e-03 3.081413999999999802e-06
-2.000049999999999883e-01 -5.635779000000000374e-06 9.910000000000000519e+37 1.549001000000000022e+04 2.150800000000000000e+04 1.400000000000000000e+01 2.300000000000000000e+02 4.347826086956521792e-03 5.635779000000000374e-06
-2.000049999999999883e-01 -1.336726999999999950e-05 9.910000000000000519e+37 1.591864999999999964e+04 2.150800000000000000e+04 1.500000000000000000e+01 2.400000000000000000e+02 4.166666666666666609e-03 1.336726999999999950e-05
-2.000049999999999883e-01 -2.539909999999999878e-05 9.910000000000000519e+37 1.632825000000000000e+04 2.150800000000000000e+04 1.600000000000000000e+01 2.500000000000000000e+02 4.000000000000000083e-03 2.539909999999999878e-05
-2.000049999999999883e-01 -4.117197000000000283e-05 9.910000000000000519e+37 1.692834000000000015e+04 2.150800000000000000e+04 1.700000000000000000e+01 2.600000000000000000e+02 3.846153846153846367e-03 4.117197000000000283e-05
-2.000049999999999883e-01 -7.275167000000000135e-05 9.910000000000000519e+37 1.743699000000000160e+04 2.150800000000000000e+04 1.800000000000000000e+01 2.700000000000000000e+02 3.703703703703703845e-03 7.275167000000000135e-05
-2.000049999999999883e-01 -1.011622999999999987e-04 9.910000000000000519e+37 1.775100000000000000e+04 2.150800000000000000e+04 1.900000000000000000e+01 2.800000000000000000e+02 3.571428571428571317e-03 1.011622999999999987e-04
-2.000049999999999883e-01 -1.621263999999999865e-04 9.910000000000000519e+37 1.807720999999999913e+04 2.150800000000000000e+04 2.000000000000000000e+01 2.900000000000000000e+02 3.448275862068965469e-03 1.621263999999999865e-04
-2.000049999999999883e-01 -2.366311000000000120e-04 9.910000000000000519e+37 1.836895999999999913e+04 2.150800000000000000e+04 2.100000000000000000e+01 3.000000000000000000e+02 3.333333333333333547e-03 2.366311000000000120e-04
