-5.000000000000000409e-06 2.810968000000000048e-09 9.910000000000000519e+37 1.063507000000000062e+03 2.150800000000000000e+04 0.000000000000000000e+00 9.000000000000000000e+01 1.111111111111111154e-02 2.810968000000000048e-09
-5.000000000000000409e-06 1.248305999999999970e-09 9.910000000000000519e+37 2.320916000000000167e+03 2.150800000000000000e+04 1.000000000000000000e+00 1.000000000000000000e+02 1.000000000000000021e-02 1.248305999999999970e-09
-5.000000000000000409e-06 5.560473000000000264e-10 9.910000000000000519e+37 3.809989000000000033e+03 2.150800000000000000e+04 2.000000000000000000e+00 1.100000000000000000e+02 9.090909090909090468e-03 5.560473000000000264e-10
-5.000000000000000409e-06 5.287285999999999602e-10 9.910000000000000519e+37 4.959672999999999774e+03 2.150800000000000000e+04 3.000000000000000000e+00 1.200000000000000000e+02 8.333333333333333218e-03 5.287285999999999602e-10
-5.000000000000000409e-06 5.685622000000000283e-10 9.910000000000000519e+37 5.929663999999999760e+03 2.150800000000000000e+04 4.000000000000000000e+00 1.300000000000000000e+02 7.692307692307692735e-03 5.685622000000000283e-10
-5.000000000000000409e-06 4.852714999999999822e-10 9.910000000000000519e+37 7.027761999999999716e+03 2.150800000000000000e+04 5.000000000000000000e+00 1.400000000000000000e+02 7.142857142857142634e-03 4.852714999999999822e-10
-5.000000000000000409e-06 5.192723000000000164e-10 9.910000000000000519e+37 7.991908000000000357e+03 2.150800000000000000e+04 6.000000000000000000e+00 1.500000000000000000e+02 6.666666666666667095e-03 5.192723000000000164e-10
-5.000000000000000409e-06 5.873724999999999794e-10 9.910000000000000519e+37 8.790828999999999724e+03 2.150800000000000000e+04 7.000000000000000000e+00 1.600000000000000000e+02 6.250000000000000347e-03 5.873724999999999794e-10
-5.000000000000000409e-06 1.044261999999999925e-08 9.910000000000000519e+37 9.546599000000000160e+03 2.150800000000000000e+04 8.000000000000000000e+00 1.700000000000000000e+02 5.882352941176470507e-03 1.044261999999999925e-08
-5.000000000000000409e-06 -2.611960000000000150e-09 9.910000000000000519e+37 1.029493000000000029e+04 2.150800000000000000e+04 9.000000000000000000e+00 1.800000000000000000e+02 5.555555555555555768e-03 2.611960000000000150e-09
-5.000000000000000409e-06 -1.397429999999999961e-08 9.910000000000000519e+37 1.260935000000000036e+04 2.150800000000000000e+04 1.000000000000000000e+01 1.900000000000000000e+02 5.263157894736841987e-03 1.397429999999999961e-08
-5.000000000000000409e-06 1.288941999999999911e-09 9.910000000000000519e+37 1.304945000000000073e+04 2.150800000000000000e+04 1.100000000000000000e+01 2.000000000000000000e+02 5.000000000000000104e-03 1.288941999999999911e-09
-5.000000000000000409e-06 2.612341999999999911e-09 9.910000000000000519e+37 1.359975000000000000e+04 2.150800000000000000e+04 1.200000000000000000e+01 2.100000000000000000e+02 4.761904761904762334e-03 2.612341999999999911e-09
-5.000000000000000409e-06 8.819877999999999722e-09 9.910000000000000519e+37 1.400201000000000022e+04 2.150800000000000000e+04 1.300000000000000000e+01 2.200000000000000000e+02 4.545454545454545234e-03 8.819877999999999722e-09
-5.000000000000000409e-06 -4.011412000000000127e-09 9.910000000000000519e+37 1.451262000000000080e+04 2.150800000000000000e+04 1.400000000000000000e+01 2.300000000000000000e+02 4.347826086956521792e-03 4.011412000000000127e-09
-5.000000000000000409e-06 1.543952000000000047e-08 9.910000000000000519e+37 1.490989999999999964e+04 2.150800000000000000e+04 1.500000000000000000e+01 2.400000000000000000e+02 4.166666666666666609e-03 1.543952000000000047e-08
-5.000000000000000409e-06 -5.098083999999999866e-09 9.910000000000000519e+37 1.530200000000000000e+04 2.150800000000000000e+04 1.600000000000000000e+01 2.500000000000000000e+02 4.000000000000000083e-03 5.098083999999999866e-09
-5.000000000000000409e-06 1.346150999999999935e-08 9.910000000000000519e+37 1.558570000000000073e+04 2.150800000000000000e+04 1.700000000000000000e+01 2.600000000000000000e+02 3.846153846153846367e-03 1.346150999999999935e-08
-5.000000000000000409e-06 2.027526000000000139e-08 9.910000000000000519e+37 1.606612999999999920e+04 2.150800000000000000e+04 1.800000000000000000e+01 2.700000000000000000e+02 3.703703703703703845e-03 2.027526000000000139e-08
-5.000000000000000409e-06 2.892202999999999882e-08 9.910000000000000519e+37 1.692950999999999840e+04 2.150800000000000000e+04 1.900000000000000000e+01 2.800000000000000000e+02 3.571428571428571317e-03 2.892202999999999882e-08
-5.000000000000000409e-06 5.410980000000000189e-08 9.910000000000000519e+37 1.738268000000000029e+04 2.150800000000000000e+04 2.000000000000000000e+01 2.900000000000000000e+02 3.448275862068965469e-03 5.410980000000000189e-08
-5.000000000000000409e-06 4.714994999999999929e-08 9.910000000000000519e+37 1.775366999999999825e+04 2.150800000000000000e+04 2.100000000000000000e+01 3.000000000000000000e+02 3.333333333333333547e-03 4.714994999999999929e-08
