1.999950000000000061e-01 -7.677937000000000346e-11 9.910000000000000519e+37 6.811278999999999542e+02 2.150800000000000000e+04 0.000000000000000000e+00 9.000000000000000000e+01 1.111111111111111154e-02 7.677937000000000346e-11
1.999950000000000061e-01 -1.890895000000000117e-10 9.910000000000000519e+37 2.317197999999999865e+03 2.150800000000000000e+04 1.000000000000000000e+00 1.000000000000000000e+02 1.000000000000000021e-02 1.890895000000000117e-10
1.999950000000000061e-01 -8.617664000000000548e-11 9.910000000000000519e+37 3.205195999999999913e+03 2.150800000000000000e+04 2.000000000000000000e+00 1.100000000000000000e+02 9.090909090909090468e-03 8.617664000000000548e-11
1.999950000000000061e-01 -3.164715999999999869e-10 9.910000000000000519e+37 4.171440999999999804e+03 2.150800000000000000e+04 3.000000000000000000e+00 1.200000000000000000e+02 8.333333333333333218e-03 3.164715999999999869e-10
1.999950000000000061e-01 1.232988000000000085e-10 9.910000000000000519e+37 7.291948000000000320e+03 2.150800000000000000e+04 4.000000000000000000e+00 1.300000000000000000e+02 7.692307692307692735e-03 1.232988000000000085e-10
1.999950000000000061e-01 4.790069000000000284e-10 9.910000000000000519e+37 9.160306000000000495e+03 2.150800000000000000e+04 5.000000000000000000e+00 1.400000000000000000e+02 7.142857142857142634e-03 4.790069000000000284e-10
1.999950000000000061e-01 5.975827999999999808e-09 9.910000000000000519e+37 1.003338999999999942e+04 2.150800000000000000e+04 6.000000000000000000e+00 1.500000000000000000e+02 6.666666666666667095e-03 5.975827999999999808e-09
1.999950000000000061e-01 2.346822999999999931e-08 9.910000000000000519e+37 1.094673999999999978e+04 2.150800000000000000e+04 7.000000000000000000e+00 1.600000000000000000e+02 6.250000000000000347e-03 2.346822999999999931e-08
1.999950000000000061e-01 6.500697000000000470e-08 9.910000000000000519e+37 1.167779000000000087e+04 2.150800000000000000e+04 8.000000000000000000e+00 1.700000000000000000e+02 5.882352941176470507e-03 6.500697000000000470e-08
1.999950000000000061e-01 1.939153999999999948e-07 9.910000000000000519e+37 1.236306999999999971e+04 2.150800000000000000e+04 9.000000000000000000e+00 1.800000000000000000e+02 5.555555555555555768e-03 1.939153999999999948e-07
1.999950000000000061e-01 4.259187999999999797e-07 9.910000000000000519e+37 1.287984000000000015e+04 2.150800000000000000e+04 1.000000000000000000e+01 1.900000000000000000e+02 5.263157894736841987e-03 4.259187999999999797e-07
1.999950000000000061e-01 9.367649000000000187e-07 9.910000000000000519e+37 1.420818000000000029e+04 2.150800000000000000e+04 1.100000000000000000e+01 2.000000000000000000e+02 5.000000000000000104e-03 9.367649000000000187e-07
1.999950000000000061e-01 2.953708999999999811e-06 9.910000000000000519e+37 1.534115999999999985e+04 2.150800000000000000e+04 1.200000000000000000e+01 2.100000000000000000e+02 4.761904761904762334e-03 2.953708999999999811e-06
1.999950000000000061e-01 3.855312999999999895e-06 9.910000000000000519e+37 1.560823999999999978e+04 2.150800000000000000e+04 1.300000000000000000e+01 2.200000000000000000e+02 4.545454545454545234e-03 3.855312999999999895e-06
1.999950000000000061e-01 8.500114000000000115e-06 9.910000000000000519e+37 1.609687999999999920e+04 2.150800000000000000e+04 1.400000000000000000e+01 2.300000000000000000e+02 4.347826086956521792e-03 8.500114000000000115e-06
1.999950000000000061e-01 1.511232999999999969e-05 9.910000000000000519e+37 1.647036000000000058e+04 2.150800000000000000e+04 1.500000000000000000e+01 2.400000000000000000e+02 4.166666666666666609e-03 1.511232999999999969e-05
1.999950000000000061e-01 2.690281000000000001e-05 9.910000000000000519e+37 1.680825000000000000e+04 2.150800000000000000e+04 1.600000000000000000e+01 2.500000000000000000e+02 4.000000000000000083e-03 2.690281000000000001e-05
1.999950000000000061e-01 5.186449999999999784e-05 9.910000000000000519e+37 1.721122999999999956e+04 2.150800000000000000e+04 1.700000000000000000e+01 2.600000000000000000e+02 3.846153846153846367e-03 5.186449999999999784e-05
1.999950000000000061e-01 8.300160000000000166e-05 9.910000000000000519e+37 1.760661999999999898e+04 2.150800000000000000e+04 1.800000000000000000e+01 2.700000000000000000e+02 3.703703703703703845e-03 8.300160000000000166e-05
1.999950000000000061e-01 1.327203999999999906e-04 9.910000000000000519e+37 1.802845000000000073e+04 2.150800000000000000e+04 1.900000000000000000e+01 2.800000000000000000e+02 3.571428571428571317e-03 1.327203999999999906e-04
1.999950000000000061e-01 2.019772000000000082e-04 9.910000000000000519e+37 1.843727000000000044e+04 2.150800000000000000e+04 2.000000000000000000e+01 2.900000000000000000e+02 3.448275862068965469e-03 2.019772000000000082e-04
1.999950000000000061e-01 3.090535000000000049e-04 9.910000000000000519e+37 1.890491999999999825e+04 2.150800000000000000e+04 2.100000000000000000e+01 3.000000000000000000e+02 3.333333333333333547e-03 3.090535000000000049e-04
