9.999500000000000055e-02 1.816178000000000012e-09 9.910000000000000519e+37 1.051263999999999896e+03 2.150800000000000000e+04 0.000000000000000000e+00 9.000000000000000000e+01 1.111111111111111154e-02 1.816178000000000012e-09
9.999500000000000055e-02 1.913480999999999795e-09 9.910000000000000519e+37 1.955089999999999918e+03 2.150800000000000000e+04 1.000000000000000000e+00 1.000000000000000000e+02 1.000000000000000021e-02 1.913480999999999795e-09
9.999500000000000055e-02 2.296811999999999864e-09 9.910000000000000519e+37 3.222405999999999949e+03 2.150800000000000000e+04 2.000000000000000000e+00 1.100000000000000000e+02 9.090909090909090468e-03 2.296811999999999864e-09
9.999500000000000055e-02 2.474259000000000193e-09 9.910000000000000519e+37 6.274755000000000109e+03 2.150800000000000000e+04 3.000000000000000000e+00 1.200000000000000000e+02 8.333333333333333218e-03 2.474259000000000193e-09
9.999500000000000055e-02 3.725399000000000072e-09 9.910000000000000519e+37 7.313048999999999978e+03 2.150800000000000000e+04 4.000000000000000000e+00 1.300000000000000000e+02 7.692307692307692735e-03 3.725399000000000072e-09
9.999500000000000055e-02 6.710436000000000215e-09 9.910000000000000519e+37 8.493784999999999854e+03 2.150800000000000000e+04 5.000000000000000000e+00 1.400000000000000000e+02 7.142857142857142634e-03 6.710436000000000215e-09
9.999500000000000055e-02 1.144931000000000004e-08 9.910000000000000519e+37 9.531797000000000480e+03 2.150800000000000000e+04 6.000000000000000000e+00 1.500000000000000000e+02 6.666666666666667095e-03 1.144931000000000004e-08
9.999500000000000055e-02 2.195721000000000011e-08 9.910000000000000519e+37 1.133192000000000007e+04 2.150800000000000000e+04 7.000000000000000000e+00 1.600000000000000000e+02 6.250000000000000347e-03 2.195721000000000011e-08
9.999500000000000055e-02 3.801494000000000066e-08 9.910000000000000519e+37 1.197884000000000015e+04 2.150800000000000000e+04 8.000000000000000000e+00 1.700000000000000000e+02 5.882352941176470507e-03 3.801494000000000066e-08
9.999500000000000055e-02 8.583882999999999732e-08 9.910000000000000519e+37 1.297634000000000015e+04 2.150800000000000000e+04 9.000000000000000000e+00 1.800000000000000000e+02 5.555555555555555768e-03 8.583882999999999732e-08
9.999500000000000055e-02 1.860480999999999916e-07 9.910000000000000519e+37 1.341761000000000058e+04 2.150800000000000000e+04 1.000000000000000000e+01 1.900000000000000000e+02 5.263157894736841987e-03 1.860480999999999916e-07
9.999500000000000055e-02 3.389424000000000136e-07 9.910000000000000519e+37 1.395062000000000080e+04 2.150800000000000000e+04 1.100000000000000000e+01 2.000000000000000000e+02 5.000000000000000104e-03 3.389424000000000136e-07
9.999500000000000055e-02 8.433274000000000133e-07 9.910000000000000519e+37 1.456527000000000044e+04 2.150800000000000000e+04 1.200000000000000000e+01 2.100000000000000000e+02 4.761904761904762334e-03 8.433274000000000133e-07
9.999500000000000055e-02 1.672950000000000008e-06 9.910000000000000519e+37 1.505292000000000007e+04 2.150800000000000000e+04 1.300000000000000000e+01 2.200000000000000000e+02 4.545454545454545234e-03 1.672950000000000008e-06
9.999500000000000055e-02 3.258069999999999792e-06 9.910000000000000519e+37 1.549128000000000065e+04 2.150800000000000000e+04 1.400000000000000000e+01 2.300000000000000000e+02 4.347826086956521792e-03 3.258069999999999792e-06
9.999500000000000055e-02 7.851852999999999920e-06 9.910000000000000519e+37 1.591998999999999978e+04 2.150800000000000000e+04 1.500000000000000000e+01 2.400000000000000000e+02 4.166666666666666609e-03 7.851852999999999920e-06
9.999500000000000055e-02 1.502211000000000041e-05 9.910000000000000519e+37 1.632973999999999978e+04 2.150800000000000000e+04 1.600000000000000000e+01 2.500000000000000000e+02 4.000000000000000083e-03 1.502211000000000041e-05
9.999500000000000055e-02 2.446069000000000043e-05 9.910000000000000519e+37 1.692983000000000175e+04 2.150800000000000000e+04 1.700000000000000000e+01 2.600000000000000000e+02 3.846153846153846367e-03 2.446069000000000043e-05
9.999500000000000055e-02 4.316919999999999997e-05 9.910000000000000519e+37 1.743847999999999956e+04 2.150800000000000000e+04 1.800000000000000000e+01 2.700000000000000000e+02 3.703703703703703845e-03 4.316919999999999997e-05
9.999500000000000055e-02 5.998073000000000196e-05 9.910000000000000519e+37 1.775234000000000015e+04 2.150800000000000000e+04 1.900000000000000000e+01 2.800000000000000000e+02 3.571428571428571317e-03 5.998073000000000196e-05
9.999500000000000055e-02 9.560958999999999951e-05 9.910000000000000519e+37 1.807856000000000131e+04 2.150800000000000000e+04 2.000000000000000000e+01 2.900000000000000000e+02 3.448275862068965469e-03 9.560958999999999951e-05
9.999500000000000055e-02 1.383284999999999886e-04 9.910000000000000519e+37 1.837045000000000073e+04 2.150800000000000000e+04 2.100000000000000000e+01 3.000000000000000000e+02 3.333333333333333547e-03 1.383284999999999886e-04
