-5.000000000000000409e-06 -1.745659999999999894e-11 9.910000000000000519e+37 7.206123000000000047e+02 2.150800000000000000e+04 0.000000000000000000e+00 9.000000000000000000e+01 1.111111111111111154e-02 1.745659999999999894e-11
-5.000000000000000409e-06 -1.604572000000000001e-11 9.910000000000000519e+37 1.701998000000000047e+03 2.150800000000000000e+04 1.000000000000000000e+00 1.000000000000000000e+02 1.000000000000000021e-02 1.604572000000000001e-11
-5.000000000000000409e-06 -3.860423000000000019e-11 9.910000000000000519e+37 2.603786999999999807e+03 2.150800000000000000e+04 2.000000000000000000e+00 1.100000000000000000e+02 9.090909090909090468e-03 3.860423000000000019e-11
-5.000000000000000409e-06 -1.477307999999999868e-11 9.910000000000000519e+37 3.718960999999999785e+03 2.150800000000000000e+04 3.000000000000000000e+00 1.200000000000000000e+02 8.333333333333333218e-03 1.477307999999999868e-11
-5.000000000000000409e-06 -2.328762000000000049e-11 9.910000000000000519e+37 4.855110999999999876e+03 2.150800000000000000e+04 4.000000000000000000e+00 1.300000000000000000e+02 7.692307692307692735e-03 2.328762000000000049e-11
-5.000000000000000409e-06 -1.770910999999999945e-11 9.910000000000000519e+37 5.535337999999999738e+03 2.150800000000000000e+04 5.000000000000000000e+00 1.400000000000000000e+02 7.142857142857142634e-03 1.770910999999999945e-11
-5.000000000000000409e-06 -2.174648999999999895e-11 9.910000000000000519e+37 7.719063000000000102e+03 2.150800000000000000e+04 6.000000000000000000e+00 1.500000000000000000e+02 6.666666666666667095e-03 2.174648999999999895e-11
-5.000000000000000409e-06 -3.066291000000000025e-11 9.910000000000000519e+37 8.952826999999999316e+03 2.150800000000000000e+04 7.000000000000000000e+00 1.600000000000000000e+02 6.250000000000000347e-03 3.066291000000000025e-11
-5.000000000000000409e-06 -2.342172999999999859e-11 9.910000000000000519e+37 9.748280000000000655e+03 2.150800000000000000e+04 8.000000000000000000e+00 1.700000000000000000e+02 5.882352941176470507e-03 2.342172999999999859e-11
-5.000000000000000409e-06 1.560696000000000118e-11 9.910000000000000519e+37 1.095504999999999927e+04 2.150800000000000000e+04 9.000000000000000000e+00 1.800000000000000000e+02 5.555555555555555768e-03 1.560696000000000118e-11
-5.000000000000000409e-06 7.556769999999999435e-11 9.910000000000000519e+37 1.327618000000000029e+04 2.150800000000000000e+04 1.000000000000000000e+01 1.900000000000000000e+02 5.263157894736841987e-03 7.556769999999999435e-11
-5.000000000000000409e-06 1.627801000000000116e-10 9.910000000000000519e+37 1.481818000000000029e+04 2.150800000000000000e+04 1.100000000000000000e+01 2.000000000000000000e+02 5.000000000000000104e-03 1.627801000000000116e-10
-5.000000000000000409e-06 -1.133332000000000073e-09 9.910000000000000519e+37 1.544615999999999985e+04 2.150800000000000000e+04 1.200000000000000000e+01 2.100000000000000000e+02 4.761904761904762334e-03 1.133332000000000073e-09
-5.000000000000000409e-06 -4.853708999999999870e-09 9.910000000000000519e+37 1.597439999999999964e+04 2.150800000000000000e+04 1.300000000000000000e+01 2.200000000000000000e+02 4.545454545454545234e-03 4.853708999999999870e-09
-5.000000000000000409e-06 1.017399000000000076e-08 9.910000000000000519e+37 1.638445000000000073e+04 2.150800000000000000e+04 1.400000000000000000e+01 2.300000000000000000e+02 4.347826086956521792e-03 1.017399000000000076e-08
-5.000000000000000409e-06 -2.418527000000000203e-09 9.910000000000000519e+37 1.679990999999999985e+04 2.150800000000000000e+04 1.500000000000000000e+01 2.400000000000000000e+02 4.166666666666666609e-03 2.418527000000000203e-09
-5.000000000000000409e-06 1.490997999999999942e-08 9.910000000000000519e+37 1.726090999999999985e+04 2.150800000000000000e+04 1.600000000000000000e+01 2.500000000000000000e+02 4.000000000000000083e-03 1.490997999999999942e-08
-5.000000000000000409e-06 5.519905000000000286e-09 9.910000000000000519e+37 1.767543000000000029e+04 2.150800000000000000e+04 1.700000000000000000e+01 2.600000000000000000e+02 3.846153846153846367e-03 5.519905000000000286e-09
-5.000000000000000409e-06 1.060159999999999946e-08 9.910000000000000519e+37 1.812479000000000087e+04 2.150800000000000000e+04 1.800000000000000000e+01 2.700000000000000000e+02 3.703703703703703845e-03 1.060159999999999946e-08
-5.000000000000000409e-06 1.732758999999999972e-08 9.910000000000000519e+37 1.847925000000000000e+04 2.150800000000000000e+04 1.900000000000000000e+01 2.800000000000000000e+02 3.571428571428571317e-03 1.732758999999999972e-08
-5.000000000000000409e-06 3.898812999999999986e-08 9.910000000000000519e+37 1.887624000000000160e+04 2.150800000000000000e+04 2.000000000000000000e+01 2.900000000000000000e+02 3.448275862068965469e-03 3.898812999999999986e-08
-5.000000000000000409e-06 4.615582000000000202e-08 9.910000000000000519e+37 2.280027000000000044e+04 2.150800000000000000e+04 2.100000000000000000e+01 3.000000000000000000e+02 3.333333333333333547e-03 4.615582000000000202e-08
