-1.000049999999999967e-01 1.599891000000000054e-09 9.910000000000000519e+37 3.824716999999999985e+02 2.150800000000000000e+04 0.000000000000000000e+00 9.000000000000000000e+01 1.111111111111111154e-02 1.599891000000000054e-09
-1.000049999999999967e-01 2.794646999999999831e-10 9.910000000000000519e+37 1.962288000000000011e+03 2.150800000000000000e+04 1.000000000000000000e+00 1.000000000000000000e+02 1.000000000000000021e-02 2.794646999999999831e-10
-1.000049999999999967e-01 1.017402000000000040e-09 9.910000000000000519e+37 2.881811000000000149e+03 2.150800000000000000e+04 2.000000000000000000e+00 1.100000000000000000e+02 9.090909090909090468e-03 1.017402000000000040e-09
-1.000049999999999967e-01 8.657830000000000076e-10 9.910000000000000519e+37 3.795554000000000087e+03 2.150800000000000000e+04 3.000000000000000000e+00 1.200000000000000000e+02 8.333333333333333218e-03 8.657830000000000076e-10
-1.000049999999999967e-01 5.955803000000000180e-10 9.910000000000000519e+37 4.838645999999999731e+03 2.150800000000000000e+04 4.000000000000000000e+00 1.300000000000000000e+02 7.692307692307692735e-03 5.955803000000000180e-10
-1.000049999999999967e-01 -1.963682000000000106e-10 9.910000000000000519e+37 9.054898999999999432e+03 2.150800000000000000e+04 5.000000000000000000e+00 1.400000000000000000e+02 7.142857142857142634e-03 1.963682000000000106e-10
-1.000049999999999967e-01 -1.731574000000000084e-09 9.910000000000000519e+37 1.023676000000000022e+04 2.150800000000000000e+04 6.000000000000000000e+00 1.500000000000000000e+02 6.666666666666667095e-03 1.731574000000000084e-09
-1.000049999999999967e-01 -7.473737000000000162e-09 9.910000000000000519e+37 1.130606999999999971e+04 2.150800000000000000e+04 7.000000000000000000e+00 1.600000000000000000e+02 6.250000000000000347e-03 7.473737000000000162e-09
-1.000049999999999967e-01 -2.848592999999999864e-08 9.910000000000000519e+37 1.207677000000000044e+04 2.150800000000000000e+04 8.000000000000000000e+00 1.700000000000000000e+02 5.882352941176470507e-03 2.848592999999999864e-08
-1.000049999999999967e-01 -8.540459999999999436e-08 9.910000000000000519e+37 1.286989999999999964e+04 2.150800000000000000e+04 9.000000000000000000e+00 1.800000000000000000e+02 5.555555555555555768e-03 8.540459999999999436e-08
-1.000049999999999967e-01 -1.795759000000000007e-07 9.910000000000000519e+37 1.396423999999999978e+04 2.150800000000000000e+04 1.000000000000000000e+01 1.900000000000000000e+02 5.263157894736841987e-03 1.795759000000000007e-07
-1.000049999999999967e-01 -3.139186999999999905e-07 9.910000000000000519e+37 1.439956999999999971e+04 2.150800000000000000e+04 1.100000000000000000e+01 2.000000000000000000e+02 5.000000000000000104e-03 3.139186999999999905e-07
-1.000049999999999967e-01 -7.699955999999999602e-07 9.910000000000000519e+37 1.550187999999999920e+04 2.150800000000000000e+04 1.200000000000000000e+01 2.100000000000000000e+02 4.761904761904762334e-03 7.699955999999999602e-07
-1.000049999999999967e-01 -1.744317000000000015e-06 9.910000000000000519e+37 1.620478000000000065e+04 2.150800000000000000e+04 1.300000000000000000e+01 2.200000000000000000e+02 4.545454545454545234e-03 1.744317000000000015e-06
-1.000049999999999967e-01 -4.192154000000000284e-06 9.910000000000000519e+37 1.688908000000000175e+04 2.150800000000000000e+04 1.400000000000000000e+01 2.300000000000000000e+02 4.347826086956521792e-03 4.192154000000000284e-06
-1.000049999999999967e-01 -5.891054000000000230e-06 9.910000000000000519e+37 1.723299000000000160e+04 2.150800000000000000e+04 1.500000000000000000e+01 2.400000000000000000e+02 4.166666666666666609e-03 5.891054000000000230e-06
-1.000049999999999967e-01 -1.300355999999999921e-05 9.910000000000000519e+37 1.803906999999999971e+04 2.150800000000000000e+04 1.600000000000000000e+01 2.530000000000000000e+02 3.952569169960474041e-03 1.300355999999999921e-05
-1.000049999999999967e-01 -2.096870000000000136e-05 9.910000000000000519e+37 1.862018000000000029e+04 2.150800000000000000e+04 1.700000000000000000e+01 2.630000000000000000e+02 3.802281368821292754e-03 2.096870000000000136e-05
-1.000049999999999967e-01 -3.049092999999999845e-05 9.910000000000000519e+37 1.903740999999999985e+04 2.150800000000000000e+04 1.800000000000000000e+01 2.700000000000000000e+02 3.703703703703703845e-03 3.049092999999999845e-05
-1.000049999999999967e-01 -4.642702000000000260e-05 9.910000000000000519e+37 1.938979999999999927e+04 2.150800000000000000e+04 1.900000000000000000e+01 2.800000000000000000e+02 3.571428571428571317e-03 4.642702000000000260e-05
-1.000049999999999967e-01 -7.598120000000000362e-05 9.910000000000000519e+37 1.991838999999999942e+04 2.150800000000000000e+04 2.000000000000000000e+01 2.900000000000000000e+02 3.448275862068965469e-03 7.598120000000000362e-05
-1.000049999999999967e-01 -1.164169999999999935e-04 9.910000000000000519e+37 2.086456999999999971e+04 2.150800000000000000e+04 2.100000000000000000e+01 3.000000000000000000e+02 3.333333333333333547e-03 1.164169999999999935e-04
