9.999500000000000055e-02 8.356465000000000583e-12 9.910000000000000519e+37 7.235977000000000317e+02 2.150800000000000000e+04 0.000000000000000000e+00 9.000000000000000000e+01 1.111111111111111154e-02 8.356465000000000583e-12
9.999500000000000055e-02 -5.893395000000000254e-12 9.910000000000000519e+37 1.704982999999999947e+03 2.150800000000000000e+04 1.000000000000000000e+00 1.000000000000000000e+02 1.000000000000000021e-02 5.893395000000000254e-12
9.999500000000000055e-02 1.356444000000000031e-11 9.910000000000000519e+37 2.606771000000000186e+03 2.150800000000000000e+04 2.000000000000000000e+00 1.100000000000000000e+02 9.090909090909090468e-03 1.356444000000000031e-11
9.999500000000000055e-02 1.812888999999999870e-11 9.910000000000000519e+37 3.721945999999999913e+03 2.150800000000000000e+04 3.000000000000000000e+00 1.200000000000000000e+02 8.333333333333333218e-03 1.812888999999999870e-11
9.999500000000000055e-02 1.012123000000000016e-10 9.910000000000000519e+37 4.858096999999999753e+03 2.150800000000000000e+04 4.000000000000000000e+00 1.300000000000000000e+02 7.692307692307692735e-03 1.012123000000000016e-10
9.999500000000000055e-02 3.804072000000000199e-10 9.910000000000000519e+37 5.538323999999999614e+03 2.150800000000000000e+04 5.000000000000000000e+00 1.400000000000000000e+02 7.142857142857142634e-03 3.804072000000000199e-10
9.999500000000000055e-02 2.663881000000000016e-09 9.910000000000000519e+37 7.722047999999999774e+03 2.150800000000000000e+04 6.000000000000000000e+00 1.500000000000000000e+02 6.666666666666667095e-03 2.663881000000000016e-09
9.999500000000000055e-02 9.518657000000000582e-09 9.910000000000000519e+37 8.955813000000000102e+03 2.150800000000000000e+04 7.000000000000000000e+00 1.600000000000000000e+02 6.250000000000000347e-03 9.518657000000000582e-09
9.999500000000000055e-02 2.302314999999999861e-08 9.910000000000000519e+37 9.751265999999999622e+03 2.150800000000000000e+04 8.000000000000000000e+00 1.700000000000000000e+02 5.882352941176470507e-03 2.302314999999999861e-08
9.999500000000000055e-02 8.059445000000000472e-08 9.910000000000000519e+37 1.095804000000000087e+04 2.150800000000000000e+04 9.000000000000000000e+00 1.800000000000000000e+02 5.555555555555555768e-03 8.059445000000000472e-08
9.999500000000000055e-02 2.484227999999999896e-07 9.910000000000000519e+37 1.327917000000000007e+04 2.150800000000000000e+04 1.000000000000000000e+01 1.900000000000000000e+02 5.263157894736841987e-03 2.484227999999999896e-07
9.999500000000000055e-02 5.531330000000000072e-07 9.910000000000000519e+37 1.482115999999999985e+04 2.150800000000000000e+04 1.100000000000000000e+01 2.000000000000000000e+02 5.000000000000000104e-03 5.531330000000000072e-07
9.999500000000000055e-02 9.409461000000000059e-07 9.910000000000000519e+37 1.544652000000000044e+04 2.150800000000000000e+04 1.200000000000000000e+01 2.100000000000000000e+02 4.761904761904762334e-03 9.409461000000000059e-07
9.999500000000000055e-02 1.927942000000000099e-06 9.910000000000000519e+37 1.597488999999999942e+04 2.150800000000000000e+04 1.300000000000000000e+01 2.200000000000000000e+02 4.545454545454545234e-03 1.927942000000000099e-06
9.999500000000000055e-02 3.598642999999999860e-06 9.910000000000000519e+37 1.638493999999999869e+04 2.150800000000000000e+04 1.400000000000000000e+01 2.300000000000000000e+02 4.347826086956521792e-03 3.598642999999999860e-06
9.999500000000000055e-02 7.053577000000000111e-06 9.910000000000000519e+37 1.680040000000000146e+04 2.150800000000000000e+04 1.500000000000000000e+01 2.400000000000000000e+02 4.166666666666666609e-03 7.053577000000000111e-06
9.999500000000000055e-02 1.318692000000000045e-05 9.910000000000000519e+37 1.726154999999999927e+04 2.150800000000000000e+04 1.600000000000000000e+01 2.500000000000000000e+02 4.000000000000000083e-03 1.318692000000000045e-05
9.999500000000000055e-02 2.166614999999999923e-05 9.910000000000000519e+37 1.767606999999999971e+04 2.150800000000000000e+04 1.700000000000000000e+01 2.600000000000000000e+02 3.846153846153846367e-03 2.166614999999999923e-05
9.999500000000000055e-02 3.652937000000000089e-05 9.910000000000000519e+37 1.812543000000000029e+04 2.150800000000000000e+04 1.800000000000000000e+01 2.700000000000000000e+02 3.703703703703703845e-03 3.652937000000000089e-05
9.999500000000000055e-02 5.390566999999999917e-05 9.910000000000000519e+37 1.847988999999999942e+04 2.150800000000000000e+04 1.900000000000000000e+01 2.800000000000000000e+02 3.571428571428571317e-03 5.390566999999999917e-05
9.999500000000000055e-02 8.564683000000000344e-05 9.910000000000000519e+37 1.887672999999999956e+04 2.150800000000000000e+04 2.000000000000000000e+01 2.900000000000000000e+02 3.448275862068965469e-03 8.564683000000000344e-05
9.999500000000000055e-02 1.400262000000000045e-04 9.910000000000000519e+37 2.280090999999999985e+04 2.150800000000000000e+04 2.100000000000000000e+01 3.000000000000000000e+02 3.333333333333333547e-03 1.400262000000000045e-04
