-2.000049999999999883e-01 1.675443000000000084e-09 9.910000000000000519e+37 1.057536000000000058e+03 2.150800000000000000e+04 0.000000000000000000e+00 9.000000000000000000e+01 1.111111111111111154e-02 1.675443000000000084e-09
-2.000049999999999883e-01 8.026597000000000438e-12 9.910000000000000519e+37 2.314945999999999913e+03 2.150800000000000000e+04 1.000000000000000000e+00 1.000000000000000000e+02 1.000000000000000021e-02 8.026597000000000438e-12
-2.000049999999999883e-01 -4.078992999999999916e-10 9.910000000000000519e+37 3.804018000000000029e+03 2.150800000000000000e+04 2.000000000000000000e+00 1.100000000000000000e+02 9.090909090909090468e-03 4.078992999999999916e-10
-2.000049999999999883e-01 -7.642039000000000105e-10 9.910000000000000519e+37 4.953701000000000022e+03 2.150800000000000000e+04 3.000000000000000000e+00 1.200000000000000000e+02 8.333333333333333218e-03 7.642039000000000105e-10
-2.000049999999999883e-01 -2.183907999999999941e-09 9.910000000000000519e+37 5.923693000000000211e+03 2.150800000000000000e+04 4.000000000000000000e+00 1.300000000000000000e+02 7.692307692307692735e-03 2.183907999999999941e-09
-2.000049999999999883e-01 -7.370668999999999831e-09 9.910000000000000519e+37 7.021792000000000371e+03 2.150800000000000000e+04 5.000000000000000000e+00 1.400000000000000000e+02 7.142857142857142634e-03 7.370668999999999831e-09
-2.000049999999999883e-01 -1.887727000000000093e-08 9.910000000000000519e+37 7.985939000000000306e+03 2.150800000000000000e+04 6.000000000000000000e+00 1.500000000000000000e+02 6.666666666666667095e-03 1.887727000000000093e-08
-2.000049999999999883e-01 -4.216222999999999783e-08 9.910000000000000519e+37 8.784858000000000175e+03 2.150800000000000000e+04 7.000000000000000000e+00 1.600000000000000000e+02 6.250000000000000347e-03 4.216222999999999783e-08
-2.000049999999999883e-01 -1.022985999999999999e-07 9.910000000000000519e+37 9.545886000000000422e+03 2.150800000000000000e+04 8.000000000000000000e+00 1.700000000000000000e+02 5.882352941176470507e-03 1.022985999999999999e-07
-2.000049999999999883e-01 -2.161089999999999931e-07 9.910000000000000519e+37 1.029420999999999913e+04 2.150800000000000000e+04 9.000000000000000000e+00 1.800000000000000000e+02 5.555555555555555768e-03 2.161089999999999931e-07
-2.000049999999999883e-01 -5.084550999999999483e-07 9.910000000000000519e+37 1.260863999999999942e+04 2.150800000000000000e+04 1.000000000000000000e+01 1.900000000000000000e+02 5.263157894736841987e-03 5.084550999999999483e-07
-2.000049999999999883e-01 -9.382980000000000286e-07 9.910000000000000519e+37 1.304873999999999978e+04 2.150800000000000000e+04 1.100000000000000000e+01 2.000000000000000000e+02 5.000000000000000104e-03 9.382980000000000286e-07
-2.000049999999999883e-01 -2.023724999999999839e-06 9.910000000000000519e+37 1.359896999999999935e+04 2.150800000000000000e+04 1.200000000000000000e+01 2.100000000000000000e+02 4.761904761904762334e-03 2.023724999999999839e-06
-2.000049999999999883e-01 -3.345785000000000019e-06 9.910000000000000519e+37 1.400121999999999935e+04 2.150800000000000000e+04 1.300000000000000000e+01 2.200000000000000000e+02 4.545454545454545234e-03 3.345785000000000019e-06
-2.000049999999999883e-01 -6.724535999999999884e-06 9.910000000000000519e+37 1.451184000000000015e+04 2.150800000000000000e+04 1.400000000000000000e+01 2.300000000000000000e+02 4.347826086956521792e-03 6.724535999999999884e-06
-2.000049999999999883e-01 -1.160542999999999944e-05 9.910000000000000519e+37 1.490904999999999927e+04 2.150800000000000000e+04 1.500000000000000000e+01 2.400000000000000000e+02 4.166666666666666609e-03 1.160542999999999944e-05
-2.000049999999999883e-01 -2.013537000000000166e-05 9.910000000000000519e+37 1.530114999999999964e+04 2.150800000000000000e+04 1.600000000000000000e+01 2.500000000000000000e+02 4.000000000000000083e-03 2.013537000000000166e-05
-2.000049999999999883e-01 -3.082905000000000259e-05 9.910000000000000519e+37 1.558485000000000036e+04 2.150800000000000000e+04 1.700000000000000000e+01 2.600000000000000000e+02 3.846153846153846367e-03 3.082905000000000259e-05
-2.000049999999999883e-01 -6.171695000000000208e-05 9.910000000000000519e+37 1.606527000000000044e+04 2.150800000000000000e+04 1.800000000000000000e+01 2.700000000000000000e+02 3.703703703703703845e-03 6.171695000000000208e-05
-2.000049999999999883e-01 -1.070169000000000019e-04 9.910000000000000519e+37 1.692865999999999985e+04 2.150800000000000000e+04 1.900000000000000000e+01 2.800000000000000000e+02 3.571428571428571317e-03 1.070169000000000019e-04
-2.000049999999999883e-01 -1.592664000000000037e-04 9.910000000000000519e+37 1.738183000000000175e+04 2.150800000000000000e+04 2.000000000000000000e+01 2.900000000000000000e+02 3.448275862068965469e-03 1.592664000000000037e-04
-2.000049999999999883e-01 -2.232303000000000098e-04 9.910000000000000519e+37 1.775281999999999971e+04 2.150800000000000000e+04 2.100000000000000000e+01 3.000000000000000000e+02 3.333333333333333547e-03 2.232303000000000098e-04
