9.999500000000000055e-02 -1.459785999999999895e-10 9.910000000000000519e+37 6.781426000000000158e+02 2.150800000000000000e+04 0.000000000000000000e+00 9.000000000000000000e+01 1.111111111111111154e-02 1.459785999999999895e-10
9.999500000000000055e-02 -2.643720000000000048e-10 9.910000000000000519e+37 2.314211999999999989e+03 2.150800000000000000e+04 1.000000000000000000e+00 1.000000000000000000e+02 1.000000000000000021e-02 2.643720000000000048e-10
9.999500000000000055e-02 -3.216848999999999796e-10 9.910000000000000519e+37 3.202210999999999785e+03 2.150800000000000000e+04 2.000000000000000000e+00 1.100000000000000000e+02 9.090909090909090468e-03 3.216848999999999796e-10
9.999500000000000055e-02 -3.940606000000000175e-10 9.910000000000000519e+37 4.168456000000000131e+03 2.150800000000000000e+04 3.000000000000000000e+00 1.200000000000000000e+02 8.333333333333333218e-03 3.940606000000000175e-10
9.999500000000000055e-02 -3.361809999999999788e-10 9.910000000000000519e+37 7.288962999999999738e+03 2.150800000000000000e+04 4.000000000000000000e+00 1.300000000000000000e+02 7.692307692307692735e-03 3.361809999999999788e-10
9.999500000000000055e-02 -1.026875999999999939e-10 9.910000000000000519e+37 9.157319999999999709e+03 2.150800000000000000e+04 5.000000000000000000e+00 1.400000000000000000e+02 7.142857142857142634e-03 1.026875999999999939e-10
9.999500000000000055e-02 2.187731000000000166e-09 9.910000000000000519e+37 1.003040999999999985e+04 2.150800000000000000e+04 6.000000000000000000e+00 1.500000000000000000e+02 6.666666666666667095e-03 2.187731000000000166e-09
9.999500000000000055e-02 9.581361000000000824e-09 9.910000000000000519e+37 1.094375000000000000e+04 2.150800000000000000e+04 7.000000000000000000e+00 1.600000000000000000e+02 6.250000000000000347e-03 9.581361000000000824e-09
9.999500000000000055e-02 2.760832000000000088e-08 9.910000000000000519e+37 1.167480999999999949e+04 2.150800000000000000e+04 8.000000000000000000e+00 1.700000000000000000e+02 5.882352941176470507e-03 2.760832000000000088e-08
9.999500000000000055e-02 5.919811999999999699e-08 9.910000000000000519e+37 1.236271999999999935e+04 2.150800000000000000e+04 9.000000000000000000e+00 1.800000000000000000e+02 5.555555555555555768e-03 5.919811999999999699e-08
9.999500000000000055e-02 1.721670000000000090e-07 9.910000000000000519e+37 1.287948999999999978e+04 2.150800000000000000e+04 1.000000000000000000e+01 1.900000000000000000e+02 5.263157894736841987e-03 1.721670000000000090e-07
9.999500000000000055e-02 3.819275000000000164e-07 9.910000000000000519e+37 1.420782999999999993e+04 2.150800000000000000e+04 1.100000000000000000e+01 2.000000000000000000e+02 5.000000000000000104e-03 3.819275000000000164e-07
9.999500000000000055e-02 1.274218999999999904e-06 9.910000000000000519e+37 1.534081999999999971e+04 2.150800000000000000e+04 1.200000000000000000e+01 2.100000000000000000e+02 4.761904761904762334e-03 1.274218999999999904e-06
9.999500000000000055e-02 1.705364000000000076e-06 9.910000000000000519e+37 1.560788999999999942e+04 2.150800000000000000e+04 1.300000000000000000e+01 2.200000000000000000e+02 4.545454545454545234e-03 1.705364000000000076e-06
9.999500000000000055e-02 3.758776999999999909e-06 9.910000000000000519e+37 1.609652000000000044e+04 2.150800000000000000e+04 1.400000000000000000e+01 2.300000000000000000e+02 4.347826086956521792e-03 3.758776999999999909e-06
9.999500000000000055e-02 6.702188999999999876e-06 9.910000000000000519e+37 1.646986999999999898e+04 2.150800000000000000e+04 1.500000000000000000e+01 2.400000000000000000e+02 4.166666666666666609e-03 6.702188999999999876e-06
9.999500000000000055e-02 1.198692000000000008e-05 9.910000000000000519e+37 1.680790999999999985e+04 2.150800000000000000e+04 1.600000000000000000e+01 2.500000000000000000e+02 4.000000000000000083e-03 1.198692000000000008e-05
9.999500000000000055e-02 2.343776999999999905e-05 9.910000000000000519e+37 1.721088000000000102e+04 2.150800000000000000e+04 1.700000000000000000e+01 2.600000000000000000e+02 3.846153846153846367e-03 2.343776999999999905e-05
9.999500000000000055e-02 3.781990000000000021e-05 9.910000000000000519e+37 1.760627000000000044e+04 2.150800000000000000e+04 1.800000000000000000e+01 2.700000000000000000e+02 3.703703703703703845e-03 3.781990000000000021e-05
9.999500000000000055e-02 6.106950000000000204e-05 9.910000000000000519e+37 1.802795000000000073e+04 2.150800000000000000e+04 1.900000000000000000e+01 2.800000000000000000e+02 3.571428571428571317e-03 6.106950000000000204e-05
9.999500000000000055e-02 9.380442000000000066e-05 9.910000000000000519e+37 1.843677999999999884e+04 2.150800000000000000e+04 2.000000000000000000e+01 2.900000000000000000e+02 3.448275862068965469e-03 9.380442000000000066e-05
9.999500000000000055e-02 1.448317999999999980e-04 9.910000000000000519e+37 1.890456999999999971e+04 2.150800000000000000e+04 2.100000000000000000e+01 3.000000000000000000e+02 3.333333333333333547e-03 1.448317999999999980e-04
