-1.000049999999999967e-01 -4.608101999999999826e-11 9.910000000000000519e+37 3.422467000000000098e+03 2.150800000000000000e+04 0.000000000000000000e+00 9.000000000000000000e+01 1.111111111111111154e-02 4.608101999999999826e-11
-1.000049999999999967e-01 -6.371542999999999925e-11 9.910000000000000519e+37 4.426332000000000335e+03 2.150800000000000000e+04 1.000000000000000000e+00 1.000000000000000000e+02 1.000000000000000021e-02 6.371542999999999925e-11
-1.000049999999999967e-01 -1.373651000000000016e-10 9.910000000000000519e+37 5.378926999999999680e+03 2.150800000000000000e+04 2.000000000000000000e+00 1.100000000000000000e+02 9.090909090909090468e-03 1.373651000000000016e-10
-1.000049999999999967e-01 -4.095619999999999966e-10 9.910000000000000519e+37 6.200618000000000393e+03 2.150800000000000000e+04 3.000000000000000000e+00 1.200000000000000000e+02 8.333333333333333218e-03 4.095619999999999966e-10
-1.000049999999999967e-01 -1.539516999999999948e-09 9.910000000000000519e+37 7.197840000000000146e+03 2.150800000000000000e+04 4.000000000000000000e+00 1.300000000000000000e+02 7.692307692307692735e-03 1.539516999999999948e-09
-1.000049999999999967e-01 -4.547545000000000140e-09 9.910000000000000519e+37 8.199257999999999811e+03 2.150800000000000000e+04 5.000000000000000000e+00 1.400000000000000000e+02 7.142857142857142634e-03 4.547545000000000140e-09
-1.000049999999999967e-01 -1.095200999999999928e-08 9.910000000000000519e+37 9.024979999999999563e+03 2.150800000000000000e+04 6.000000000000000000e+00 1.500000000000000000e+02 6.666666666666667095e-03 1.095200999999999928e-08
-1.000049999999999967e-01 -2.534623000000000130e-08 9.910000000000000519e+37 9.803617000000000189e+03 2.150800000000000000e+04 7.000000000000000000e+00 1.600000000000000000e+02 6.250000000000000347e-03 2.534623000000000130e-08
-1.000049999999999967e-01 -5.683980999999999710e-08 9.910000000000000519e+37 1.055985000000000036e+04 2.150800000000000000e+04 8.000000000000000000e+00 1.700000000000000000e+02 5.882352941176470507e-03 5.683980999999999710e-08
-1.000049999999999967e-01 -1.100893000000000036e-07 9.910000000000000519e+37 1.104121999999999935e+04 2.150800000000000000e+04 9.000000000000000000e+00 1.800000000000000000e+02 5.555555555555555768e-03 1.100893000000000036e-07
-1.000049999999999967e-01 -2.103013999999999934e-07 9.910000000000000519e+37 1.152372999999999956e+04 2.150800000000000000e+04 1.000000000000000000e+01 1.900000000000000000e+02 5.263157894736841987e-03 2.103013999999999934e-07
-1.000049999999999967e-01 -4.208811000000000139e-07 9.910000000000000519e+37 1.202846999999999935e+04 2.150800000000000000e+04 1.100000000000000000e+01 2.000000000000000000e+02 5.000000000000000104e-03 4.208811000000000139e-07
-1.000049999999999967e-01 -8.456496999999999758e-07 9.910000000000000519e+37 1.257164999999999964e+04 2.150800000000000000e+04 1.200000000000000000e+01 2.100000000000000000e+02 4.761904761904762334e-03 8.456496999999999758e-07
-1.000049999999999967e-01 -1.795594000000000058e-06 9.910000000000000519e+37 1.327253000000000065e+04 2.150800000000000000e+04 1.300000000000000000e+01 2.200000000000000000e+02 4.545454545454545234e-03 1.795594000000000058e-06
-1.000049999999999967e-01 -3.524536999999999845e-06 9.910000000000000519e+37 1.400954000000000087e+04 2.150800000000000000e+04 1.400000000000000000e+01 2.300000000000000000e+02 4.347826086956521792e-03 3.524536999999999845e-06
-1.000049999999999967e-01 -4.953463999999999945e-06 9.910000000000000519e+37 1.436745000000000073e+04 2.150800000000000000e+04 1.500000000000000000e+01 2.400000000000000000e+02 4.166666666666666609e-03 4.953463999999999945e-06
-1.000049999999999967e-01 -9.627425999999999801e-06 9.910000000000000519e+37 1.483118000000000029e+04 2.150800000000000000e+04 1.600000000000000000e+01 2.500000000000000000e+02 4.000000000000000083e-03 9.627425999999999801e-06
-1.000049999999999967e-01 -1.601530999999999964e-05 9.910000000000000519e+37 1.526070999999999913e+04 2.150800000000000000e+04 1.700000000000000000e+01 2.600000000000000000e+02 3.846153846153846367e-03 1.601530999999999964e-05
-1.000049999999999967e-01 -2.665785000000000092e-05 9.910000000000000519e+37 1.568760000000000036e+04 2.150800000000000000e+04 1.800000000000000000e+01 2.700000000000000000e+02 3.703703703703703845e-03 2.665785000000000092e-05
-1.000049999999999967e-01 -4.530985000000000123e-05 9.910000000000000519e+37 1.615030999999999949e+04 2.150800000000000000e+04 1.900000000000000000e+01 2.800000000000000000e+02 3.571428571428571317e-03 4.530985000000000123e-05
-1.000049999999999967e-01 -6.131742999999999883e-05 9.910000000000000519e+37 1.654183000000000175e+04 2.150800000000000000e+04 2.000000000000000000e+01 2.900000000000000000e+02 3.448275862068965469e-03 6.131742999999999883e-05
-1.000049999999999967e-01 -1.298515999999999885e-04 9.910000000000000519e+37 1.731011000000000058e+04 2.150800000000000000e+04 2.100000000000000000e+01 3.000000000000000000e+02 3.333333333333333547e-03 1.298515999999999885e-04
