9.999500000000000055e-02 -7.339602999999999255e-12 9.910000000000000519e+37 3.428438000000000102e+03 2.150800000000000000e+04 0.000000000000000000e+00 9.000000000000000000e+01 1.111111111111111154e-02 7.339602999999999255e-12
9.999500000000000055e-02 1.519602999999999902e-11 9.910000000000000519e+37 4.432305000000000291e+03 2.150800000000000000e+04 1.000000000000000000e+00 1.000000000000000000e+02 1.000000000000000021e-02 1.519602999999999902e-11
9.999500000000000055e-02 4.887581000000000154e-11 9.910000000000000519e+37 5.384898000000000138e+03 2.150800000000000000e+04 2.000000000000000000e+00 1.100000000000000000e+02 9.090909090909090468e-03 4.887581000000000154e-11
9.999500000000000055e-02 3.801172000000000137e-10 9.910000000000000519e+37 6.206591000000000349e+03 2.150800000000000000e+04 3.000000000000000000e+00 1.200000000000000000e+02 8.333333333333333218e-03 3.801172000000000137e-10
9.999500000000000055e-02 1.482524999999999903e-09 9.910000000000000519e+37 7.203810999999999694e+03 2.150800000000000000e+04 4.000000000000000000e+00 1.300000000000000000e+02 7.692307692307692735e-03 1.482524999999999903e-09
9.999500000000000055e-02 4.542102999999999985e-09 9.910000000000000519e+37 8.205229999999999563e+03 2.150800000000000000e+04 5.000000000000000000e+00 1.400000000000000000e+02 7.142857142857142634e-03 4.542102999999999985e-09
9.999500000000000055e-02 1.141556999999999970e-08 9.910000000000000519e+37 9.030951999999999316e+03 2.150800000000000000e+04 6.000000000000000000e+00 1.500000000000000000e+02 6.666666666666667095e-03 1.141556999999999970e-08
9.999500000000000055e-02 2.856332999999999839e-08 9.910000000000000519e+37 9.809586999999999534e+03 2.150800000000000000e+04 7.000000000000000000e+00 1.600000000000000000e+02 6.250000000000000347e-03 2.856332999999999839e-08
9.999500000000000055e-02 6.950399999999999821e-08 9.910000000000000519e+37 1.056055999999999949e+04 2.150800000000000000e+04 8.000000000000000000e+00 1.700000000000000000e+02 5.882352941176470507e-03 6.950399999999999821e-08
9.999500000000000055e-02 1.339564000000000070e-07 9.910000000000000519e+37 1.104193000000000029e+04 2.150800000000000000e+04 9.000000000000000000e+00 1.800000000000000000e+02 5.555555555555555768e-03 1.339564000000000070e-07
9.999500000000000055e-02 2.713845000000000039e-07 9.910000000000000519e+37 1.152444000000000051e+04 2.150800000000000000e+04 1.000000000000000000e+01 1.900000000000000000e+02 5.263157894736841987e-03 2.713845000000000039e-07
9.999500000000000055e-02 5.586363000000000033e-07 9.910000000000000519e+37 1.202919000000000051e+04 2.150800000000000000e+04 1.100000000000000000e+01 2.000000000000000000e+02 5.000000000000000104e-03 5.586363000000000033e-07
9.999500000000000055e-02 1.117208000000000087e-06 9.910000000000000519e+37 1.257250000000000000e+04 2.150800000000000000e+04 1.200000000000000000e+01 2.100000000000000000e+02 4.761904761904762334e-03 1.117208000000000087e-06
9.999500000000000055e-02 2.324750999999999877e-06 9.910000000000000519e+37 1.327345000000000073e+04 2.150800000000000000e+04 1.300000000000000000e+01 2.200000000000000000e+02 4.545454545454545234e-03 2.324750999999999877e-06
9.999500000000000055e-02 4.473364000000000086e-06 9.910000000000000519e+37 1.401045999999999913e+04 2.150800000000000000e+04 1.400000000000000000e+01 2.300000000000000000e+02 4.347826086956521792e-03 4.473364000000000086e-06
9.999500000000000055e-02 6.265336000000000113e-06 9.910000000000000519e+37 1.436837000000000080e+04 2.150800000000000000e+04 1.500000000000000000e+01 2.400000000000000000e+02 4.166666666666666609e-03 6.265336000000000113e-06
9.999500000000000055e-02 1.198225000000000035e-05 9.910000000000000519e+37 1.483222999999999956e+04 2.150800000000000000e+04 1.600000000000000000e+01 2.500000000000000000e+02 4.000000000000000083e-03 1.198225000000000035e-05
9.999500000000000055e-02 1.971913000000000105e-05 9.910000000000000519e+37 1.526184000000000015e+04 2.150800000000000000e+04 1.700000000000000000e+01 2.600000000000000000e+02 3.846153846153846367e-03 1.971913000000000105e-05
9.999500000000000055e-02 3.235060000000000160e-05 9.910000000000000519e+37 1.568872999999999956e+04 2.150800000000000000e+04 1.800000000000000000e+01 2.700000000000000000e+02 3.703703703703703845e-03 3.235060000000000160e-05
9.999500000000000055e-02 5.402496000000000257e-05 9.910000000000000519e+37 1.615151000000000022e+04 2.150800000000000000e+04 1.900000000000000000e+01 2.800000000000000000e+02 3.571428571428571317e-03 5.402496000000000257e-05
9.999500000000000055e-02 7.241285000000000245e-05 9.910000000000000519e+37 1.654274000000000160e+04 2.150800000000000000e+04 2.000000000000000000e+01 2.900000000000000000e+02 3.448275862068965469e-03 7.241285000000000245e-05
9.999500000000000055e-02 1.486939999999999963e-04 9.910000000000000519e+37 1.731125000000000000e+04 2.150800000000000000e+04 2.100000000000000000e+01 3.000000000000000000e+02 3.333333333333333547e-03 1.486939999999999963e-04
