1.999950000000000061e-01 5.481125000000000033e-11 9.910000000000000519e+37 3.431422999999999774e+03 2.150800000000000000e+04 0.000000000000000000e+00 9.000000000000000000e+01 1.111111111111111154e-02 5.481125000000000033e-11
1.999950000000000061e-01 1.017291999999999975e-10 9.910000000000000519e+37 4.435289999999999964e+03 2.150800000000000000e+04 1.000000000000000000e+00 1.000000000000000000e+02 1.000000000000000021e-02 1.017291999999999975e-10
1.999950000000000061e-01 2.969779999999999747e-10 9.910000000000000519e+37 5.387884000000000015e+03 2.150800000000000000e+04 2.000000000000000000e+00 1.100000000000000000e+02 9.090909090909090468e-03 2.969779999999999747e-10
1.999950000000000061e-01 8.748079999999999842e-10 9.910000000000000519e+37 6.209576000000000022e+03 2.150800000000000000e+04 3.000000000000000000e+00 1.200000000000000000e+02 8.333333333333333218e-03 8.748079999999999842e-10
1.999950000000000061e-01 3.274985000000000143e-09 9.910000000000000519e+37 7.206796000000000276e+03 2.150800000000000000e+04 4.000000000000000000e+00 1.300000000000000000e+02 7.692307692307692735e-03 3.274985000000000143e-09
1.999950000000000061e-01 1.017594000000000033e-08 9.910000000000000519e+37 8.208217000000000553e+03 2.150800000000000000e+04 5.000000000000000000e+00 1.400000000000000000e+02 7.142857142857142634e-03 1.017594000000000033e-08
1.999950000000000061e-01 2.666447000000000067e-08 9.910000000000000519e+37 9.033938000000000102e+03 2.150800000000000000e+04 6.000000000000000000e+00 1.500000000000000000e+02 6.666666666666667095e-03 2.666447000000000067e-08
1.999950000000000061e-01 6.934604000000000386e-08 9.910000000000000519e+37 9.812572000000000116e+03 2.150800000000000000e+04 7.000000000000000000e+00 1.600000000000000000e+02 6.250000000000000347e-03 6.934604000000000386e-08
1.999950000000000061e-01 1.706994999999999993e-07 9.910000000000000519e+37 1.056092000000000007e+04 2.150800000000000000e+04 8.000000000000000000e+00 1.700000000000000000e+02 5.882352941176470507e-03 1.706994999999999993e-07
1.999950000000000061e-01 3.234054999999999904e-07 9.910000000000000519e+37 1.104229000000000087e+04 2.150800000000000000e+04 9.000000000000000000e+00 1.800000000000000000e+02 5.555555555555555768e-03 3.234054999999999904e-07
1.999950000000000061e-01 6.656650999999999644e-07 9.910000000000000519e+37 1.152479999999999927e+04 2.150800000000000000e+04 1.000000000000000000e+01 1.900000000000000000e+02 5.263157894736841987e-03 6.656650999999999644e-07
1.999950000000000061e-01 1.340528000000000051e-06 9.910000000000000519e+37 1.202969000000000051e+04 2.150800000000000000e+04 1.100000000000000000e+01 2.000000000000000000e+02 5.000000000000000104e-03 1.340528000000000051e-06
1.999950000000000061e-01 2.650529000000000030e-06 9.910000000000000519e+37 1.257284000000000015e+04 2.150800000000000000e+04 1.200000000000000000e+01 2.100000000000000000e+02 4.761904761904762334e-03 2.650529000000000030e-06
1.999950000000000061e-01 5.370092000000000253e-06 9.910000000000000519e+37 1.327379999999999927e+04 2.150800000000000000e+04 1.300000000000000000e+01 2.200000000000000000e+02 4.545454545454545234e-03 5.370092000000000253e-06
1.999950000000000061e-01 1.022014000000000004e-05 9.910000000000000519e+37 1.401080999999999949e+04 2.150800000000000000e+04 1.400000000000000000e+01 2.300000000000000000e+02 4.347826086956521792e-03 1.022014000000000004e-05
1.999950000000000061e-01 1.419260999999999929e-05 9.910000000000000519e+37 1.436886000000000058e+04 2.150800000000000000e+04 1.500000000000000000e+01 2.400000000000000000e+02 4.166666666666666609e-03 1.419260999999999929e-05
1.999950000000000061e-01 2.686954000000000024e-05 9.910000000000000519e+37 1.483257999999999993e+04 2.150800000000000000e+04 1.600000000000000000e+01 2.500000000000000000e+02 4.000000000000000083e-03 2.686954000000000024e-05
1.999950000000000061e-01 4.380258999999999900e-05 9.910000000000000519e+37 1.526219000000000051e+04 2.150800000000000000e+04 1.700000000000000000e+01 2.600000000000000000e+02 3.846153846153846367e-03 4.380258999999999900e-05
1.999950000000000061e-01 7.119944999999999811e-05 9.910000000000000519e+37 1.568907999999999993e+04 2.150800000000000000e+04 1.800000000000000000e+01 2.700000000000000000e+02 3.703703703703703845e-03 7.119944999999999811e-05
1.999950000000000061e-01 1.177056000000000001e-04 9.910000000000000519e+37 1.615200000000000000e+04 2.150800000000000000e+04 1.900000000000000000e+01 2.800000000000000000e+02 3.571428571428571317e-03 1.177056000000000001e-04
1.999950000000000061e-01 1.568491999999999890e-04 9.910000000000000519e+37 1.654324000000000160e+04 2.150800000000000000e+04 2.000000000000000000e+01 2.900000000000000000e+02 3.448275862068965469e-03 1.568491999999999890e-04
1.999950000000000061e-01 3.171401000000000233e-04 9.910000000000000519e+37 1.731159000000000015e+04 2.150800000000000000e+04 2.100000000000000000e+01 3.000000000000000000e+02 3.333333333333333547e-03 3.171401000000000233e-04
