-5.000000000000000409e-06 -1.972109000000000122e-10 9.910000000000000519e+37 6.751571999999999889e+02 2.150800000000000000e+04 0.000000000000000000e+00 9.000000000000000000e+01 1.111111111111111154e-02 1.972109000000000122e-10
-5.000000000000000409e-06 -2.374710999999999969e-10 9.910000000000000519e+37 2.311226999999999862e+03 2.150800000000000000e+04 1.000000000000000000e+00 1.000000000000000000e+02 1.000000000000000021e-02 2.374710999999999969e-10
-5.000000000000000409e-06 -1.785233999999999928e-10 9.910000000000000519e+37 3.199224999999999909e+03 2.150800000000000000e+04 2.000000000000000000e+00 1.100000000000000000e+02 9.090909090909090468e-03 1.785233999999999928e-10
-5.000000000000000409e-06 -3.810710999999999974e-10 9.910000000000000519e+37 4.165469000000000051e+03 2.150800000000000000e+04 3.000000000000000000e+00 1.200000000000000000e+02 8.333333333333333218e-03 3.810710999999999974e-10
-5.000000000000000409e-06 -4.124497999999999957e-10 9.910000000000000519e+37 7.285976999999999862e+03 2.150800000000000000e+04 4.000000000000000000e+00 1.300000000000000000e+02 7.692307692307692735e-03 4.124497999999999957e-10
-5.000000000000000409e-06 -4.919298000000000149e-10 9.910000000000000519e+37 9.154333000000000538e+03 2.150800000000000000e+04 5.000000000000000000e+00 1.400000000000000000e+02 7.142857142857142634e-03 4.919298000000000149e-10
-5.000000000000000409e-06 -4.642005000000000143e-10 9.910000000000000519e+37 1.002742000000000007e+04 2.150800000000000000e+04 6.000000000000000000e+00 1.500000000000000000e+02 6.666666666666667095e-03 4.642005000000000143e-10
-5.000000000000000409e-06 -5.004574999999999750e-10 9.910000000000000519e+37 1.094077000000000044e+04 2.150800000000000000e+04 7.000000000000000000e+00 1.600000000000000000e+02 6.250000000000000347e-03 5.004574999999999750e-10
-5.000000000000000409e-06 -5.094838999999999843e-10 9.910000000000000519e+37 1.167181999999999971e+04 2.150800000000000000e+04 8.000000000000000000e+00 1.700000000000000000e+02 5.882352941176470507e-03 5.094838999999999843e-10
-5.000000000000000409e-06 -1.271567000000000020e-08 9.910000000000000519e+37 1.236236000000000058e+04 2.150800000000000000e+04 9.000000000000000000e+00 1.800000000000000000e+02 5.555555555555555768e-03 1.271567000000000020e-08
-5.000000000000000409e-06 -2.074045000000000028e-08 9.910000000000000519e+37 1.287912999999999920e+04 2.150800000000000000e+04 1.000000000000000000e+01 1.900000000000000000e+02 5.263157894736841987e-03 2.074045000000000028e-08
-5.000000000000000409e-06 -8.337394000000000336e-09 9.910000000000000519e+37 1.420746999999999935e+04 2.150800000000000000e+04 1.100000000000000000e+01 2.000000000000000000e+02 5.000000000000000104e-03 8.337394000000000336e-09
-5.000000000000000409e-06 2.552068000000000125e-08 9.910000000000000519e+37 1.534031999999999971e+04 2.150800000000000000e+04 1.200000000000000000e+01 2.100000000000000000e+02 4.761904761904762334e-03 2.552068000000000125e-08
-5.000000000000000409e-06 1.796549999999999964e-08 9.910000000000000519e+37 1.560739999999999964e+04 2.150800000000000000e+04 1.300000000000000000e+01 2.200000000000000000e+02 4.545454545454545234e-03 1.796549999999999964e-08
-5.000000000000000409e-06 9.858056999999999638e-09 9.910000000000000519e+37 1.609604000000000087e+04 2.150800000000000000e+04 1.400000000000000000e+01 2.300000000000000000e+02 4.347826086956521792e-03 9.858056999999999638e-09
-5.000000000000000409e-06 -3.674153999999999904e-10 9.910000000000000519e+37 1.646936999999999898e+04 2.150800000000000000e+04 1.500000000000000000e+01 2.400000000000000000e+02 4.166666666666666609e-03 3.674153999999999904e-10
-5.000000000000000409e-06 -1.448128000000000068e-08 9.910000000000000519e+37 1.680727000000000044e+04 2.150800000000000000e+04 1.600000000000000000e+01 2.500000000000000000e+02 4.000000000000000083e-03 1.448128000000000068e-08
-5.000000000000000409e-06 1.837749999999999987e-09 9.910000000000000519e+37 1.721024000000000160e+04 2.150800000000000000e+04 1.700000000000000000e+01 2.600000000000000000e+02 3.846153846153846367e-03 1.837749999999999987e-09
-5.000000000000000409e-06 1.206686999999999971e-08 9.910000000000000519e+37 1.760563000000000102e+04 2.150800000000000000e+04 1.800000000000000000e+01 2.700000000000000000e+02 3.703703703703703845e-03 1.206686999999999971e-08
-5.000000000000000409e-06 5.989904999999999697e-09 9.910000000000000519e+37 1.802745999999999913e+04 2.150800000000000000e+04 1.900000000000000000e+01 2.800000000000000000e+02 3.571428571428571317e-03 5.989904999999999697e-09
-5.000000000000000409e-06 1.454995000000000020e-08 9.910000000000000519e+37 1.843629000000000087e+04 2.150800000000000000e+04 2.000000000000000000e+01 2.900000000000000000e+02 3.448275862068965469e-03 1.454995000000000020e-08
-5.000000000000000409e-06 4.369198000000000363e-09 9.910000000000000519e+37 1.890393000000000029e+04 2.150800000000000000e+04 2.100000000000000000e+01 3.000000000000000000e+02 3.333333333333333547e-03 4.369198000000000363e-09
