-1.000049999999999967e-01 2.221527000000000160e-09 9.910000000000000519e+37 1.060520999999999958e+03 2.150800000000000000e+04 0.000000000000000000e+00 9.000000000000000000e+01 1.111111111111111154e-02 2.221527000000000160e-09
-1.000049999999999967e-01 6.509769000000000043e-10 9.910000000000000519e+37 2.317931999999999789e+03 2.150800000000000000e+04 1.000000000000000000e+00 1.000000000000000000e+02 1.000000000000000021e-02 6.509769000000000043e-10
-1.000049999999999967e-01 1.013386999999999951e-10 9.910000000000000519e+37 3.807003999999999905e+03 2.150800000000000000e+04 2.000000000000000000e+00 1.100000000000000000e+02 9.090909090909090468e-03 1.013386999999999951e-10
-1.000049999999999967e-01 -6.806279999999999630e-11 9.910000000000000519e+37 4.956686999999999898e+03 2.150800000000000000e+04 3.000000000000000000e+00 1.200000000000000000e+02 8.333333333333333218e-03 6.806279999999999630e-11
-1.000049999999999967e-01 -6.999684999999999491e-10 9.910000000000000519e+37 5.926677999999999884e+03 2.150800000000000000e+04 4.000000000000000000e+00 1.300000000000000000e+02 7.692307692307692735e-03 6.999684999999999491e-10
-1.000049999999999967e-01 -2.992029000000000153e-09 9.910000000000000519e+37 7.024778000000000247e+03 2.150800000000000000e+04 5.000000000000000000e+00 1.400000000000000000e+02 7.142857142857142634e-03 2.992029000000000153e-09
-1.000049999999999967e-01 -7.998417000000000463e-09 9.910000000000000519e+37 7.988922999999999774e+03 2.150800000000000000e+04 6.000000000000000000e+00 1.500000000000000000e+02 6.666666666666667095e-03 7.998417000000000463e-09
-1.000049999999999967e-01 -1.763810000000000095e-08 9.910000000000000519e+37 8.787843999999999141e+03 2.150800000000000000e+04 7.000000000000000000e+00 1.600000000000000000e+02 6.250000000000000347e-03 1.763810000000000095e-08
-1.000049999999999967e-01 -2.896920000000000042e-08 9.910000000000000519e+37 9.546242000000000189e+03 2.150800000000000000e+04 8.000000000000000000e+00 1.700000000000000000e+02 5.882352941176470507e-03 2.896920000000000042e-08
-1.000049999999999967e-01 -1.039435999999999991e-07 9.910000000000000519e+37 1.029456999999999971e+04 2.150800000000000000e+04 9.000000000000000000e+00 1.800000000000000000e+02 5.555555555555555768e-03 1.039435999999999991e-07
-1.000049999999999967e-01 -2.068033999999999975e-07 9.910000000000000519e+37 1.260898999999999978e+04 2.150800000000000000e+04 1.000000000000000000e+01 1.900000000000000000e+02 5.263157894736841987e-03 2.068033999999999975e-07
-1.000049999999999967e-01 -3.784432000000000069e-07 9.910000000000000519e+37 1.304909000000000015e+04 2.150800000000000000e+04 1.100000000000000000e+01 2.000000000000000000e+02 5.000000000000000104e-03 3.784432000000000069e-07
-1.000049999999999967e-01 -8.657951000000000498e-07 9.910000000000000519e+37 1.359939999999999964e+04 2.150800000000000000e+04 1.200000000000000000e+01 2.100000000000000000e+02 4.761904761904762334e-03 8.657951000000000498e-07
-1.000049999999999967e-01 -1.486717999999999959e-06 9.910000000000000519e+37 1.400157999999999993e+04 2.150800000000000000e+04 1.300000000000000000e+01 2.200000000000000000e+02 4.545454545454545234e-03 1.486717999999999959e-06
-1.000049999999999967e-01 -3.048758999999999858e-06 9.910000000000000519e+37 1.451219000000000051e+04 2.150800000000000000e+04 1.400000000000000000e+01 2.300000000000000000e+02 4.347826086956521792e-03 3.048758999999999858e-06
-1.000049999999999967e-01 -5.363202000000000222e-06 9.910000000000000519e+37 1.490947999999999956e+04 2.150800000000000000e+04 1.500000000000000000e+01 2.400000000000000000e+02 4.166666666666666609e-03 5.363202000000000222e-06
-1.000049999999999967e-01 -9.530622000000000041e-06 9.910000000000000519e+37 1.530157999999999993e+04 2.150800000000000000e+04 1.600000000000000000e+01 2.500000000000000000e+02 4.000000000000000083e-03 9.530622000000000041e-06
-1.000049999999999967e-01 -1.479908999999999962e-05 9.910000000000000519e+37 1.558520000000000073e+04 2.150800000000000000e+04 1.700000000000000000e+01 2.600000000000000000e+02 3.846153846153846367e-03 1.479908999999999962e-05
-1.000049999999999967e-01 -3.034093000000000158e-05 9.910000000000000519e+37 1.606562999999999920e+04 2.150800000000000000e+04 1.800000000000000000e+01 2.700000000000000000e+02 3.703703703703703845e-03 3.034093000000000158e-05
-1.000049999999999967e-01 -5.339437999999999682e-05 9.910000000000000519e+37 1.692908000000000175e+04 2.150800000000000000e+04 1.900000000000000000e+01 2.800000000000000000e+02 3.571428571428571317e-03 5.339437999999999682e-05
-1.000049999999999967e-01 -8.026009000000000019e-05 9.910000000000000519e+37 1.738225000000000000e+04 2.150800000000000000e+04 2.000000000000000000e+01 2.900000000000000000e+02 3.448275862068965469e-03 8.026009000000000019e-05
-1.000049999999999967e-01 -1.132256999999999957e-04 9.910000000000000519e+37 1.775316999999999825e+04 2.150800000000000000e+04 2.100000000000000000e+01 3.000000000000000000e+02 3.333333333333333547e-03 1.132256999999999957e-04
