-2.000049999999999883e-01 -2.101301000000000083e-10 9.910000000000000519e+37 6.691875000000000000e+02 2.150800000000000000e+04 0.000000000000000000e+00 9.000000000000000000e+01 1.111111111111111154e-02 2.101301000000000083e-10
-2.000049999999999883e-01 -3.379495999999999824e-10 9.910000000000000519e+37 2.305257000000000062e+03 2.150800000000000000e+04 1.000000000000000000e+00 1.000000000000000000e+02 1.000000000000000021e-02 3.379495999999999824e-10
-2.000049999999999883e-01 -3.694040000000000201e-10 9.910000000000000519e+37 3.193253000000000156e+03 2.150800000000000000e+04 2.000000000000000000e+00 1.100000000000000000e+02 9.090909090909090468e-03 3.694040000000000201e-10
-2.000049999999999883e-01 -6.902162999999999795e-10 9.910000000000000519e+37 4.159498999999999796e+03 2.150800000000000000e+04 3.000000000000000000e+00 1.200000000000000000e+02 8.333333333333333218e-03 6.902162999999999795e-10
-2.000049999999999883e-01 -2.009048999999999893e-09 9.910000000000000519e+37 7.280007999999999811e+03 2.150800000000000000e+04 4.000000000000000000e+00 1.300000000000000000e+02 7.692307692307692735e-03 2.009048999999999893e-09
-2.000049999999999883e-01 -2.619551999999999931e-09 9.910000000000000519e+37 9.148361999999999171e+03 2.150800000000000000e+04 5.000000000000000000e+00 1.400000000000000000e+02 7.142857142857142634e-03 2.619551999999999931e-09
-2.000049999999999883e-01 -1.088945000000000028e-08 9.910000000000000519e+37 1.002145999999999913e+04 2.150800000000000000e+04 6.000000000000000000e+00 1.500000000000000000e+02 6.666666666666667095e-03 1.088945000000000028e-08
-2.000049999999999883e-01 -3.138582999999999935e-08 9.910000000000000519e+37 1.093479999999999927e+04 2.150800000000000000e+04 7.000000000000000000e+00 1.600000000000000000e+02 6.250000000000000347e-03 3.138582999999999935e-08
-2.000049999999999883e-01 -7.338528000000000159e-08 9.910000000000000519e+37 1.166585000000000036e+04 2.150800000000000000e+04 8.000000000000000000e+00 1.700000000000000000e+02 5.882352941176470507e-03 7.338528000000000159e-08
-2.000049999999999883e-01 -1.761081999999999887e-07 9.910000000000000519e+37 1.236164999999999964e+04 2.150800000000000000e+04 9.000000000000000000e+00 1.800000000000000000e+02 5.555555555555555768e-03 1.761081999999999887e-07
-2.000049999999999883e-01 -3.619329999999999892e-07 9.910000000000000519e+37 1.287842000000000007e+04 2.150800000000000000e+04 1.000000000000000000e+01 1.900000000000000000e+02 5.263157894736841987e-03 3.619329999999999892e-07
-2.000049999999999883e-01 -7.704368999999999868e-07 9.910000000000000519e+37 1.420676000000000022e+04 2.150800000000000000e+04 1.100000000000000000e+01 2.000000000000000000e+02 5.000000000000000104e-03 7.704368999999999868e-07
-2.000049999999999883e-01 -2.309564000000000153e-06 9.910000000000000519e+37 1.533954000000000087e+04 2.150800000000000000e+04 1.200000000000000000e+01 2.100000000000000000e+02 4.761904761904762334e-03 2.309564000000000153e-06
-2.000049999999999883e-01 -3.006582999999999891e-06 9.910000000000000519e+37 1.560662000000000080e+04 2.150800000000000000e+04 1.300000000000000000e+01 2.200000000000000000e+02 4.545454545454545234e-03 3.006582999999999891e-06
-2.000049999999999883e-01 -6.490229999999999692e-06 9.910000000000000519e+37 1.609525000000000000e+04 2.150800000000000000e+04 1.400000000000000000e+01 2.300000000000000000e+02 4.347826086956521792e-03 6.490229999999999692e-06
-2.000049999999999883e-01 -1.142678000000000073e-05 9.910000000000000519e+37 1.646852000000000044e+04 2.150800000000000000e+04 1.500000000000000000e+01 2.400000000000000000e+02 4.166666666666666609e-03 1.142678000000000073e-05
-2.000049999999999883e-01 -2.030803999999999877e-05 9.910000000000000519e+37 1.680641999999999825e+04 2.150800000000000000e+04 1.600000000000000000e+01 2.500000000000000000e+02 4.000000000000000083e-03 2.030803999999999877e-05
-2.000049999999999883e-01 -3.942816000000000029e-05 9.910000000000000519e+37 1.720938999999999942e+04 2.150800000000000000e+04 1.700000000000000000e+01 2.600000000000000000e+02 3.846153846153846367e-03 3.942816000000000029e-05
-2.000049999999999883e-01 -6.358515000000000564e-05 9.910000000000000519e+37 1.760477999999999884e+04 2.150800000000000000e+04 1.800000000000000000e+01 2.700000000000000000e+02 3.703703703703703845e-03 6.358515000000000564e-05
-2.000049999999999883e-01 -1.030538999999999994e-04 9.910000000000000519e+37 1.802661000000000058e+04 2.150800000000000000e+04 1.900000000000000000e+01 2.800000000000000000e+02 3.571428571428571317e-03 1.030538999999999994e-04
-2.000049999999999883e-01 -1.592514999999999914e-04 9.910000000000000519e+37 1.843543000000000029e+04 2.150800000000000000e+04 2.000000000000000000e+01 2.900000000000000000e+02 3.448275862068965469e-03 1.592514999999999914e-04
-2.000049999999999883e-01 -2.485454999999999804e-04 9.910000000000000519e+37 1.890308000000000175e+04 2.150800000000000000e+04 2.100000000000000000e+01 3.000000000000000000e+02 3.333333333333333547e-03 2.485454999999999804e-04
