9.999500000000000055e-02 2.174847000000000069e-09 9.910000000000000519e+37 3.884433999999999969e+02 2.150800000000000000e+04 0.000000000000000000e+00 9.000000000000000000e+01 1.111111111111111154e-02 2.174847000000000069e-09
9.999500000000000055e-02 7.210090999999999974e-10 9.910000000000000519e+37 1.968261999999999944e+03 2.150800000000000000e+04 1.000000000000000000e+00 1.000000000000000000e+02 1.000000000000000021e-02 7.210090999999999974e-10
9.999500000000000055e-02 1.705139999999999966e-09 9.910000000000000519e+37 2.887778999999999996e+03 2.150800000000000000e+04 2.000000000000000000e+00 1.100000000000000000e+02 9.090909090909090468e-03 1.705139999999999966e-09
9.999500000000000055e-02 1.464396999999999901e-09 9.910000000000000519e+37 3.801521999999999935e+03 2.150800000000000000e+04 3.000000000000000000e+00 1.200000000000000000e+02 8.333333333333333218e-03 1.464396999999999901e-09
9.999500000000000055e-02 1.300061000000000067e-09 9.910000000000000519e+37 4.844615999999999985e+03 2.150800000000000000e+04 4.000000000000000000e+00 1.300000000000000000e+02 7.692307692307692735e-03 1.300061000000000067e-09
9.999500000000000055e-02 2.084263000000000126e-09 9.910000000000000519e+37 9.060868000000000393e+03 2.150800000000000000e+04 5.000000000000000000e+00 1.400000000000000000e+02 7.142857142857142634e-03 2.084263000000000126e-09
9.999500000000000055e-02 3.251257999999999982e-09 9.910000000000000519e+37 1.024272999999999956e+04 2.150800000000000000e+04 6.000000000000000000e+00 1.500000000000000000e+02 6.666666666666667095e-03 3.251257999999999982e-09
9.999500000000000055e-02 8.318151000000000592e-09 9.910000000000000519e+37 1.131204000000000087e+04 2.150800000000000000e+04 7.000000000000000000e+00 1.600000000000000000e+02 6.250000000000000347e-03 8.318151000000000592e-09
9.999500000000000055e-02 4.997574000000000014e-08 9.910000000000000519e+37 1.207747999999999956e+04 2.150800000000000000e+04 8.000000000000000000e+00 1.700000000000000000e+02 5.882352941176470507e-03 4.997574000000000014e-08
9.999500000000000055e-02 8.793191999999999717e-08 9.910000000000000519e+37 1.287062000000000080e+04 2.150800000000000000e+04 9.000000000000000000e+00 1.800000000000000000e+02 5.555555555555555768e-03 8.793191999999999717e-08
9.999500000000000055e-02 1.868439000000000099e-07 9.910000000000000519e+37 1.396495000000000073e+04 2.150800000000000000e+04 1.000000000000000000e+01 1.900000000000000000e+02 5.263157894736841987e-03 1.868439000000000099e-07
9.999500000000000055e-02 3.570214999999999918e-07 9.910000000000000519e+37 1.440028000000000065e+04 2.150800000000000000e+04 1.100000000000000000e+01 2.000000000000000000e+02 5.000000000000000104e-03 3.570214999999999918e-07
9.999500000000000055e-02 9.474866999999999632e-07 9.910000000000000519e+37 1.550257999999999993e+04 2.150800000000000000e+04 1.200000000000000000e+01 2.100000000000000000e+02 4.761904761904762334e-03 9.474866999999999632e-07
9.999500000000000055e-02 2.177103000000000169e-06 9.910000000000000519e+37 1.620570000000000073e+04 2.150800000000000000e+04 1.300000000000000000e+01 2.200000000000000000e+02 4.545454545454545234e-03 2.177103000000000169e-06
9.999500000000000055e-02 5.285571999999999917e-06 9.910000000000000519e+37 1.689000000000000000e+04 2.150800000000000000e+04 1.400000000000000000e+01 2.300000000000000000e+02 4.347826086956521792e-03 5.285571999999999917e-06
9.999500000000000055e-02 7.368796000000000387e-06 9.910000000000000519e+37 1.723390999999999985e+04 2.150800000000000000e+04 1.500000000000000000e+01 2.400000000000000000e+02 4.166666666666666609e-03 7.368796000000000387e-06
9.999500000000000055e-02 1.607417000000000063e-05 9.910000000000000519e+37 1.804020000000000073e+04 2.150800000000000000e+04 1.600000000000000000e+01 2.530000000000000000e+02 3.952569169960474041e-03 1.607417000000000063e-05
9.999500000000000055e-02 2.558469999999999917e-05 9.910000000000000519e+37 1.862131999999999971e+04 2.150800000000000000e+04 1.700000000000000000e+01 2.630000000000000000e+02 3.802281368821292754e-03 2.558469999999999917e-05
9.999500000000000055e-02 3.677222000000000146e-05 9.910000000000000519e+37 1.903854999999999927e+04 2.150800000000000000e+04 1.800000000000000000e+01 2.700000000000000000e+02 3.703703703703703845e-03 3.677222000000000146e-05
9.999500000000000055e-02 5.515530999999999760e-05 9.910000000000000519e+37 1.939079000000000087e+04 2.150800000000000000e+04 1.900000000000000000e+01 2.800000000000000000e+02 3.571428571428571317e-03 5.515530999999999760e-05
9.999500000000000055e-02 8.874958000000000011e-05 9.910000000000000519e+37 1.991931000000000131e+04 2.150800000000000000e+04 2.000000000000000000e+01 2.900000000000000000e+02 3.448275862068965469e-03 8.874958000000000011e-05
9.999500000000000055e-02 1.335104999999999951e-04 9.910000000000000519e+37 2.086570000000000073e+04 2.150800000000000000e+04 2.100000000000000000e+01 3.000000000000000000e+02 3.333333333333333547e-03 1.335104999999999951e-04
