-2.000049999999999883e-01 -2.979978999999999817e-11 9.910000000000000519e+37 7.146405999999999494e+02 2.150800000000000000e+04 0.000000000000000000e+00 9.000000000000000000e+01 1.111111111111111154e-02 2.979978999999999817e-11
-2.000049999999999883e-01 -4.300266999999999694e-11 9.910000000000000519e+37 1.696025000000000091e+03 2.150800000000000000e+04 1.000000000000000000e+00 1.000000000000000000e+02 1.000000000000000021e-02 4.300266999999999694e-11
-2.000049999999999883e-01 -9.476853999999999677e-11 9.910000000000000519e+37 2.597815000000000055e+03 2.150800000000000000e+04 2.000000000000000000e+00 1.100000000000000000e+02 9.090909090909090468e-03 9.476853999999999677e-11
-2.000049999999999883e-01 -3.887762000000000042e-10 9.910000000000000519e+37 3.712989999999999782e+03 2.150800000000000000e+04 3.000000000000000000e+00 1.200000000000000000e+02 8.333333333333333218e-03 3.887762000000000042e-10
-2.000049999999999883e-01 -1.465418999999999983e-09 9.910000000000000519e+37 4.849140000000000327e+03 2.150800000000000000e+04 4.000000000000000000e+00 1.300000000000000000e+02 7.692307692307692735e-03 1.465418999999999983e-09
-2.000049999999999883e-01 -3.539160999999999913e-09 9.910000000000000519e+37 5.529368999999999687e+03 2.150800000000000000e+04 5.000000000000000000e+00 1.400000000000000000e+02 7.142857142857142634e-03 3.539160999999999913e-09
-2.000049999999999883e-01 -1.386654999999999985e-08 9.910000000000000519e+37 7.713092999999999847e+03 2.150800000000000000e+04 6.000000000000000000e+00 1.500000000000000000e+02 6.666666666666667095e-03 1.386654999999999985e-08
-2.000049999999999883e-01 -3.440477999999999873e-08 9.910000000000000519e+37 8.946855999999999767e+03 2.150800000000000000e+04 7.000000000000000000e+00 1.600000000000000000e+02 6.250000000000000347e-03 3.440477999999999873e-08
-2.000049999999999883e-01 -6.889182999999999784e-08 9.910000000000000519e+37 9.742310999999999694e+03 2.150800000000000000e+04 8.000000000000000000e+00 1.700000000000000000e+02 5.882352941176470507e-03 6.889182999999999784e-08
-2.000049999999999883e-01 -1.954398999999999897e-07 9.910000000000000519e+37 1.094907999999999993e+04 2.150800000000000000e+04 9.000000000000000000e+00 1.800000000000000000e+02 5.555555555555555768e-03 1.954398999999999897e-07
-2.000049999999999883e-01 -5.222344999999999506e-07 9.910000000000000519e+37 1.327020999999999913e+04 2.150800000000000000e+04 1.000000000000000000e+01 1.900000000000000000e+02 5.263157894736841987e-03 5.222344999999999506e-07
-2.000049999999999883e-01 -1.084672000000000040e-06 9.910000000000000519e+37 1.481160000000000036e+04 2.150800000000000000e+04 1.100000000000000000e+01 2.000000000000000000e+02 5.000000000000000104e-03 1.084672000000000040e-06
-2.000049999999999883e-01 -1.748042999999999952e-06 9.910000000000000519e+37 1.544537999999999920e+04 2.150800000000000000e+04 1.200000000000000000e+01 2.100000000000000000e+02 4.761904761904762334e-03 1.748042999999999952e-06
-2.000049999999999883e-01 -3.497541000000000044e-06 9.910000000000000519e+37 1.597362000000000080e+04 2.150800000000000000e+04 1.300000000000000000e+01 2.200000000000000000e+02 4.545454545454545234e-03 3.497541000000000044e-06
-2.000049999999999883e-01 -6.299181000000000295e-06 9.910000000000000519e+37 1.638365999999999985e+04 2.150800000000000000e+04 1.400000000000000000e+01 2.300000000000000000e+02 4.347826086956521792e-03 6.299181000000000295e-06
-2.000049999999999883e-01 -1.221354000000000030e-05 9.910000000000000519e+37 1.679904999999999927e+04 2.150800000000000000e+04 1.500000000000000000e+01 2.400000000000000000e+02 4.166666666666666609e-03 1.221354000000000030e-05
-2.000049999999999883e-01 -2.243724999999999935e-05 9.910000000000000519e+37 1.726006000000000131e+04 2.150800000000000000e+04 1.600000000000000000e+01 2.500000000000000000e+02 4.000000000000000083e-03 2.243724999999999935e-05
-2.000049999999999883e-01 -3.661673000000000000e-05 9.910000000000000519e+37 1.767456999999999971e+04 2.150800000000000000e+04 1.700000000000000000e+01 2.600000000000000000e+02 3.846153846153846367e-03 3.661673000000000000e-05
-2.000049999999999883e-01 -6.157536000000000400e-05 9.910000000000000519e+37 1.812393999999999869e+04 2.150800000000000000e+04 1.800000000000000000e+01 2.700000000000000000e+02 3.703703703703703845e-03 6.157536000000000400e-05
-2.000049999999999883e-01 -9.095658000000000118e-05 9.910000000000000519e+37 1.847840999999999985e+04 2.150800000000000000e+04 1.900000000000000000e+01 2.800000000000000000e+02 3.571428571428571317e-03 9.095658000000000118e-05
-2.000049999999999883e-01 -1.452822999999999897e-04 9.910000000000000519e+37 1.887538999999999942e+04 2.150800000000000000e+04 2.000000000000000000e+01 2.900000000000000000e+02 3.448275862068965469e-03 1.452822999999999897e-04
-2.000049999999999883e-01 -2.404599000000000048e-04 9.910000000000000519e+37 2.279941999999999825e+04 2.150800000000000000e+04 2.100000000000000000e+01 3.000000000000000000e+02 3.333333333333333547e-03 2.404599000000000048e-04
