-5.000000000000000409e-06 -4.218724999999999615e-09 9.910000000000000519e+37 1.798965000000000032e+02 2.150800000000000000e+04 0.000000000000000000e+00 9.400000000000000000e+01 1.063829787234042527e-02 4.218724999999999615e-09
-5.000000000000000409e-06 -3.326897000000000035e-09 9.910000000000000519e+37 1.713078999999999951e+03 2.150800000000000000e+04 1.000000000000000000e+00 1.000000000000000000e+02 1.000000000000000021e-02 3.326897000000000035e-09
-5.000000000000000409e-06 -2.252838000000000033e-09 9.910000000000000519e+37 2.591668999999999869e+03 2.150800000000000000e+04 2.000000000000000000e+00 1.100000000000000000e+02 9.090909090909090468e-03 2.252838000000000033e-09
-5.000000000000000409e-06 8.943529999999999617e-09 9.910000000000000519e+37 3.263547999999999774e+03 2.150800000000000000e+04 3.000000000000000000e+00 1.200000000000000000e+02 8.333333333333333218e-03 8.943529999999999617e-09
-5.000000000000000409e-06 -1.598151000000000016e-09 9.910000000000000519e+37 3.905331999999999880e+03 2.150800000000000000e+04 4.000000000000000000e+00 1.300000000000000000e+02 7.692307692307692735e-03 1.598151000000000016e-09
-5.000000000000000409e-06 -6.690383000000000346e-09 9.910000000000000519e+37 5.608305999999999585e+03 2.150800000000000000e+04 5.000000000000000000e+00 1.400000000000000000e+02 7.142857142857142634e-03 6.690383000000000346e-09
-5.000000000000000409e-06 -7.189300999999999884e-09 9.910000000000000519e+37 6.249604000000000269e+03 2.150800000000000000e+04 6.000000000000000000e+00 1.500000000000000000e+02 6.666666666666667095e-03 7.189300999999999884e-09
-5.000000000000000409e-06 -9.798762999999999491e-09 9.910000000000000519e+37 6.945885000000000218e+03 2.150800000000000000e+04 7.000000000000000000e+00 1.600000000000000000e+02 6.250000000000000347e-03 9.798762999999999491e-09
-5.000000000000000409e-06 -7.414628000000000258e-09 9.910000000000000519e+37 8.847029000000000451e+03 2.150800000000000000e+04 8.000000000000000000e+00 1.700000000000000000e+02 5.882352941176470507e-03 7.414628000000000258e-09
-5.000000000000000409e-06 7.581069999999999340e-09 9.910000000000000519e+37 9.550188000000000102e+03 2.150800000000000000e+04 9.000000000000000000e+00 1.800000000000000000e+02 5.555555555555555768e-03 7.581069999999999340e-09
-5.000000000000000409e-06 2.692613000000000098e-10 9.910000000000000519e+37 1.017944000000000051e+04 2.150800000000000000e+04 1.000000000000000000e+01 1.900000000000000000e+02 5.263157894736841987e-03 2.692613000000000098e-10
-5.000000000000000409e-06 5.127099999999999800e-09 9.910000000000000519e+37 1.086879999999999927e+04 2.150800000000000000e+04 1.100000000000000000e+01 2.000000000000000000e+02 5.000000000000000104e-03 5.127099999999999800e-09
-5.000000000000000409e-06 -3.482198999999999919e-09 9.910000000000000519e+37 1.153310000000000036e+04 2.150800000000000000e+04 1.200000000000000000e+01 2.100000000000000000e+02 4.761904761904762334e-03 3.482198999999999919e-09
-5.000000000000000409e-06 5.267268000000000344e-09 9.910000000000000519e+37 1.236553000000000065e+04 2.150800000000000000e+04 1.300000000000000000e+01 2.200000000000000000e+02 4.545454545454545234e-03 5.267268000000000344e-09
-5.000000000000000409e-06 1.028379999999999917e-09 9.910000000000000519e+37 1.314223999999999978e+04 2.150800000000000000e+04 1.400000000000000000e+01 2.300000000000000000e+02 4.347826086956521792e-03 1.028379999999999917e-09
-5.000000000000000409e-06 -7.014174000000000019e-09 9.910000000000000519e+37 1.363238999999999942e+04 2.150800000000000000e+04 1.500000000000000000e+01 2.400000000000000000e+02 4.166666666666666609e-03 7.014174000000000019e-09
-5.000000000000000409e-06 8.039008999999999614e-10 9.910000000000000519e+37 1.410592000000000007e+04 2.150800000000000000e+04 1.600000000000000000e+01 2.500000000000000000e+02 4.000000000000000083e-03 8.039008999999999614e-10
-5.000000000000000409e-06 -1.272234000000000055e-08 9.910000000000000519e+37 1.454822999999999956e+04 2.150800000000000000e+04 1.700000000000000000e+01 2.600000000000000000e+02 3.846153846153846367e-03 1.272234000000000055e-08
-5.000000000000000409e-06 5.256078000000000097e-09 9.910000000000000519e+37 1.510137999999999920e+04 2.150800000000000000e+04 1.800000000000000000e+01 2.700000000000000000e+02 3.703703703703703845e-03 5.256078000000000097e-09
-5.000000000000000409e-06 1.204549000000000035e-08 9.910000000000000519e+37 1.548821999999999935e+04 2.150800000000000000e+04 1.900000000000000000e+01 2.800000000000000000e+02 3.571428571428571317e-03 1.204549000000000035e-08
-5.000000000000000409e-06 1.315410000000000031e-08 9.910000000000000519e+37 1.603901000000000022e+04 2.150800000000000000e+04 2.000000000000000000e+01 2.900000000000000000e+02 3.448275862068965469e-03 1.315410000000000031e-08
-5.000000000000000409e-06 2.202236999999999909e-08 9.910000000000000519e+37 1.646309999999999854e+04 2.150800000000000000e+04 2.100000000000000000e+01 3.000000000000000000e+02 3.333333333333333547e-03 2.202236999999999909e-08
