9.999500000000000055e-02 1.297237000000000077e-08 9.910000000000000519e+37 1.802451000000000079e+02 2.150800000000000000e+04 0.000000000000000000e+00 9.400000000000000000e+01 1.063829787234042527e-02 1.297237000000000077e-08
9.999500000000000055e-02 -1.331995000000000010e-09 9.910000000000000519e+37 1.713420000000000073e+03 2.150800000000000000e+04 1.000000000000000000e+00 1.000000000000000000e+02 1.000000000000000021e-02 1.331995000000000010e-09
9.999500000000000055e-02 -1.626027000000000097e-09 9.910000000000000519e+37 2.592023000000000138e+03 2.150800000000000000e+04 2.000000000000000000e+00 1.100000000000000000e+02 9.090909090909090468e-03 1.626027000000000097e-09
9.999500000000000055e-02 1.609772999999999958e-08 9.910000000000000519e+37 3.263889000000000124e+03 2.150800000000000000e+04 3.000000000000000000e+00 1.200000000000000000e+02 8.333333333333333218e-03 1.609772999999999958e-08
9.999500000000000055e-02 2.352887999999999992e-08 9.910000000000000519e+37 3.905672000000000025e+03 2.150800000000000000e+04 4.000000000000000000e+00 1.300000000000000000e+02 7.692307692307692735e-03 2.352887999999999992e-08
9.999500000000000055e-02 1.132828000000000051e-08 9.910000000000000519e+37 5.608655999999999949e+03 2.150800000000000000e+04 5.000000000000000000e+00 1.400000000000000000e+02 7.142857142857142634e-03 1.132828000000000051e-08
9.999500000000000055e-02 2.554538000000000014e-08 9.910000000000000519e+37 6.249945999999999913e+03 2.150800000000000000e+04 6.000000000000000000e+00 1.500000000000000000e+02 6.666666666666667095e-03 2.554538000000000014e-08
9.999500000000000055e-02 5.448635000000000138e-08 9.910000000000000519e+37 6.946237000000000080e+03 2.150800000000000000e+04 7.000000000000000000e+00 1.600000000000000000e+02 6.250000000000000347e-03 5.448635000000000138e-08
9.999500000000000055e-02 1.055682999999999991e-07 9.910000000000000519e+37 8.847377000000000407e+03 2.150800000000000000e+04 8.000000000000000000e+00 1.700000000000000000e+02 5.882352941176470507e-03 1.055682999999999991e-07
9.999500000000000055e-02 1.496505999999999994e-07 9.910000000000000519e+37 9.550542999999999665e+03 2.150800000000000000e+04 9.000000000000000000e+00 1.800000000000000000e+02 5.555555555555555768e-03 1.496505999999999994e-07
9.999500000000000055e-02 1.989559999999999983e-07 9.910000000000000519e+37 1.017979000000000087e+04 2.150800000000000000e+04 1.000000000000000000e+01 1.900000000000000000e+02 5.263157894736841987e-03 1.989559999999999983e-07
9.999500000000000055e-02 3.555664000000000174e-07 9.910000000000000519e+37 1.086913999999999942e+04 2.150800000000000000e+04 1.100000000000000000e+01 2.000000000000000000e+02 5.000000000000000104e-03 3.555664000000000174e-07
9.999500000000000055e-02 6.001991000000000054e-07 9.910000000000000519e+37 1.153345000000000073e+04 2.150800000000000000e+04 1.200000000000000000e+01 2.100000000000000000e+02 4.761904761904762334e-03 6.001991000000000054e-07
9.999500000000000055e-02 1.303262000000000093e-06 9.910000000000000519e+37 1.236602000000000044e+04 2.150800000000000000e+04 1.300000000000000000e+01 2.200000000000000000e+02 4.545454545454545234e-03 1.303262000000000093e-06
9.999500000000000055e-02 3.090262000000000094e-06 9.910000000000000519e+37 1.314272999999999956e+04 2.150800000000000000e+04 1.400000000000000000e+01 2.300000000000000000e+02 4.347826086956521792e-03 3.090262000000000094e-06
9.999500000000000055e-02 6.163955000000000008e-06 9.910000000000000519e+37 1.363287000000000080e+04 2.150800000000000000e+04 1.500000000000000000e+01 2.400000000000000000e+02 4.166666666666666609e-03 6.163955000000000008e-06
9.999500000000000055e-02 1.188302999999999997e-05 9.910000000000000519e+37 1.410654999999999927e+04 2.150800000000000000e+04 1.600000000000000000e+01 2.500000000000000000e+02 4.000000000000000083e-03 1.188302999999999997e-05
9.999500000000000055e-02 2.097330999999999859e-05 9.910000000000000519e+37 1.454887000000000080e+04 2.150800000000000000e+04 1.700000000000000000e+01 2.600000000000000000e+02 3.846153846153846367e-03 2.097330999999999859e-05
9.999500000000000055e-02 3.451820999999999828e-05 9.910000000000000519e+37 1.510201000000000022e+04 2.150800000000000000e+04 1.800000000000000000e+01 2.700000000000000000e+02 3.703703703703703845e-03 3.451820999999999828e-05
9.999500000000000055e-02 5.650416999999999810e-05 9.910000000000000519e+37 1.548871999999999935e+04 2.150800000000000000e+04 1.900000000000000000e+01 2.800000000000000000e+02 3.571428571428571317e-03 5.650416999999999810e-05
9.999500000000000055e-02 8.416153000000000598e-05 9.910000000000000519e+37 1.603951000000000022e+04 2.150800000000000000e+04 2.000000000000000000e+01 2.900000000000000000e+02 3.448275862068965469e-03 8.416153000000000598e-05
9.999500000000000055e-02 1.270924000000000099e-04 9.910000000000000519e+37 1.646372999999999956e+04 2.150800000000000000e+04 2.100000000000000000e+01 3.000000000000000000e+02 3.333333333333333547e-03 1.270924000000000099e-04
