1.999950000000000061e-01 6.462846999999999737e-09 9.910000000000000519e+37 1.805850000000000080e+02 2.150800000000000000e+04 0.000000000000000000e+00 9.400000000000000000e+01 1.063829787234042527e-02 6.462846999999999737e-09
1.999950000000000061e-01 2.359374999999999910e-08 9.910000000000000519e+37 1.713760999999999967e+03 2.150800000000000000e+04 1.000000000000000000e+00 1.000000000000000000e+02 1.000000000000000021e-02 2.359374999999999910e-08
1.999950000000000061e-01 2.231301999999999912e-08 9.910000000000000519e+37 2.592364000000000033e+03 2.150800000000000000e+04 2.000000000000000000e+00 1.100000000000000000e+02 9.090909090909090468e-03 2.231301999999999912e-08
1.999950000000000061e-01 1.188126000000000080e-08 9.910000000000000519e+37 3.264228999999999814e+03 2.150800000000000000e+04 3.000000000000000000e+00 1.200000000000000000e+02 8.333333333333333218e-03 1.188126000000000080e-08
1.999950000000000061e-01 2.726901000000000074e-08 9.910000000000000519e+37 3.906012999999999920e+03 2.150800000000000000e+04 4.000000000000000000e+00 1.300000000000000000e+02 7.692307692307692735e-03 2.726901000000000074e-08
1.999950000000000061e-01 4.607139999999999788e-08 9.910000000000000519e+37 5.609003999999999905e+03 2.150800000000000000e+04 5.000000000000000000e+00 1.400000000000000000e+02 7.142857142857142634e-03 4.607139999999999788e-08
1.999950000000000061e-01 6.162634000000000125e-08 9.910000000000000519e+37 6.250298999999999978e+03 2.150800000000000000e+04 6.000000000000000000e+00 1.500000000000000000e+02 6.666666666666667095e-03 6.162634000000000125e-08
1.999950000000000061e-01 1.034466999999999968e-07 9.910000000000000519e+37 6.946581000000000131e+03 2.150800000000000000e+04 7.000000000000000000e+00 1.600000000000000000e+02 6.250000000000000347e-03 1.034466999999999968e-07
1.999950000000000061e-01 2.253944000000000082e-07 9.910000000000000519e+37 8.847727000000000771e+03 2.150800000000000000e+04 8.000000000000000000e+00 1.700000000000000000e+02 5.882352941176470507e-03 2.253944000000000082e-07
1.999950000000000061e-01 3.221671999999999866e-07 9.910000000000000519e+37 9.550895000000000437e+03 2.150800000000000000e+04 9.000000000000000000e+00 1.800000000000000000e+02 5.555555555555555768e-03 3.221671999999999866e-07
1.999950000000000061e-01 4.594115999999999896e-07 9.910000000000000519e+37 1.018013999999999942e+04 2.150800000000000000e+04 1.000000000000000000e+01 1.900000000000000000e+02 5.263157894736841987e-03 4.594115999999999896e-07
1.999950000000000061e-01 7.873762000000000331e-07 9.910000000000000519e+37 1.086948999999999978e+04 2.150800000000000000e+04 1.100000000000000000e+01 2.000000000000000000e+02 5.000000000000000104e-03 7.873762000000000331e-07
1.999950000000000061e-01 1.253951999999999925e-06 9.910000000000000519e+37 1.153393000000000029e+04 2.150800000000000000e+04 1.200000000000000000e+01 2.100000000000000000e+02 4.761904761904762334e-03 1.253951999999999925e-06
1.999950000000000061e-01 2.539672000000000085e-06 9.910000000000000519e+37 1.236637000000000080e+04 2.150800000000000000e+04 1.300000000000000000e+01 2.200000000000000000e+02 4.545454545454545234e-03 2.539672000000000085e-06
1.999950000000000061e-01 5.649834999999999584e-06 9.910000000000000519e+37 1.314306999999999971e+04 2.150800000000000000e+04 1.400000000000000000e+01 2.300000000000000000e+02 4.347826086956521792e-03 5.649834999999999584e-06
1.999950000000000061e-01 1.089917999999999921e-05 9.910000000000000519e+37 1.363336000000000058e+04 2.150800000000000000e+04 1.500000000000000000e+01 2.400000000000000000e+02 4.166666666666666609e-03 1.089917999999999921e-05
1.999950000000000061e-01 2.076183000000000041e-05 9.910000000000000519e+37 1.410689999999999964e+04 2.150800000000000000e+04 1.600000000000000000e+01 2.500000000000000000e+02 4.000000000000000083e-03 2.076183000000000041e-05
1.999950000000000061e-01 3.662921999999999961e-05 9.910000000000000519e+37 1.454920999999999913e+04 2.150800000000000000e+04 1.700000000000000000e+01 2.600000000000000000e+02 3.846153846153846367e-03 3.662921999999999961e-05
1.999950000000000061e-01 6.091240999999999708e-05 9.910000000000000519e+37 1.510236000000000058e+04 2.150800000000000000e+04 1.800000000000000000e+01 2.700000000000000000e+02 3.703703703703703845e-03 6.091240999999999708e-05
1.999950000000000061e-01 1.015554999999999935e-04 9.910000000000000519e+37 1.548905999999999949e+04 2.150800000000000000e+04 1.900000000000000000e+01 2.800000000000000000e+02 3.571428571428571317e-03 1.015554999999999935e-04
1.999950000000000061e-01 1.539691999999999894e-04 9.910000000000000519e+37 1.604000000000000000e+04 2.150800000000000000e+04 2.000000000000000000e+01 2.900000000000000000e+02 3.448275862068965469e-03 1.539691999999999894e-04
1.999950000000000061e-01 2.373037999999999894e-04 9.910000000000000519e+37 1.646409000000000015e+04 2.150800000000000000e+04 2.100000000000000000e+01 3.000000000000000000e+02 3.333333333333333547e-03 2.373037999999999894e-04
