-1.000049999999999967e-01 -9.191819000000000620e-11 9.910000000000000519e+37 1.222439000000000078e+03 2.150800000000000000e+04 2.100000000000000000e+01 8.000000000000000000e+01 1.250000000000000069e-02 9.191819000000000620e-11
-1.000049999999999967e-01 -1.373493000000000057e-10 9.910000000000000519e+37 2.551992999999999938e+03 2.150800000000000000e+04 0.000000000000000000e+00 9.000000000000000000e+01 1.111111111111111154e-02 1.373493000000000057e-10
-1.000049999999999967e-01 -1.892678000000000058e-10 9.910000000000000519e+37 4.685064999999999600e+03 2.150800000000000000e+04 1.000000000000000000e+00 1.000000000000000000e+02 1.000000000000000021e-02 1.892678000000000058e-10
-1.000049999999999967e-01 -2.191417000000000044e-10 9.910000000000000519e+37 5.927189999999999600e+03 2.150800000000000000e+04 2.000000000000000000e+00 1.100000000000000000e+02 9.090909090909090468e-03 2.191417000000000044e-10
-1.000049999999999967e-01 -2.808380000000000181e-10 9.910000000000000519e+37 6.767953999999999724e+03 2.150800000000000000e+04 3.000000000000000000e+00 1.200000000000000000e+02 8.333333333333333218e-03 2.808380000000000181e-10
-1.000049999999999967e-01 -3.799487000000000158e-10 9.910000000000000519e+37 7.605978000000000065e+03 2.150800000000000000e+04 4.000000000000000000e+00 1.300000000000000000e+02 7.692307692307692735e-03 3.799487000000000158e-10
-1.000049999999999967e-01 -6.125390999999999574e-10 9.910000000000000519e+37 8.718834000000000742e+03 2.150800000000000000e+04 5.000000000000000000e+00 1.400000000000000000e+02 7.142857142857142634e-03 6.125390999999999574e-10
-1.000049999999999967e-01 -1.341554999999999924e-09 9.910000000000000519e+37 9.996063000000000102e+03 2.150800000000000000e+04 6.000000000000000000e+00 1.500000000000000000e+02 6.666666666666667095e-03 1.341554999999999924e-09
-1.000049999999999967e-01 -3.332544000000000192e-09 9.910000000000000519e+37 1.195292000000000007e+04 2.150800000000000000e+04 7.000000000000000000e+00 1.600000000000000000e+02 6.250000000000000347e-03 3.332544000000000192e-09
-1.000049999999999967e-01 -7.622269000000000079e-09 9.910000000000000519e+37 1.281493000000000029e+04 2.150800000000000000e+04 8.000000000000000000e+00 1.700000000000000000e+02 5.882352941176470507e-03 7.622269000000000079e-09
-1.000049999999999967e-01 -2.045765000000000121e-08 9.910000000000000519e+37 1.454314999999999964e+04 2.150800000000000000e+04 9.000000000000000000e+00 1.800000000000000000e+02 5.555555555555555768e-03 2.045765000000000121e-08
-1.000049999999999967e-01 -6.876471000000000086e-08 9.910000000000000519e+37 1.521652000000000044e+04 2.150800000000000000e+04 1.000000000000000000e+01 1.900000000000000000e+02 5.263157894736841987e-03 6.876471000000000086e-08
-1.000049999999999967e-01 -1.980686999999999954e-07 9.910000000000000519e+37 1.589370999999999913e+04 2.150800000000000000e+04 1.100000000000000000e+01 2.000000000000000000e+02 5.000000000000000104e-03 1.980686999999999954e-07
-1.000049999999999967e-01 -4.634254000000000040e-07 9.910000000000000519e+37 1.647422999999999956e+04 2.150800000000000000e+04 1.200000000000000000e+01 2.100000000000000000e+02 4.761904761904762334e-03 4.634254000000000040e-07
-1.000049999999999967e-01 -1.054952000000000009e-06 9.910000000000000519e+37 1.708390999999999985e+04 2.150800000000000000e+04 1.300000000000000000e+01 2.200000000000000000e+02 4.545454545454545234e-03 1.054952000000000009e-06
-1.000049999999999967e-01 -2.468917999999999847e-06 9.910000000000000519e+37 1.770088000000000102e+04 2.150800000000000000e+04 1.400000000000000000e+01 2.300000000000000000e+02 4.347826086956521792e-03 2.468917999999999847e-06
-1.000049999999999967e-01 -5.236638999999999991e-06 9.910000000000000519e+37 1.817618999999999869e+04 2.150800000000000000e+04 1.500000000000000000e+01 2.400000000000000000e+02 4.166666666666666609e-03 5.236638999999999991e-06
-1.000049999999999967e-01 -1.141140000000000055e-05 9.910000000000000519e+37 1.875968999999999869e+04 2.150800000000000000e+04 1.600000000000000000e+01 2.500000000000000000e+02 4.000000000000000083e-03 1.141140000000000055e-05
-1.000049999999999967e-01 -2.037529000000000055e-05 9.910000000000000519e+37 1.937890999999999985e+04 2.150800000000000000e+04 1.700000000000000000e+01 2.600000000000000000e+02 3.846153846153846367e-03 2.037529000000000055e-05
-1.000049999999999967e-01 -3.421917999999999786e-05 9.910000000000000519e+37 1.998647999999999956e+04 2.150800000000000000e+04 1.800000000000000000e+01 2.700000000000000000e+02 3.703703703703703845e-03 3.421917999999999786e-05
-1.000049999999999967e-01 -5.213259000000000225e-05 9.910000000000000519e+37 2.082713000000000102e+04 2.150800000000000000e+04 1.900000000000000000e+01 2.800000000000000000e+02 3.571428571428571317e-03 5.213259000000000225e-05
-1.000049999999999967e-01 -1.236051000000000001e-04 9.910000000000000519e+37 2.239772000000000116e+04 2.150800000000000000e+04 2.000000000000000000e+01 2.900000000000000000e+02 3.448275862068965469e-03 1.236051000000000001e-04
