-5.000000000000000409e-06 -6.224630999999999430e-11 9.910000000000000519e+37 2.505429999999999836e+03 2.150800000000000000e+04 0.000000000000000000e+00 8.700000000000000000e+01 1.149425287356321823e-02 6.224630999999999430e-11
-5.000000000000000409e-06 -1.363200000000000007e-10 9.910000000000000519e+37 6.091904000000000451e+03 2.150800000000000000e+04 1.000000000000000000e+00 1.000000000000000000e+02 1.000000000000000021e-02 1.363200000000000007e-10
-5.000000000000000409e-06 -1.250100999999999962e-10 9.910000000000000519e+37 9.216310999999999694e+03 2.150800000000000000e+04 2.000000000000000000e+00 1.100000000000000000e+02 9.090909090909090468e-03 1.250100999999999962e-10
-5.000000000000000409e-06 -2.217750999999999976e-10 9.910000000000000519e+37 1.289365999999999985e+04 2.150800000000000000e+04 3.000000000000000000e+00 1.200000000000000000e+02 8.333333333333333218e-03 2.217750999999999976e-10
-5.000000000000000409e-06 -3.319905000000000128e-10 9.910000000000000519e+37 1.465907999999999993e+04 2.150800000000000000e+04 4.000000000000000000e+00 1.300000000000000000e+02 7.692307692307692735e-03 3.319905000000000128e-10
-5.000000000000000409e-06 -1.590273999999999910e-10 9.910000000000000519e+37 1.548509000000000015e+04 2.150800000000000000e+04 5.000000000000000000e+00 1.400000000000000000e+02 7.142857142857142634e-03 1.590273999999999910e-10
-5.000000000000000409e-06 -2.437451999999999805e-10 9.910000000000000519e+37 1.704883000000000175e+04 2.150800000000000000e+04 6.000000000000000000e+00 1.500000000000000000e+02 6.666666666666667095e-03 2.437451999999999805e-10
-5.000000000000000409e-06 -1.719328999999999885e-10 9.910000000000000519e+37 1.780829000000000087e+04 2.150800000000000000e+04 7.000000000000000000e+00 1.600000000000000000e+02 6.250000000000000347e-03 1.719328999999999885e-10
-5.000000000000000409e-06 -1.813200000000000004e-10 9.910000000000000519e+37 1.956202000000000044e+04 2.150800000000000000e+04 8.000000000000000000e+00 1.700000000000000000e+02 5.882352941176470507e-03 1.813200000000000004e-10
-5.000000000000000409e-06 -1.986364999999999944e-10 9.910000000000000519e+37 2.022106999999999971e+04 2.150800000000000000e+04 9.000000000000000000e+00 1.800000000000000000e+02 5.555555555555555768e-03 1.986364999999999944e-10
-5.000000000000000409e-06 -6.282985000000000095e-09 9.910000000000000519e+37 2.092891999999999825e+04 2.150800000000000000e+04 1.000000000000000000e+01 1.900000000000000000e+02 5.263157894736841987e-03 6.282985000000000095e-09
-5.000000000000000409e-06 -1.234830000000000046e-08 9.910000000000000519e+37 2.154190999999999985e+04 2.150800000000000000e+04 1.100000000000000000e+01 2.000000000000000000e+02 5.000000000000000104e-03 1.234830000000000046e-08
-5.000000000000000409e-06 1.457732999999999975e-08 9.910000000000000519e+37 2.202843000000000029e+04 2.150800000000000000e+04 1.200000000000000000e+01 2.100000000000000000e+02 4.761904761904762334e-03 1.457732999999999975e-08
-5.000000000000000409e-06 1.761538000000000126e-08 9.910000000000000519e+37 2.247027999999999884e+04 2.150800000000000000e+04 1.300000000000000000e+01 2.200000000000000000e+02 4.545454545454545234e-03 1.761538000000000126e-08
-5.000000000000000409e-06 1.868268999999999972e-08 9.910000000000000519e+37 2.284450000000000000e+04 2.150800000000000000e+04 1.400000000000000000e+01 2.300000000000000000e+02 4.347826086956521792e-03 1.868268999999999972e-08
-5.000000000000000409e-06 -3.330220000000000025e-08 9.910000000000000519e+37 2.333122000000000116e+04 2.150800000000000000e+04 1.500000000000000000e+01 2.400000000000000000e+02 4.166666666666666609e-03 3.330220000000000025e-08
-5.000000000000000409e-06 -3.384151999999999875e-08 9.910000000000000519e+37 2.360838999999999942e+04 2.150800000000000000e+04 1.600000000000000000e+01 2.500000000000000000e+02 4.000000000000000083e-03 3.384151999999999875e-08
-5.000000000000000409e-06 -1.005636999999999967e-08 9.910000000000000519e+37 2.402025000000000000e+04 2.150800000000000000e+04 1.700000000000000000e+01 2.600000000000000000e+02 3.846153846153846367e-03 1.005636999999999967e-08
-5.000000000000000409e-06 -2.790340000000000106e-09 9.910000000000000519e+37 2.436981999999999971e+04 2.150800000000000000e+04 1.800000000000000000e+01 2.700000000000000000e+02 3.703703703703703845e-03 2.790340000000000106e-09
-5.000000000000000409e-06 -1.444904000000000039e-08 9.910000000000000519e+37 2.479761000000000058e+04 2.150800000000000000e+04 1.900000000000000000e+01 2.800000000000000000e+02 3.571428571428571317e-03 1.444904000000000039e-08
-5.000000000000000409e-06 -2.394989000000000072e-08 9.910000000000000519e+37 2.517384000000000015e+04 2.150800000000000000e+04 2.000000000000000000e+01 2.900000000000000000e+02 3.448275862068965469e-03 2.394989000000000072e-08
-5.000000000000000409e-06 -3.140832000000000182e-08 9.910000000000000519e+37 2.568911000000000058e+04 2.150800000000000000e+04 2.100000000000000000e+01 3.000000000000000000e+02 3.333333333333333547e-03 3.140832000000000182e-08
