9.999500000000000055e-02 -2.803260000000000073e-11 9.910000000000000519e+37 2.508416000000000167e+03 2.150800000000000000e+04 0.000000000000000000e+00 8.700000000000000000e+01 1.149425287356321823e-02 2.803260000000000073e-11
9.999500000000000055e-02 2.518581999999999916e-10 9.910000000000000519e+37 6.094891999999999825e+03 2.150800000000000000e+04 1.000000000000000000e+00 1.000000000000000000e+02 1.000000000000000021e-02 2.518581999999999916e-10
9.999500000000000055e-02 5.174199999999999565e-10 9.910000000000000519e+37 9.219296000000000276e+03 2.150800000000000000e+04 2.000000000000000000e+00 1.100000000000000000e+02 9.090909090909090468e-03 5.174199999999999565e-10
9.999500000000000055e-02 1.189219999999999953e-09 9.910000000000000519e+37 1.289664999999999964e+04 2.150800000000000000e+04 3.000000000000000000e+00 1.200000000000000000e+02 8.333333333333333218e-03 1.189219999999999953e-09
9.999500000000000055e-02 1.819183999999999950e-09 9.910000000000000519e+37 1.466206999999999971e+04 2.150800000000000000e+04 4.000000000000000000e+00 1.300000000000000000e+02 7.692307692307692735e-03 1.819183999999999950e-09
9.999500000000000055e-02 2.589166000000000032e-09 9.910000000000000519e+37 1.548806999999999971e+04 2.150800000000000000e+04 5.000000000000000000e+00 1.400000000000000000e+02 7.142857142857142634e-03 2.589166000000000032e-09
9.999500000000000055e-02 4.829627000000000284e-09 9.910000000000000519e+37 1.705181000000000131e+04 2.150800000000000000e+04 6.000000000000000000e+00 1.500000000000000000e+02 6.666666666666667095e-03 4.829627000000000284e-09
9.999500000000000055e-02 7.716898999999999782e-09 9.910000000000000519e+37 1.781127000000000044e+04 2.150800000000000000e+04 7.000000000000000000e+00 1.600000000000000000e+02 6.250000000000000347e-03 7.716898999999999782e-09
9.999500000000000055e-02 2.338424999999999977e-08 9.910000000000000519e+37 1.956500999999999840e+04 2.150800000000000000e+04 8.000000000000000000e+00 1.700000000000000000e+02 5.882352941176470507e-03 2.338424999999999977e-08
9.999500000000000055e-02 3.829555999999999964e-08 9.910000000000000519e+37 2.022406000000000131e+04 2.150800000000000000e+04 9.000000000000000000e+00 1.800000000000000000e+02 5.555555555555555768e-03 3.829555999999999964e-08
9.999500000000000055e-02 6.667651000000000470e-08 9.910000000000000519e+37 2.092925999999999840e+04 2.150800000000000000e+04 1.000000000000000000e+01 1.900000000000000000e+02 5.263157894736841987e-03 6.667651000000000470e-08
9.999500000000000055e-02 2.352976999999999908e-07 9.910000000000000519e+37 2.154225000000000000e+04 2.150800000000000000e+04 1.100000000000000000e+01 2.000000000000000000e+02 5.000000000000000104e-03 2.352976999999999908e-07
9.999500000000000055e-02 4.931168999999999890e-07 9.910000000000000519e+37 2.202877000000000044e+04 2.150800000000000000e+04 1.200000000000000000e+01 2.100000000000000000e+02 4.761904761904762334e-03 4.931168999999999890e-07
9.999500000000000055e-02 1.006605999999999981e-06 9.910000000000000519e+37 2.247063000000000102e+04 2.150800000000000000e+04 1.300000000000000000e+01 2.200000000000000000e+02 4.545454545454545234e-03 1.006605999999999981e-06
9.999500000000000055e-02 2.221556000000000097e-06 9.910000000000000519e+37 2.284500000000000000e+04 2.150800000000000000e+04 1.400000000000000000e+01 2.300000000000000000e+02 4.347826086956521792e-03 2.221556000000000097e-06
9.999500000000000055e-02 5.607957999999999612e-06 9.910000000000000519e+37 2.333170999999999913e+04 2.150800000000000000e+04 1.500000000000000000e+01 2.400000000000000000e+02 4.166666666666666609e-03 5.607957999999999612e-06
9.999500000000000055e-02 8.594327999999999956e-06 9.910000000000000519e+37 2.360888999999999942e+04 2.150800000000000000e+04 1.600000000000000000e+01 2.500000000000000000e+02 4.000000000000000083e-03 8.594327999999999956e-06
9.999500000000000055e-02 1.751598000000000166e-05 9.910000000000000519e+37 2.402088999999999942e+04 2.150800000000000000e+04 1.700000000000000000e+01 2.600000000000000000e+02 3.846153846153846367e-03 1.751598000000000166e-05
9.999500000000000055e-02 2.925690999999999836e-05 9.910000000000000519e+37 2.437045000000000073e+04 2.150800000000000000e+04 1.800000000000000000e+01 2.700000000000000000e+02 3.703703703703703845e-03 2.925690999999999836e-05
9.999500000000000055e-02 4.924202000000000190e-05 9.910000000000000519e+37 2.479809999999999854e+04 2.150800000000000000e+04 1.900000000000000000e+01 2.800000000000000000e+02 3.571428571428571317e-03 4.924202000000000190e-05
9.999500000000000055e-02 6.771844999999999536e-05 9.910000000000000519e+37 2.517433000000000175e+04 2.150800000000000000e+04 2.000000000000000000e+01 2.900000000000000000e+02 3.448275862068965469e-03 6.771844999999999536e-05
9.999500000000000055e-02 1.002842000000000045e-04 9.910000000000000519e+37 2.568959999999999854e+04 2.150800000000000000e+04 2.100000000000000000e+01 3.000000000000000000e+02 3.333333333333333547e-03 1.002842000000000045e-04
