-5.000000000000000409e-06 6.560616000000000002e-09 9.910000000000000519e+37 1.996788000000000102e+04 2.150800000000000000e+04 1.000000000000000000e+00 9.300000000000000000e+01 1.075268817204301161e-02 6.560616000000000002e-09
-5.000000000000000409e-06 -1.760989000000000028e-09 9.910000000000000519e+37 2.054458000000000175e+04 2.150800000000000000e+04 2.000000000000000000e+00 1.000000000000000000e+02 1.000000000000000021e-02 1.760989000000000028e-09
-5.000000000000000409e-06 -6.784331000000000196e-09 9.910000000000000519e+37 2.135804999999999927e+04 2.150800000000000000e+04 3.000000000000000000e+00 1.100000000000000000e+02 9.090909090909090468e-03 6.784331000000000196e-09
-5.000000000000000409e-06 -8.107066999999999256e-09 9.910000000000000519e+37 2.209350999999999840e+04 2.150800000000000000e+04 4.000000000000000000e+00 1.200000000000000000e+02 8.333333333333333218e-03 8.107066999999999256e-09
-5.000000000000000409e-06 1.231425000000000057e-08 9.910000000000000519e+37 2.280288999999999942e+04 2.150800000000000000e+04 5.000000000000000000e+00 1.300000000000000000e+02 7.692307692307692735e-03 1.231425000000000057e-08
-5.000000000000000409e-06 3.472553000000000096e-09 9.910000000000000519e+37 2.337359999999999854e+04 2.150800000000000000e+04 6.000000000000000000e+00 1.400000000000000000e+02 7.142857142857142634e-03 3.472553000000000096e-09
-5.000000000000000409e-06 1.157663999999999943e-08 9.910000000000000519e+37 2.403556000000000131e+04 2.150800000000000000e+04 7.000000000000000000e+00 1.500000000000000000e+02 6.666666666666667095e-03 1.157663999999999943e-08
-5.000000000000000409e-06 1.408959000000000077e-08 9.910000000000000519e+37 2.464283000000000175e+04 2.150800000000000000e+04 8.000000000000000000e+00 1.600000000000000000e+02 6.250000000000000347e-03 1.408959000000000077e-08
-5.000000000000000409e-06 1.474344999999999958e-08 9.910000000000000519e+37 2.538222999999999956e+04 2.150800000000000000e+04 9.000000000000000000e+00 1.700000000000000000e+02 5.882352941176470507e-03 1.474344999999999958e-08
-5.000000000000000409e-06 6.755813999999999683e-09 9.910000000000000519e+37 2.605059999999999854e+04 2.150800000000000000e+04 1.000000000000000000e+01 1.800000000000000000e+02 5.555555555555555768e-03 6.755813999999999683e-09
-5.000000000000000409e-06 -3.772564000000000084e-09 9.910000000000000519e+37 2.669361999999999898e+04 2.150800000000000000e+04 1.100000000000000000e+01 1.900000000000000000e+02 5.263157894736841987e-03 3.772564000000000084e-09
-5.000000000000000409e-06 5.189926000000000054e-09 9.910000000000000519e+37 2.736070000000000073e+04 2.150800000000000000e+04 1.200000000000000000e+01 2.000000000000000000e+02 5.000000000000000104e-03 5.189926000000000054e-09
-5.000000000000000409e-06 1.125001999999999958e-08 9.910000000000000519e+37 2.786079000000000087e+04 2.150800000000000000e+04 1.300000000000000000e+01 2.100000000000000000e+02 4.761904761904762334e-03 1.125001999999999958e-08
-5.000000000000000409e-06 5.689337999999999901e-09 9.910000000000000519e+37 2.830318000000000029e+04 2.150800000000000000e+04 1.400000000000000000e+01 2.200000000000000000e+02 4.545454545454545234e-03 5.689337999999999901e-09
-5.000000000000000409e-06 1.652795000000000143e-08 9.910000000000000519e+37 2.875811999999999898e+04 2.150800000000000000e+04 1.500000000000000000e+01 2.300000000000000000e+02 4.347826086956521792e-03 1.652795000000000143e-08
-5.000000000000000409e-06 1.848937999999999969e-08 9.910000000000000519e+37 2.925390999999999985e+04 2.150800000000000000e+04 1.600000000000000000e+01 2.400000000000000000e+02 4.166666666666666609e-03 1.848937999999999969e-08
-5.000000000000000409e-06 8.076888000000000823e-09 9.910000000000000519e+37 3.078684000000000015e+04 2.150800000000000000e+04 1.700000000000000000e+01 2.500000000000000000e+02 4.000000000000000083e-03 8.076888000000000823e-09
-5.000000000000000409e-06 1.891383999999999845e-08 9.910000000000000519e+37 3.130036999999999898e+04 2.150800000000000000e+04 1.800000000000000000e+01 2.600000000000000000e+02 3.846153846153846367e-03 1.891383999999999845e-08
-5.000000000000000409e-06 1.689690000000000025e-08 9.910000000000000519e+37 3.170577000000000044e+04 2.150800000000000000e+04 1.900000000000000000e+01 2.700000000000000000e+02 3.703703703703703845e-03 1.689690000000000025e-08
-5.000000000000000409e-06 8.253038000000000054e-09 9.910000000000000519e+37 3.211327999999999884e+04 2.150800000000000000e+04 2.000000000000000000e+01 2.800000000000000000e+02 3.571428571428571317e-03 8.253038000000000054e-09
-5.000000000000000409e-06 1.173473000000000048e-08 9.910000000000000519e+37 3.250233000000000175e+04 2.150800000000000000e+04 2.100000000000000000e+01 2.900000000000000000e+02 3.448275862068965469e-03 1.173473000000000048e-08
-5.000000000000000409e-06 1.343184999999999927e-08 9.910000000000000519e+37 3.286015000000000146e+04 2.150800000000000000e+04 0.000000000000000000e+00 3.000000000000000000e+02 3.333333333333333547e-03 1.343184999999999927e-08
