-2.000049999999999883e-01 -9.622204999999999654e-10 9.910000000000000519e+37 9.731640999999999622e+02 2.150800000000000000e+04 2.000000000000000000e+01 9.000000000000000000e+01 1.111111111111111154e-02 9.622204999999999654e-10
-2.000049999999999883e-01 -1.295560999999999927e-09 9.910000000000000519e+37 3.752032999999999902e+03 2.150800000000000000e+04 0.000000000000000000e+00 1.000000000000000000e+02 1.000000000000000021e-02 1.295560999999999927e-09
-2.000049999999999883e-01 -1.524884999999999951e-09 9.910000000000000519e+37 4.639761000000000422e+03 2.150800000000000000e+04 1.000000000000000000e+00 1.100000000000000000e+02 9.090909090909090468e-03 1.524884999999999951e-09
-2.000049999999999883e-01 -3.392731000000000038e-09 9.910000000000000519e+37 6.656266999999999825e+03 2.150800000000000000e+04 2.000000000000000000e+00 1.200000000000000000e+02 8.333333333333333218e-03 3.392731000000000038e-09
-2.000049999999999883e-01 -7.150514999999999890e-09 9.910000000000000519e+37 7.951033000000000357e+03 2.150800000000000000e+04 3.000000000000000000e+00 1.300000000000000000e+02 7.692307692307692735e-03 7.150514999999999890e-09
-2.000049999999999883e-01 -1.488846999999999998e-08 9.910000000000000519e+37 8.867638999999999214e+03 2.150800000000000000e+04 4.000000000000000000e+00 1.400000000000000000e+02 7.142857142857142634e-03 1.488846999999999998e-08
-2.000049999999999883e-01 -3.160431999999999907e-08 9.910000000000000519e+37 9.810075999999999112e+03 2.150800000000000000e+04 5.000000000000000000e+00 1.500000000000000000e+02 6.666666666666667095e-03 3.160431999999999907e-08
-2.000049999999999883e-01 -9.005085000000000197e-08 9.910000000000000519e+37 1.104370999999999913e+04 2.150800000000000000e+04 6.000000000000000000e+00 1.600000000000000000e+02 6.250000000000000347e-03 9.005085000000000197e-08
-2.000049999999999883e-01 -2.234849000000000003e-07 9.910000000000000519e+37 1.285104000000000087e+04 2.150800000000000000e+04 7.000000000000000000e+00 1.700000000000000000e+02 5.882352941176470507e-03 2.234849000000000003e-07
-2.000049999999999883e-01 -4.697133999999999873e-07 9.910000000000000519e+37 1.434795000000000073e+04 2.150800000000000000e+04 8.000000000000000000e+00 1.800000000000000000e+02 5.555555555555555768e-03 4.697133999999999873e-07
-2.000049999999999883e-01 -9.647359000000000513e-07 9.910000000000000519e+37 1.543789999999999964e+04 2.150800000000000000e+04 9.000000000000000000e+00 1.900000000000000000e+02 5.263157894736841987e-03 9.647359000000000513e-07
-2.000049999999999883e-01 -2.567704000000000107e-06 9.910000000000000519e+37 1.641736999999999898e+04 2.150800000000000000e+04 1.000000000000000000e+01 2.050000000000000000e+02 4.878048780487804874e-03 2.567704000000000107e-06
-2.000049999999999883e-01 -6.438372000000000128e-06 9.910000000000000519e+37 1.697593999999999869e+04 2.150800000000000000e+04 1.100000000000000000e+01 2.200000000000000000e+02 4.545454545454545234e-03 6.438372000000000128e-06
-2.000049999999999883e-01 -1.111797999999999956e-05 9.910000000000000519e+37 1.744240000000000146e+04 2.150800000000000000e+04 1.200000000000000000e+01 2.300000000000000000e+02 4.347826086956521792e-03 1.111797999999999956e-05
-2.000049999999999883e-01 -1.897806999999999836e-05 9.910000000000000519e+37 1.787252000000000044e+04 2.150800000000000000e+04 1.300000000000000000e+01 2.400000000000000000e+02 4.166666666666666609e-03 1.897806999999999836e-05
-2.000049999999999883e-01 -3.218129000000000237e-05 9.910000000000000519e+37 1.809883000000000175e+04 2.150800000000000000e+04 1.400000000000000000e+01 2.500000000000000000e+02 4.000000000000000083e-03 3.218129000000000237e-05
-2.000049999999999883e-01 -5.579338999999999946e-05 9.910000000000000519e+37 1.844861999999999898e+04 2.150800000000000000e+04 1.500000000000000000e+01 2.600000000000000000e+02 3.846153846153846367e-03 5.579338999999999946e-05
-2.000049999999999883e-01 -9.410207999999999334e-05 9.910000000000000519e+37 1.887950000000000000e+04 2.150800000000000000e+04 1.600000000000000000e+01 2.700000000000000000e+02 3.703703703703703845e-03 9.410207999999999334e-05
-2.000049999999999883e-01 -1.292161000000000112e-04 9.910000000000000519e+37 1.945606999999999971e+04 2.150800000000000000e+04 1.700000000000000000e+01 2.800000000000000000e+02 3.571428571428571317e-03 1.292161000000000112e-04
-2.000049999999999883e-01 -1.946440000000000019e-04 9.910000000000000519e+37 1.995577000000000044e+04 2.150800000000000000e+04 1.800000000000000000e+01 2.900000000000000000e+02 3.448275862068965469e-03 1.946440000000000019e-04
-2.000049999999999883e-01 -2.657151999999999865e-04 9.910000000000000519e+37 2.055854999999999927e+04 2.150800000000000000e+04 1.900000000000000000e+01 3.000000000000000000e+02 3.333333333333333547e-03 2.657151999999999865e-04
