-2.000049999999999883e-01 -3.049263000000000102e-10 9.910000000000000519e+37 1.219452999999999975e+03 2.150800000000000000e+04 2.100000000000000000e+01 8.000000000000000000e+01 1.250000000000000069e-02 3.049263000000000102e-10
-2.000049999999999883e-01 -3.843899000000000232e-10 9.910000000000000519e+37 2.549007999999999811e+03 2.150800000000000000e+04 0.000000000000000000e+00 9.000000000000000000e+01 1.111111111111111154e-02 3.843899000000000232e-10
-2.000049999999999883e-01 -5.472531000000000031e-10 9.910000000000000519e+37 4.682079999999999927e+03 2.150800000000000000e+04 1.000000000000000000e+00 1.000000000000000000e+02 1.000000000000000021e-02 5.472531000000000031e-10
-2.000049999999999883e-01 -6.988772000000000069e-10 9.910000000000000519e+37 5.924203999999999724e+03 2.150800000000000000e+04 2.000000000000000000e+00 1.100000000000000000e+02 9.090909090909090468e-03 6.988772000000000069e-10
-2.000049999999999883e-01 -9.961503000000000109e-10 9.910000000000000519e+37 6.764967999999999847e+03 2.150800000000000000e+04 3.000000000000000000e+00 1.200000000000000000e+02 8.333333333333333218e-03 9.961503000000000109e-10
-2.000049999999999883e-01 -1.406566999999999905e-09 9.910000000000000519e+37 7.602992000000000189e+03 2.150800000000000000e+04 4.000000000000000000e+00 1.300000000000000000e+02 7.692307692307692735e-03 1.406566999999999905e-09
-2.000049999999999883e-01 -2.428337000000000193e-09 9.910000000000000519e+37 8.715850000000000364e+03 2.150800000000000000e+04 5.000000000000000000e+00 1.400000000000000000e+02 7.142857142857142634e-03 2.428337000000000193e-09
-2.000049999999999883e-01 -4.585916000000000193e-09 9.910000000000000519e+37 9.993077999999999520e+03 2.150800000000000000e+04 6.000000000000000000e+00 1.500000000000000000e+02 6.666666666666667095e-03 4.585916000000000193e-09
-2.000049999999999883e-01 -9.511123999999999756e-09 9.910000000000000519e+37 1.194993000000000029e+04 2.150800000000000000e+04 7.000000000000000000e+00 1.600000000000000000e+02 6.250000000000000347e-03 9.511123999999999756e-09
-2.000049999999999883e-01 -2.020681999999999909e-08 9.910000000000000519e+37 1.281195000000000073e+04 2.150800000000000000e+04 8.000000000000000000e+00 1.700000000000000000e+02 5.882352941176470507e-03 2.020681999999999909e-08
-2.000049999999999883e-01 -6.170606000000000270e-08 9.910000000000000519e+37 1.454279000000000087e+04 2.150800000000000000e+04 9.000000000000000000e+00 1.800000000000000000e+02 5.555555555555555768e-03 6.170606000000000270e-08
-2.000049999999999883e-01 -1.559475999999999928e-07 9.910000000000000519e+37 1.521617000000000007e+04 2.150800000000000000e+04 1.000000000000000000e+01 1.900000000000000000e+02 5.263157894736841987e-03 1.559475999999999928e-07
-2.000049999999999883e-01 -4.012707999999999829e-07 9.910000000000000519e+37 1.589336000000000058e+04 2.150800000000000000e+04 1.100000000000000000e+01 2.000000000000000000e+02 5.000000000000000104e-03 4.012707999999999829e-07
-2.000049999999999883e-01 -9.151910000000000058e-07 9.910000000000000519e+37 1.647388000000000102e+04 2.150800000000000000e+04 1.200000000000000000e+01 2.100000000000000000e+02 4.761904761904762334e-03 9.151910000000000058e-07
-2.000049999999999883e-01 -1.965530000000000051e-06 9.910000000000000519e+37 1.708354999999999927e+04 2.150800000000000000e+04 1.300000000000000000e+01 2.200000000000000000e+02 4.545454545454545234e-03 1.965530000000000051e-06
-2.000049999999999883e-01 -4.440883000000000287e-06 9.910000000000000519e+37 1.770052999999999884e+04 2.150800000000000000e+04 1.400000000000000000e+01 2.300000000000000000e+02 4.347826086956521792e-03 4.440883000000000287e-06
-2.000049999999999883e-01 -9.175470000000000091e-06 9.910000000000000519e+37 1.817584000000000015e+04 2.150800000000000000e+04 1.500000000000000000e+01 2.400000000000000000e+02 4.166666666666666609e-03 9.175470000000000091e-06
-2.000049999999999883e-01 -1.976863000000000117e-05 9.910000000000000519e+37 1.875933000000000175e+04 2.150800000000000000e+04 1.600000000000000000e+01 2.500000000000000000e+02 4.000000000000000083e-03 1.976863000000000117e-05
-2.000049999999999883e-01 -3.543122000000000193e-05 9.910000000000000519e+37 1.937854999999999927e+04 2.150800000000000000e+04 1.700000000000000000e+01 2.600000000000000000e+02 3.846153846153846367e-03 3.543122000000000193e-05
-2.000049999999999883e-01 -6.023707999999999824e-05 9.910000000000000519e+37 1.998611999999999898e+04 2.150800000000000000e+04 1.800000000000000000e+01 2.700000000000000000e+02 3.703703703703703845e-03 6.023707999999999824e-05
-2.000049999999999883e-01 -9.322270000000000448e-05 9.910000000000000519e+37 2.082677999999999884e+04 2.150800000000000000e+04 1.900000000000000000e+01 2.800000000000000000e+02 3.571428571428571317e-03 9.322270000000000448e-05
-2.000049999999999883e-01 -2.303440000000000023e-04 9.910000000000000519e+37 2.239736999999999898e+04 2.150800000000000000e+04 2.000000000000000000e+01 2.900000000000000000e+02 3.448275862068965469e-03 2.303440000000000023e-04
