1.999950000000000061e-01 1.775433000000000067e-10 9.910000000000000519e+37 9.851073999999999842e+02 2.150800000000000000e+04 2.000000000000000000e+01 9.000000000000000000e+01 1.111111111111111154e-02 1.775433000000000067e-10
1.999950000000000061e-01 2.154511000000000047e-10 9.910000000000000519e+37 3.763974000000000160e+03 2.150800000000000000e+04 0.000000000000000000e+00 1.000000000000000000e+02 1.000000000000000021e-02 2.154511000000000047e-10
1.999950000000000061e-01 2.232518999999999898e-10 9.910000000000000519e+37 4.651703000000000429e+03 2.150800000000000000e+04 1.000000000000000000e+00 1.100000000000000000e+02 9.090909090909090468e-03 2.232518999999999898e-10
1.999950000000000061e-01 4.209653999999999761e-10 9.910000000000000519e+37 6.668210000000000036e+03 2.150800000000000000e+04 2.000000000000000000e+00 1.200000000000000000e+02 8.333333333333333218e-03 4.209653999999999761e-10
1.999950000000000061e-01 6.207565999999999861e-10 9.910000000000000519e+37 7.962975999999999658e+03 2.150800000000000000e+04 3.000000000000000000e+00 1.300000000000000000e+02 7.692307692307692735e-03 6.207565999999999861e-10
1.999950000000000061e-01 1.010706999999999992e-09 9.910000000000000519e+37 8.879579999999999927e+03 2.150800000000000000e+04 4.000000000000000000e+00 1.400000000000000000e+02 7.142857142857142634e-03 1.010706999999999992e-09
1.999950000000000061e-01 1.968578000000000024e-09 9.910000000000000519e+37 9.822020000000000437e+03 2.150800000000000000e+04 5.000000000000000000e+00 1.500000000000000000e+02 6.666666666666667095e-03 1.968578000000000024e-09
1.999950000000000061e-01 7.955825999999999364e-09 9.910000000000000519e+37 1.105564999999999964e+04 2.150800000000000000e+04 6.000000000000000000e+00 1.600000000000000000e+02 6.250000000000000347e-03 7.955825999999999364e-09
1.999950000000000061e-01 2.422057000000000087e-08 9.910000000000000519e+37 1.286297999999999956e+04 2.150800000000000000e+04 7.000000000000000000e+00 1.700000000000000000e+02 5.882352941176470507e-03 2.422057000000000087e-08
1.999950000000000061e-01 6.440101000000000527e-08 9.910000000000000519e+37 1.435987999999999920e+04 2.150800000000000000e+04 8.000000000000000000e+00 1.800000000000000000e+02 5.555555555555555768e-03 6.440101000000000527e-08
1.999950000000000061e-01 1.769903999999999938e-07 9.910000000000000519e+37 1.545044000000000051e+04 2.150800000000000000e+04 9.000000000000000000e+00 1.900000000000000000e+02 5.263157894736841987e-03 1.769903999999999938e-07
1.999950000000000061e-01 6.832975000000000211e-07 9.910000000000000519e+37 1.642991999999999825e+04 2.150800000000000000e+04 1.000000000000000000e+01 2.050000000000000000e+02 4.878048780487804874e-03 6.832975000000000211e-07
1.999950000000000061e-01 2.322523000000000210e-06 9.910000000000000519e+37 1.697777999999999884e+04 2.150800000000000000e+04 1.100000000000000000e+01 2.200000000000000000e+02 4.545454545454545234e-03 2.322523000000000210e-06
1.999950000000000061e-01 4.616315000000000372e-06 9.910000000000000519e+37 1.744409000000000015e+04 2.150800000000000000e+04 1.200000000000000000e+01 2.300000000000000000e+02 4.347826086956521792e-03 4.616315000000000372e-06
1.999950000000000061e-01 8.975769999999999276e-06 9.910000000000000519e+37 1.787420999999999913e+04 2.150800000000000000e+04 1.300000000000000000e+01 2.400000000000000000e+02 4.166666666666666609e-03 8.975769999999999276e-06
1.999950000000000061e-01 1.736464999999999984e-05 9.910000000000000519e+37 1.810066999999999825e+04 2.150800000000000000e+04 1.400000000000000000e+01 2.500000000000000000e+02 4.000000000000000083e-03 1.736464999999999984e-05
1.999950000000000061e-01 3.397996000000000051e-05 9.910000000000000519e+37 1.845045999999999913e+04 2.150800000000000000e+04 1.500000000000000000e+01 2.600000000000000000e+02 3.846153846153846367e-03 3.397996000000000051e-05
1.999950000000000061e-01 6.395500999999999400e-05 9.910000000000000519e+37 1.888133000000000175e+04 2.150800000000000000e+04 1.600000000000000000e+01 2.700000000000000000e+02 3.703703703703703845e-03 6.395500999999999400e-05
1.999950000000000061e-01 9.341961999999999716e-05 9.910000000000000519e+37 1.945777000000000044e+04 2.150800000000000000e+04 1.700000000000000000e+01 2.800000000000000000e+02 3.571428571428571317e-03 9.341961999999999716e-05
1.999950000000000061e-01 1.514692000000000100e-04 9.910000000000000519e+37 1.995759999999999854e+04 2.150800000000000000e+04 1.800000000000000000e+01 2.900000000000000000e+02 3.448275862068965469e-03 1.514692000000000100e-04
1.999950000000000061e-01 2.170762999999999870e-04 9.910000000000000519e+37 2.056038000000000102e+04 2.150800000000000000e+04 1.900000000000000000e+01 3.000000000000000000e+02 3.333333333333333547e-03 2.170762999999999870e-04
