1.999950000000000061e-01 2.422699999999999813e-10 9.910000000000000519e+37 2.511400000000000091e+03 2.150800000000000000e+04 0.000000000000000000e+00 8.700000000000000000e+01 1.149425287356321823e-02 2.422699999999999813e-10
1.999950000000000061e-01 5.600062000000000426e-10 9.910000000000000519e+37 6.097877000000000407e+03 2.150800000000000000e+04 1.000000000000000000e+00 1.000000000000000000e+02 1.000000000000000021e-02 5.600062000000000426e-10
1.999950000000000061e-01 1.239686000000000055e-09 9.910000000000000519e+37 9.222281000000000859e+03 2.150800000000000000e+04 2.000000000000000000e+00 1.100000000000000000e+02 9.090909090909090468e-03 1.239686000000000055e-09
1.999950000000000061e-01 2.591758999999999839e-09 9.910000000000000519e+37 1.289962999999999920e+04 2.150800000000000000e+04 3.000000000000000000e+00 1.200000000000000000e+02 8.333333333333333218e-03 2.591758999999999839e-09
1.999950000000000061e-01 4.883630999999999925e-09 9.910000000000000519e+37 1.466504999999999927e+04 2.150800000000000000e+04 4.000000000000000000e+00 1.300000000000000000e+02 7.692307692307692735e-03 4.883630999999999925e-09
1.999950000000000061e-01 7.134654999999999905e-09 9.910000000000000519e+37 1.549105999999999949e+04 2.150800000000000000e+04 5.000000000000000000e+00 1.400000000000000000e+02 7.142857142857142634e-03 7.134654999999999905e-09
1.999950000000000061e-01 1.388261000000000072e-08 9.910000000000000519e+37 1.705479999999999927e+04 2.150800000000000000e+04 6.000000000000000000e+00 1.500000000000000000e+02 6.666666666666667095e-03 1.388261000000000072e-08
1.999950000000000061e-01 2.135087999999999855e-08 9.910000000000000519e+37 1.781425000000000000e+04 2.150800000000000000e+04 7.000000000000000000e+00 1.600000000000000000e+02 6.250000000000000347e-03 2.135087999999999855e-08
1.999950000000000061e-01 5.804270000000000265e-08 9.910000000000000519e+37 1.956800000000000000e+04 2.150800000000000000e+04 8.000000000000000000e+00 1.700000000000000000e+02 5.882352941176470507e-03 5.804270000000000265e-08
1.999950000000000061e-01 9.075567999999999942e-08 9.910000000000000519e+37 2.022704000000000087e+04 2.150800000000000000e+04 9.000000000000000000e+00 1.800000000000000000e+02 5.555555555555555768e-03 9.075567999999999942e-08
1.999950000000000061e-01 1.785347000000000006e-07 9.910000000000000519e+37 2.092961000000000058e+04 2.150800000000000000e+04 1.000000000000000000e+01 1.900000000000000000e+02 5.263157894736841987e-03 1.785347000000000006e-07
1.999950000000000061e-01 4.666946000000000159e-07 9.910000000000000519e+37 2.154261000000000058e+04 2.150800000000000000e+04 1.100000000000000000e+01 2.000000000000000000e+02 5.000000000000000104e-03 4.666946000000000159e-07
1.999950000000000061e-01 9.556021999999999408e-07 9.910000000000000519e+37 2.202911999999999898e+04 2.150800000000000000e+04 1.200000000000000000e+01 2.100000000000000000e+02 4.761904761904762334e-03 9.556021999999999408e-07
1.999950000000000061e-01 1.971714999999999891e-06 9.910000000000000519e+37 2.247111999999999898e+04 2.150800000000000000e+04 1.300000000000000000e+01 2.200000000000000000e+02 4.545454545454545234e-03 1.971714999999999891e-06
1.999950000000000061e-01 3.988774000000000377e-06 9.910000000000000519e+37 2.284534999999999854e+04 2.150800000000000000e+04 1.400000000000000000e+01 2.300000000000000000e+02 4.347826086956521792e-03 3.988774000000000377e-06
1.999950000000000061e-01 9.750303000000000352e-06 9.910000000000000519e+37 2.333206000000000131e+04 2.150800000000000000e+04 1.500000000000000000e+01 2.400000000000000000e+02 4.166666666666666609e-03 9.750303000000000352e-06
1.999950000000000061e-01 1.488410000000000035e-05 9.910000000000000519e+37 2.360938000000000102e+04 2.150800000000000000e+04 1.600000000000000000e+01 2.500000000000000000e+02 4.000000000000000083e-03 1.488410000000000035e-05
1.999950000000000061e-01 3.042002999999999884e-05 9.910000000000000519e+37 2.402122999999999956e+04 2.150800000000000000e+04 1.700000000000000000e+01 2.600000000000000000e+02 3.846153846153846367e-03 3.042002999999999884e-05
1.999950000000000061e-01 5.167236000000000073e-05 9.910000000000000519e+37 2.437079999999999927e+04 2.150800000000000000e+04 1.800000000000000000e+01 2.700000000000000000e+02 3.703703703703703845e-03 5.167236000000000073e-05
1.999950000000000061e-01 8.942002999999999638e-05 9.910000000000000519e+37 2.479845000000000073e+04 2.150800000000000000e+04 1.900000000000000000e+01 2.800000000000000000e+02 3.571428571428571317e-03 8.942002999999999638e-05
1.999950000000000061e-01 1.257529000000000069e-04 9.910000000000000519e+37 2.517481999999999971e+04 2.150800000000000000e+04 2.000000000000000000e+01 2.900000000000000000e+02 3.448275862068965469e-03 1.257529000000000069e-04
1.999950000000000061e-01 1.910538000000000037e-04 9.910000000000000519e+37 2.569009999999999854e+04 2.150800000000000000e+04 2.100000000000000000e+01 3.000000000000000000e+02 3.333333333333333547e-03 1.910538000000000037e-04
