1.999950000000000061e-01 1.052666999999999918e-09 9.910000000000000519e+37 1.231395999999999958e+03 2.150800000000000000e+04 2.100000000000000000e+01 8.000000000000000000e+01 1.250000000000000069e-02 1.052666999999999918e-09
1.999950000000000061e-01 1.240711000000000060e-09 9.910000000000000519e+37 2.560952000000000226e+03 2.150800000000000000e+04 0.000000000000000000e+00 9.000000000000000000e+01 1.111111111111111154e-02 1.240711000000000060e-09
1.999950000000000061e-01 1.674959999999999973e-09 9.910000000000000519e+37 4.694021999999999935e+03 2.150800000000000000e+04 1.000000000000000000e+00 1.000000000000000000e+02 1.000000000000000021e-02 1.674959999999999973e-09
1.999950000000000061e-01 2.340817999999999971e-09 9.910000000000000519e+37 5.936145999999999731e+03 2.150800000000000000e+04 2.000000000000000000e+00 1.100000000000000000e+02 9.090909090909090468e-03 2.340817999999999971e-09
1.999950000000000061e-01 4.303627999999999730e-09 9.910000000000000519e+37 6.776911000000000058e+03 2.150800000000000000e+04 3.000000000000000000e+00 1.200000000000000000e+02 8.333333333333333218e-03 4.303627999999999730e-09
1.999950000000000061e-01 8.716479000000000584e-09 9.910000000000000519e+37 7.614934000000000196e+03 2.150800000000000000e+04 4.000000000000000000e+00 1.300000000000000000e+02 7.692307692307692735e-03 8.716479000000000584e-09
1.999950000000000061e-01 2.170884000000000131e-08 9.910000000000000519e+37 8.727790000000000873e+03 2.150800000000000000e+04 5.000000000000000000e+00 1.400000000000000000e+02 7.142857142857142634e-03 2.170884000000000131e-08
1.999950000000000061e-01 5.155411000000000159e-08 9.910000000000000519e+37 1.000502000000000044e+04 2.150800000000000000e+04 6.000000000000000000e+00 1.500000000000000000e+02 6.666666666666667095e-03 5.155411000000000159e-08
1.999950000000000061e-01 1.123279000000000062e-07 9.910000000000000519e+37 1.196186000000000058e+04 2.150800000000000000e+04 7.000000000000000000e+00 1.600000000000000000e+02 6.250000000000000347e-03 1.123279000000000062e-07
1.999950000000000061e-01 2.017691999999999960e-07 9.910000000000000519e+37 1.282387999999999920e+04 2.150800000000000000e+04 8.000000000000000000e+00 1.700000000000000000e+02 5.882352941176470507e-03 2.017691999999999960e-07
1.999950000000000061e-01 4.454435999999999799e-07 9.910000000000000519e+37 1.454421999999999935e+04 2.150800000000000000e+04 9.000000000000000000e+00 1.800000000000000000e+02 5.555555555555555768e-03 4.454435999999999799e-07
1.999950000000000061e-01 8.707893000000000324e-07 9.910000000000000519e+37 1.521759000000000015e+04 2.150800000000000000e+04 1.000000000000000000e+01 1.900000000000000000e+02 5.263157894736841987e-03 8.707893000000000324e-07
1.999950000000000061e-01 1.766186999999999985e-06 9.910000000000000519e+37 1.589492000000000007e+04 2.150800000000000000e+04 1.100000000000000000e+01 2.000000000000000000e+02 5.000000000000000104e-03 1.766186999999999985e-06
1.999950000000000061e-01 3.211514000000000047e-06 9.910000000000000519e+37 1.647543000000000029e+04 2.150800000000000000e+04 1.200000000000000000e+01 2.100000000000000000e+02 4.761904761904762334e-03 3.211514000000000047e-06
1.999950000000000061e-01 5.758363000000000250e-06 9.910000000000000519e+37 1.708518000000000029e+04 2.150800000000000000e+04 1.300000000000000000e+01 2.200000000000000000e+02 4.545454545454545234e-03 5.758363000000000250e-06
1.999950000000000061e-01 1.084907999999999947e-05 9.910000000000000519e+37 1.770229999999999927e+04 2.150800000000000000e+04 1.400000000000000000e+01 2.300000000000000000e+02 4.347826086956521792e-03 1.084907999999999947e-05
1.999950000000000061e-01 1.935642000000000127e-05 9.910000000000000519e+37 1.817759999999999854e+04 2.150800000000000000e+04 1.500000000000000000e+01 2.400000000000000000e+02 4.166666666666666609e-03 1.935642000000000127e-05
1.999950000000000061e-01 3.592717000000000181e-05 9.910000000000000519e+37 1.876116999999999825e+04 2.150800000000000000e+04 1.600000000000000000e+01 2.500000000000000000e+02 4.000000000000000083e-03 3.592717000000000181e-05
1.999950000000000061e-01 5.782606000000000248e-05 9.910000000000000519e+37 1.938038999999999942e+04 2.150800000000000000e+04 1.700000000000000000e+01 2.600000000000000000e+02 3.846153846153846367e-03 5.782606000000000248e-05
1.999950000000000061e-01 8.955391999999999790e-05 9.910000000000000519e+37 1.998795999999999913e+04 2.150800000000000000e+04 1.800000000000000000e+01 2.700000000000000000e+02 3.703703703703703845e-03 8.955391999999999790e-05
1.999950000000000061e-01 1.289127999999999899e-04 9.910000000000000519e+37 2.082854000000000087e+04 2.150800000000000000e+04 1.900000000000000000e+01 2.800000000000000000e+02 3.571428571428571317e-03 1.289127999999999899e-04
1.999950000000000061e-01 2.794615999999999875e-04 9.910000000000000519e+37 2.239920000000000073e+04 2.150800000000000000e+04 2.000000000000000000e+01 2.900000000000000000e+02 3.448275862068965469e-03 2.794615999999999875e-04
