1.999950000000000061e-01 6.261448000000000152e-08 9.910000000000000519e+37 1.996858000000000175e+04 2.150800000000000000e+04 1.000000000000000000e+00 9.300000000000000000e+01 1.075268817204301161e-02 6.261448000000000152e-08
1.999950000000000061e-01 8.375175999999999741e-08 9.910000000000000519e+37 2.054527999999999884e+04 2.150800000000000000e+04 2.000000000000000000e+00 1.000000000000000000e+02 1.000000000000000021e-02 8.375175999999999741e-08
1.999950000000000061e-01 8.309447000000000040e-08 9.910000000000000519e+37 2.135875000000000000e+04 2.150800000000000000e+04 3.000000000000000000e+00 1.100000000000000000e+02 9.090909090909090468e-03 8.309447000000000040e-08
1.999950000000000061e-01 8.945311000000000234e-08 9.910000000000000519e+37 2.209420000000000073e+04 2.150800000000000000e+04 4.000000000000000000e+00 1.200000000000000000e+02 8.333333333333333218e-03 8.945311000000000234e-08
1.999950000000000061e-01 7.925558000000000354e-08 9.910000000000000519e+37 2.280358000000000175e+04 2.150800000000000000e+04 5.000000000000000000e+00 1.300000000000000000e+02 7.692307692307692735e-03 7.925558000000000354e-08
1.999950000000000061e-01 1.064207999999999996e-07 9.910000000000000519e+37 2.337429000000000087e+04 2.150800000000000000e+04 6.000000000000000000e+00 1.400000000000000000e+02 7.142857142857142634e-03 1.064207999999999996e-07
1.999950000000000061e-01 1.553878999999999961e-07 9.910000000000000519e+37 2.403625999999999840e+04 2.150800000000000000e+04 7.000000000000000000e+00 1.500000000000000000e+02 6.666666666666667095e-03 1.553878999999999961e-07
1.999950000000000061e-01 2.380775000000000088e-07 9.910000000000000519e+37 2.464354000000000087e+04 2.150800000000000000e+04 8.000000000000000000e+00 1.600000000000000000e+02 6.250000000000000347e-03 2.380775000000000088e-07
1.999950000000000061e-01 4.071402000000000156e-07 9.910000000000000519e+37 2.538293000000000029e+04 2.150800000000000000e+04 9.000000000000000000e+00 1.700000000000000000e+02 5.882352941176470507e-03 4.071402000000000156e-07
1.999950000000000061e-01 6.421858000000000196e-07 9.910000000000000519e+37 2.605129000000000087e+04 2.150800000000000000e+04 1.000000000000000000e+01 1.800000000000000000e+02 5.555555555555555768e-03 6.421858000000000196e-07
1.999950000000000061e-01 1.087050000000000036e-06 9.910000000000000519e+37 2.669445999999999913e+04 2.150800000000000000e+04 1.100000000000000000e+01 1.900000000000000000e+02 5.263157894736841987e-03 1.087050000000000036e-06
1.999950000000000061e-01 1.931831999999999904e-06 9.910000000000000519e+37 2.736154999999999927e+04 2.150800000000000000e+04 1.200000000000000000e+01 2.000000000000000000e+02 5.000000000000000104e-03 1.931831999999999904e-06
1.999950000000000061e-01 3.242416000000000094e-06 9.910000000000000519e+37 2.786163000000000102e+04 2.150800000000000000e+04 1.300000000000000000e+01 2.100000000000000000e+02 4.761904761904762334e-03 3.242416000000000094e-06
1.999950000000000061e-01 5.263874999999999640e-06 9.910000000000000519e+37 2.830400999999999840e+04 2.150800000000000000e+04 1.400000000000000000e+01 2.200000000000000000e+02 4.545454545454545234e-03 5.263874999999999640e-06
1.999950000000000061e-01 9.401557000000000625e-06 9.910000000000000519e+37 2.875895999999999913e+04 2.150800000000000000e+04 1.500000000000000000e+01 2.300000000000000000e+02 4.347826086956521792e-03 9.401557000000000625e-06
1.999950000000000061e-01 1.939018999999999875e-05 9.910000000000000519e+37 2.925488999999999942e+04 2.150800000000000000e+04 1.600000000000000000e+01 2.400000000000000000e+02 4.166666666666666609e-03 1.939018999999999875e-05
1.999950000000000061e-01 3.371003000000000291e-05 9.910000000000000519e+37 3.078783000000000175e+04 2.150800000000000000e+04 1.700000000000000000e+01 2.500000000000000000e+02 4.000000000000000083e-03 3.371003000000000291e-05
1.999950000000000061e-01 5.683378999999999715e-05 9.910000000000000519e+37 3.130134999999999854e+04 2.150800000000000000e+04 1.800000000000000000e+01 2.600000000000000000e+02 3.846153846153846367e-03 5.683378999999999715e-05
1.999950000000000061e-01 8.964540000000000063e-05 9.910000000000000519e+37 3.170675000000000000e+04 2.150800000000000000e+04 1.900000000000000000e+01 2.700000000000000000e+02 3.703703703703703845e-03 8.964540000000000063e-05
1.999950000000000061e-01 1.340827999999999963e-04 9.910000000000000519e+37 3.211427000000000044e+04 2.150800000000000000e+04 2.000000000000000000e+01 2.800000000000000000e+02 3.571428571428571317e-03 1.340827999999999963e-04
1.999950000000000061e-01 1.988141999999999980e-04 9.910000000000000519e+37 3.250331000000000131e+04 2.150800000000000000e+04 2.100000000000000000e+01 2.900000000000000000e+02 3.448275862068965469e-03 1.988141999999999980e-04
1.999950000000000061e-01 2.841895000000000207e-04 9.910000000000000519e+37 3.286113999999999942e+04 2.150800000000000000e+04 0.000000000000000000e+00 3.000000000000000000e+02 3.333333333333333547e-03 2.841895000000000207e-04
