9.999500000000000055e-02 4.457303000000000112e-08 9.910000000000000519e+37 1.996822999999999956e+04 2.150800000000000000e+04 1.000000000000000000e+00 9.300000000000000000e+01 1.075268817204301161e-02 4.457303000000000112e-08
9.999500000000000055e-02 3.097997999999999707e-08 9.910000000000000519e+37 2.054493000000000029e+04 2.150800000000000000e+04 2.000000000000000000e+00 1.000000000000000000e+02 1.000000000000000021e-02 3.097997999999999707e-08
9.999500000000000055e-02 2.930840999999999847e-08 9.910000000000000519e+37 2.135840999999999985e+04 2.150800000000000000e+04 3.000000000000000000e+00 1.100000000000000000e+02 9.090909090909090468e-03 2.930840999999999847e-08
9.999500000000000055e-02 4.019973000000000259e-08 9.910000000000000519e+37 2.209384999999999854e+04 2.150800000000000000e+04 4.000000000000000000e+00 1.200000000000000000e+02 8.333333333333333218e-03 4.019973000000000259e-08
9.999500000000000055e-02 4.912154000000000034e-08 9.910000000000000519e+37 2.280324000000000160e+04 2.150800000000000000e+04 5.000000000000000000e+00 1.300000000000000000e+02 7.692307692307692735e-03 4.912154000000000034e-08
9.999500000000000055e-02 6.513802000000000374e-08 9.910000000000000519e+37 2.337393999999999869e+04 2.150800000000000000e+04 6.000000000000000000e+00 1.400000000000000000e+02 7.142857142857142634e-03 6.513802000000000374e-08
9.999500000000000055e-02 8.579660999999999868e-08 9.910000000000000519e+37 2.403590999999999985e+04 2.150800000000000000e+04 7.000000000000000000e+00 1.500000000000000000e+02 6.666666666666667095e-03 8.579660999999999868e-08
9.999500000000000055e-02 1.107421000000000054e-07 9.910000000000000519e+37 2.464318999999999869e+04 2.150800000000000000e+04 8.000000000000000000e+00 1.600000000000000000e+02 6.250000000000000347e-03 1.107421000000000054e-07
9.999500000000000055e-02 1.992585000000000104e-07 9.910000000000000519e+37 2.538259000000000015e+04 2.150800000000000000e+04 9.000000000000000000e+00 1.700000000000000000e+02 5.882352941176470507e-03 1.992585000000000104e-07
9.999500000000000055e-02 3.166284000000000164e-07 9.910000000000000519e+37 2.605093999999999869e+04 2.150800000000000000e+04 1.000000000000000000e+01 1.800000000000000000e+02 5.555555555555555768e-03 3.166284000000000164e-07
9.999500000000000055e-02 4.954063000000000386e-07 9.910000000000000519e+37 2.669395999999999913e+04 2.150800000000000000e+04 1.100000000000000000e+01 1.900000000000000000e+02 5.263157894736841987e-03 4.954063000000000386e-07
9.999500000000000055e-02 8.492769999999999623e-07 9.910000000000000519e+37 2.736104999999999927e+04 2.150800000000000000e+04 1.200000000000000000e+01 2.000000000000000000e+02 5.000000000000000104e-03 8.492769999999999623e-07
9.999500000000000055e-02 1.416343000000000019e-06 9.910000000000000519e+37 2.786127000000000044e+04 2.150800000000000000e+04 1.300000000000000000e+01 2.100000000000000000e+02 4.761904761904762334e-03 1.416343000000000019e-06
9.999500000000000055e-02 2.307568000000000113e-06 9.910000000000000519e+37 2.830366999999999825e+04 2.150800000000000000e+04 1.400000000000000000e+01 2.200000000000000000e+02 4.545454545454545234e-03 2.307568000000000113e-06
9.999500000000000055e-02 4.189927000000000008e-06 9.910000000000000519e+37 2.875861000000000058e+04 2.150800000000000000e+04 1.500000000000000000e+01 2.300000000000000000e+02 4.347826086956521792e-03 4.189927000000000008e-06
9.999500000000000055e-02 8.842219000000000120e-06 9.910000000000000519e+37 2.925440000000000146e+04 2.150800000000000000e+04 1.600000000000000000e+01 2.400000000000000000e+02 4.166666666666666609e-03 8.842219000000000120e-06
9.999500000000000055e-02 1.562293000000000121e-05 9.910000000000000519e+37 3.078747999999999956e+04 2.150800000000000000e+04 1.700000000000000000e+01 2.500000000000000000e+02 4.000000000000000083e-03 1.562293000000000121e-05
9.999500000000000055e-02 2.671283000000000153e-05 9.910000000000000519e+37 3.130100000000000000e+04 2.150800000000000000e+04 1.800000000000000000e+01 2.600000000000000000e+02 3.846153846153846367e-03 2.671283000000000153e-05
9.999500000000000055e-02 4.262456000000000242e-05 9.910000000000000519e+37 3.170640000000000146e+04 2.150800000000000000e+04 1.900000000000000000e+01 2.700000000000000000e+02 3.703703703703703845e-03 4.262456000000000242e-05
9.999500000000000055e-02 6.435350999999999366e-05 9.910000000000000519e+37 3.211377999999999884e+04 2.150800000000000000e+04 2.000000000000000000e+01 2.800000000000000000e+02 3.571428571428571317e-03 6.435350999999999366e-05
9.999500000000000055e-02 9.615817999999999555e-05 9.910000000000000519e+37 3.250283000000000175e+04 2.150800000000000000e+04 2.100000000000000000e+01 2.900000000000000000e+02 3.448275862068965469e-03 9.615817999999999555e-05
9.999500000000000055e-02 1.381935000000000043e-04 9.910000000000000519e+37 3.286079000000000087e+04 2.150800000000000000e+04 0.000000000000000000e+00 3.000000000000000000e+02 3.333333333333333547e-03 1.381935000000000043e-04
