-1.000049999999999967e-01 -1.372283000000000016e-10 9.910000000000000519e+37 9.761494000000000142e+02 2.150800000000000000e+04 2.000000000000000000e+01 9.000000000000000000e+01 1.111111111111111154e-02 1.372283000000000016e-10
-1.000049999999999967e-01 -3.080723000000000116e-10 9.910000000000000519e+37 3.755018000000000029e+03 2.150800000000000000e+04 0.000000000000000000e+00 1.000000000000000000e+02 1.000000000000000021e-02 3.080723000000000116e-10
-1.000049999999999967e-01 -2.822517000000000067e-10 9.910000000000000519e+37 4.642744999999999891e+03 2.150800000000000000e+04 1.000000000000000000e+00 1.100000000000000000e+02 9.090909090909090468e-03 2.822517000000000067e-10
-1.000049999999999967e-01 -5.417296999999999558e-10 9.910000000000000519e+37 6.659251000000000204e+03 2.150800000000000000e+04 2.000000000000000000e+00 1.200000000000000000e+02 8.333333333333333218e-03 5.417296999999999558e-10
-1.000049999999999967e-01 -1.135324999999999903e-09 9.910000000000000519e+37 7.954019000000000233e+03 2.150800000000000000e+04 3.000000000000000000e+00 1.300000000000000000e+02 7.692307692307692735e-03 1.135324999999999903e-09
-1.000049999999999967e-01 -3.055215000000000187e-09 9.910000000000000519e+37 8.870622999999999593e+03 2.150800000000000000e+04 4.000000000000000000e+00 1.400000000000000000e+02 7.142857142857142634e-03 3.055215000000000187e-09
-1.000049999999999967e-01 -7.552447999999999271e-09 9.910000000000000519e+37 9.813060999999999694e+03 2.150800000000000000e+04 5.000000000000000000e+00 1.500000000000000000e+02 6.666666666666667095e-03 7.552447999999999271e-09
-1.000049999999999967e-01 -2.595425999999999884e-08 9.910000000000000519e+37 1.104670000000000073e+04 2.150800000000000000e+04 6.000000000000000000e+00 1.600000000000000000e+02 6.250000000000000347e-03 2.595425999999999884e-08
-1.000049999999999967e-01 -7.245410999999999683e-08 9.910000000000000519e+37 1.285402000000000044e+04 2.150800000000000000e+04 7.000000000000000000e+00 1.700000000000000000e+02 5.882352941176470507e-03 7.245410999999999683e-08
-1.000049999999999967e-01 -1.653108000000000061e-07 9.910000000000000519e+37 1.435093000000000029e+04 2.150800000000000000e+04 8.000000000000000000e+00 1.800000000000000000e+02 5.555555555555555768e-03 1.653108000000000061e-07
-1.000049999999999967e-01 -3.634822000000000094e-07 9.910000000000000519e+37 1.544148999999999978e+04 2.150800000000000000e+04 9.000000000000000000e+00 1.900000000000000000e+02 5.263157894736841987e-03 3.634822000000000094e-07
-1.000049999999999967e-01 -1.049242999999999968e-06 9.910000000000000519e+37 1.642036000000000058e+04 2.150800000000000000e+04 1.000000000000000000e+01 2.050000000000000000e+02 4.878048780487804874e-03 1.049242999999999968e-06
-1.000049999999999967e-01 -2.772418999999999807e-06 9.910000000000000519e+37 1.697629000000000087e+04 2.150800000000000000e+04 1.100000000000000000e+01 2.200000000000000000e+02 4.545454545454545234e-03 2.772418999999999807e-06
-1.000049999999999967e-01 -4.963187999999999854e-06 9.910000000000000519e+37 1.744281999999999971e+04 2.150800000000000000e+04 1.200000000000000000e+01 2.300000000000000000e+02 4.347826086956521792e-03 4.963187999999999854e-06
-1.000049999999999967e-01 -8.585406999999999978e-06 9.910000000000000519e+37 1.787295000000000073e+04 2.150800000000000000e+04 1.300000000000000000e+01 2.400000000000000000e+02 4.166666666666666609e-03 8.585406999999999978e-06
-1.000049999999999967e-01 -1.484756999999999954e-05 9.910000000000000519e+37 1.809918999999999869e+04 2.150800000000000000e+04 1.400000000000000000e+01 2.500000000000000000e+02 4.000000000000000083e-03 1.484756999999999954e-05
-1.000049999999999967e-01 -2.616823000000000001e-05 9.910000000000000519e+37 1.844897000000000116e+04 2.150800000000000000e+04 1.500000000000000000e+01 2.600000000000000000e+02 3.846153846153846367e-03 2.616823000000000001e-05
-1.000049999999999967e-01 -4.473601000000000064e-05 9.910000000000000519e+37 1.887984000000000015e+04 2.150800000000000000e+04 1.600000000000000000e+01 2.700000000000000000e+02 3.703703703703703845e-03 4.473601000000000064e-05
-1.000049999999999967e-01 -6.188566000000000000e-05 9.910000000000000519e+37 1.945650000000000000e+04 2.150800000000000000e+04 1.700000000000000000e+01 2.800000000000000000e+02 3.571428571428571317e-03 6.188566000000000000e-05
-1.000049999999999967e-01 -9.402794999999999816e-05 9.910000000000000519e+37 1.995620000000000073e+04 2.150800000000000000e+04 1.800000000000000000e+01 2.900000000000000000e+02 3.448275862068965469e-03 9.402794999999999816e-05
-1.000049999999999967e-01 -1.290448000000000083e-04 9.910000000000000519e+37 2.055890000000000146e+04 2.150800000000000000e+04 1.900000000000000000e+01 3.000000000000000000e+02 3.333333333333333547e-03 1.290448000000000083e-04
