-1.000049999999999967e-01 2.487670999999999856e-09 9.910000000000000519e+37 1.795430000000000064e+02 2.150800000000000000e+04 0.000000000000000000e+00 9.400000000000000000e+01 1.063829787234042527e-02 2.487670999999999856e-09
-1.000049999999999967e-01 3.276263000000000146e-09 9.910000000000000519e+37 1.712724999999999909e+03 2.150800000000000000e+04 1.000000000000000000e+00 1.000000000000000000e+02 1.000000000000000021e-02 3.276263000000000146e-09
-1.000049999999999967e-01 -1.887726000000000105e-08 9.910000000000000519e+37 2.591320999999999913e+03 2.150800000000000000e+04 2.000000000000000000e+00 1.100000000000000000e+02 9.090909090909090468e-03 1.887726000000000105e-08
-1.000049999999999967e-01 -1.743106000000000164e-08 9.910000000000000519e+37 3.263193999999999960e+03 2.150800000000000000e+04 3.000000000000000000e+00 1.200000000000000000e+02 8.333333333333333218e-03 1.743106000000000164e-08
-1.000049999999999967e-01 -2.202890999999999936e-08 9.910000000000000519e+37 3.904978999999999814e+03 2.150800000000000000e+04 4.000000000000000000e+00 1.300000000000000000e+02 7.692307692307692735e-03 2.202890999999999936e-08
-1.000049999999999967e-01 -1.166504999999999995e-08 9.910000000000000519e+37 5.607962999999999738e+03 2.150800000000000000e+04 5.000000000000000000e+00 1.400000000000000000e+02 7.142857142857142634e-03 1.166504999999999995e-08
-1.000049999999999967e-01 -4.103531999999999928e-08 9.910000000000000519e+37 6.249253999999999905e+03 2.150800000000000000e+04 6.000000000000000000e+00 1.500000000000000000e+02 6.666666666666667095e-03 4.103531999999999928e-08
-1.000049999999999967e-01 -5.232440999999999757e-08 9.910000000000000519e+37 6.945542000000000371e+03 2.150800000000000000e+04 7.000000000000000000e+00 1.600000000000000000e+02 6.250000000000000347e-03 5.232440999999999757e-08
-1.000049999999999967e-01 -1.186764000000000051e-07 9.910000000000000519e+37 8.846681000000000495e+03 2.150800000000000000e+04 8.000000000000000000e+00 1.700000000000000000e+02 5.882352941176470507e-03 1.186764000000000051e-07
-1.000049999999999967e-01 -1.920355999999999914e-07 9.910000000000000519e+37 9.549845999999999549e+03 2.150800000000000000e+04 9.000000000000000000e+00 1.800000000000000000e+02 5.555555555555555768e-03 1.920355999999999914e-07
-1.000049999999999967e-01 -3.550397000000000051e-07 9.910000000000000519e+37 1.017910000000000036e+04 2.150800000000000000e+04 1.000000000000000000e+01 1.900000000000000000e+02 5.263157894736841987e-03 3.550397000000000051e-07
-1.000049999999999967e-01 -6.785779999999999767e-07 9.910000000000000519e+37 1.086844000000000051e+04 2.150800000000000000e+04 1.100000000000000000e+01 2.000000000000000000e+02 5.000000000000000104e-03 6.785779999999999767e-07
-1.000049999999999967e-01 -1.238477999999999902e-06 9.910000000000000519e+37 1.153267000000000007e+04 2.150800000000000000e+04 1.200000000000000000e+01 2.100000000000000000e+02 4.761904761904762334e-03 1.238477999999999902e-06
-1.000049999999999967e-01 -2.622303999999999974e-06 9.910000000000000519e+37 1.236510000000000036e+04 2.150800000000000000e+04 1.300000000000000000e+01 2.200000000000000000e+02 4.545454545454545234e-03 2.622303999999999974e-06
-1.000049999999999967e-01 -5.498285000000000162e-06 9.910000000000000519e+37 1.314182999999999993e+04 2.150800000000000000e+04 1.400000000000000000e+01 2.300000000000000000e+02 4.347826086956521792e-03 5.498285000000000162e-06
-1.000049999999999967e-01 -9.828222000000000377e-06 9.910000000000000519e+37 1.363196999999999935e+04 2.150800000000000000e+04 1.500000000000000000e+01 2.400000000000000000e+02 4.166666666666666609e-03 9.828222000000000377e-06
-1.000049999999999967e-01 -1.703339000000000125e-05 9.910000000000000519e+37 1.410542000000000007e+04 2.150800000000000000e+04 1.600000000000000000e+01 2.500000000000000000e+02 4.000000000000000083e-03 1.703339000000000125e-05
-1.000049999999999967e-01 -2.765856000000000036e-05 9.910000000000000519e+37 1.454775000000000000e+04 2.150800000000000000e+04 1.700000000000000000e+01 2.600000000000000000e+02 3.846153846153846367e-03 2.765856000000000036e-05
-1.000049999999999967e-01 -4.267068999999999718e-05 9.910000000000000519e+37 1.510087999999999920e+04 2.150800000000000000e+04 1.800000000000000000e+01 2.700000000000000000e+02 3.703703703703703845e-03 4.267068999999999718e-05
-1.000049999999999967e-01 -6.614518999999999748e-05 9.910000000000000519e+37 1.548779999999999927e+04 2.150800000000000000e+04 1.900000000000000000e+01 2.800000000000000000e+02 3.571428571428571317e-03 6.614518999999999748e-05
-1.000049999999999967e-01 -9.503580000000000241e-05 9.910000000000000519e+37 1.603859000000000015e+04 2.150800000000000000e+04 2.000000000000000000e+01 2.900000000000000000e+02 3.448275862068965469e-03 9.503580000000000241e-05
-1.000049999999999967e-01 -1.391549999999999916e-04 9.910000000000000519e+37 1.646261000000000058e+04 2.150800000000000000e+04 2.100000000000000000e+01 3.000000000000000000e+02 3.333333333333333547e-03 1.391549999999999916e-04
