9.999500000000000055e-02 2.404131000000000060e-10 9.910000000000000519e+37 9.821221000000000458e+02 2.150800000000000000e+04 2.000000000000000000e+01 9.000000000000000000e+01 1.111111111111111154e-02 2.404131000000000060e-10
9.999500000000000055e-02 4.622934999999999789e-11 9.910000000000000519e+37 3.760987999999999829e+03 2.150800000000000000e+04 0.000000000000000000e+00 1.000000000000000000e+02 1.000000000000000021e-02 4.622934999999999789e-11
9.999500000000000055e-02 1.038390999999999977e-10 9.910000000000000519e+37 4.648719000000000051e+03 2.150800000000000000e+04 1.000000000000000000e+00 1.100000000000000000e+02 9.090909090909090468e-03 1.038390999999999977e-10
9.999500000000000055e-02 3.016330000000000093e-11 9.910000000000000519e+37 6.665222999999999956e+03 2.150800000000000000e+04 2.000000000000000000e+00 1.200000000000000000e+02 8.333333333333333218e-03 3.016330000000000093e-11
9.999500000000000055e-02 8.223662000000000547e-11 9.910000000000000519e+37 7.959989999999999782e+03 2.150800000000000000e+04 3.000000000000000000e+00 1.300000000000000000e+02 7.692307692307692735e-03 8.223662000000000547e-11
9.999500000000000055e-02 2.699039000000000217e-10 9.910000000000000519e+37 8.876594999999999345e+03 2.150800000000000000e+04 4.000000000000000000e+00 1.400000000000000000e+02 7.142857142857142634e-03 2.699039000000000217e-10
9.999500000000000055e-02 4.471886000000000019e-10 9.910000000000000519e+37 9.819032999999999447e+03 2.150800000000000000e+04 5.000000000000000000e+00 1.500000000000000000e+02 6.666666666666667095e-03 4.471886000000000019e-10
9.999500000000000055e-02 2.372191000000000168e-09 9.910000000000000519e+37 1.105267000000000007e+04 2.150800000000000000e+04 6.000000000000000000e+00 1.600000000000000000e+02 6.250000000000000347e-03 2.372191000000000168e-09
9.999500000000000055e-02 8.773863000000000683e-09 9.910000000000000519e+37 1.285998999999999978e+04 2.150800000000000000e+04 7.000000000000000000e+00 1.700000000000000000e+02 5.882352941176470507e-03 8.773863000000000683e-09
9.999500000000000055e-02 2.656697999999999918e-08 9.910000000000000519e+37 1.435689999999999964e+04 2.150800000000000000e+04 8.000000000000000000e+00 1.800000000000000000e+02 5.555555555555555768e-03 2.656697999999999918e-08
9.999500000000000055e-02 7.916807999999999696e-08 9.910000000000000519e+37 1.544745000000000073e+04 2.150800000000000000e+04 9.000000000000000000e+00 1.900000000000000000e+02 5.263157894736841987e-03 7.916807999999999696e-08
9.999500000000000055e-02 3.395717999999999808e-07 9.910000000000000519e+37 1.642693000000000029e+04 2.150800000000000000e+04 1.000000000000000000e+01 2.050000000000000000e+02 4.878048780487804874e-03 3.395717999999999808e-07
9.999500000000000055e-02 1.222995000000000053e-06 9.910000000000000519e+37 1.697743000000000029e+04 2.150800000000000000e+04 1.100000000000000000e+01 2.200000000000000000e+02 4.545454545454545234e-03 1.222995000000000053e-06
9.999500000000000055e-02 2.585530999999999860e-06 9.910000000000000519e+37 1.744374000000000160e+04 2.150800000000000000e+04 1.200000000000000000e+01 2.300000000000000000e+02 4.347826086956521792e-03 2.585530999999999860e-06
9.999500000000000055e-02 5.102135999999999968e-06 9.910000000000000519e+37 1.787386000000000058e+04 2.150800000000000000e+04 1.300000000000000000e+01 2.400000000000000000e+02 4.166666666666666609e-03 5.102135999999999968e-06
9.999500000000000055e-02 1.001746000000000082e-05 9.910000000000000519e+37 1.810018000000000029e+04 2.150800000000000000e+04 1.400000000000000000e+01 2.500000000000000000e+02 4.000000000000000083e-03 1.001746000000000082e-05
9.999500000000000055e-02 1.952348999999999965e-05 9.910000000000000519e+37 1.845011000000000058e+04 2.150800000000000000e+04 1.500000000000000000e+01 2.600000000000000000e+02 3.846153846153846367e-03 1.952348999999999965e-05
9.999500000000000055e-02 3.624987999999999859e-05 9.910000000000000519e+37 1.888097999999999956e+04 2.150800000000000000e+04 1.600000000000000000e+01 2.700000000000000000e+02 3.703703703703703845e-03 3.624987999999999859e-05
9.999500000000000055e-02 5.222614000000000070e-05 9.910000000000000519e+37 1.945741999999999825e+04 2.150800000000000000e+04 1.700000000000000000e+01 2.800000000000000000e+02 3.571428571428571317e-03 5.222614000000000070e-05
9.999500000000000055e-02 8.295199000000000062e-05 9.910000000000000519e+37 1.995711000000000058e+04 2.150800000000000000e+04 1.800000000000000000e+01 2.900000000000000000e+02 3.448275862068965469e-03 8.295199000000000062e-05
9.999500000000000055e-02 1.168327999999999972e-04 9.910000000000000519e+37 2.056004000000000087e+04 2.150800000000000000e+04 1.900000000000000000e+01 3.000000000000000000e+02 3.333333333333333547e-03 1.168327999999999972e-04
