-2.000049999999999883e-01 -4.113143000000000258e-10 9.910000000000000519e+37 2.499458000000000084e+03 2.150800000000000000e+04 0.000000000000000000e+00 8.700000000000000000e+01 1.149425287356321823e-02 4.113143000000000258e-10
-2.000049999999999883e-01 -1.079910000000000048e-09 9.910000000000000519e+37 6.085935000000000400e+03 2.150800000000000000e+04 1.000000000000000000e+00 1.000000000000000000e+02 1.000000000000000021e-02 1.079910000000000048e-09
-2.000049999999999883e-01 -2.464973000000000148e-09 9.910000000000000519e+37 9.210340000000000146e+03 2.150800000000000000e+04 2.000000000000000000e+00 1.100000000000000000e+02 9.090909090909090468e-03 2.464973000000000148e-09
-2.000049999999999883e-01 -5.879865000000000354e-09 9.910000000000000519e+37 1.288769000000000051e+04 2.150800000000000000e+04 3.000000000000000000e+00 1.200000000000000000e+02 8.333333333333333218e-03 5.879865000000000354e-09
-2.000049999999999883e-01 -1.351486000000000062e-08 9.910000000000000519e+37 1.465312000000000080e+04 2.150800000000000000e+04 4.000000000000000000e+00 1.300000000000000000e+02 7.692307692307692735e-03 1.351486000000000062e-08
-2.000049999999999883e-01 -2.324053999999999841e-08 9.910000000000000519e+37 1.547912000000000080e+04 2.150800000000000000e+04 5.000000000000000000e+00 1.400000000000000000e+02 7.142857142857142634e-03 2.324053999999999841e-08
-2.000049999999999883e-01 -7.034958999999999963e-08 9.910000000000000519e+37 1.704286000000000058e+04 2.150800000000000000e+04 6.000000000000000000e+00 1.500000000000000000e+02 6.666666666666667095e-03 7.034958999999999963e-08
-2.000049999999999883e-01 -1.292834999999999943e-07 9.910000000000000519e+37 1.780231000000000131e+04 2.150800000000000000e+04 7.000000000000000000e+00 1.600000000000000000e+02 6.250000000000000347e-03 1.292834999999999943e-07
-2.000049999999999883e-01 -3.730728999999999763e-07 9.910000000000000519e+37 1.955604999999999927e+04 2.150800000000000000e+04 8.000000000000000000e+00 1.700000000000000000e+02 5.882352941176470507e-03 3.730728999999999763e-07
-2.000049999999999883e-01 -5.471807000000000049e-07 9.910000000000000519e+37 2.021509999999999854e+04 2.150800000000000000e+04 9.000000000000000000e+00 1.800000000000000000e+02 5.555555555555555768e-03 5.471807000000000049e-07
-2.000049999999999883e-01 -1.039390000000000098e-06 9.910000000000000519e+37 2.092815000000000146e+04 2.150800000000000000e+04 1.000000000000000000e+01 1.900000000000000000e+02 5.263157894736841987e-03 1.039390000000000098e-06
-2.000049999999999883e-01 -1.867485999999999945e-06 9.910000000000000519e+37 2.154090999999999985e+04 2.150800000000000000e+04 1.100000000000000000e+01 2.000000000000000000e+02 5.000000000000000104e-03 1.867485999999999945e-06
-2.000049999999999883e-01 -3.495170000000000029e-06 9.910000000000000519e+37 2.202765000000000146e+04 2.150800000000000000e+04 1.200000000000000000e+01 2.100000000000000000e+02 4.761904761904762334e-03 3.495170000000000029e-06
-2.000049999999999883e-01 -5.834891999999999598e-06 9.910000000000000519e+37 2.246952000000000044e+04 2.150800000000000000e+04 1.300000000000000000e+01 2.200000000000000000e+02 4.545454545454545234e-03 5.834891999999999598e-06
-2.000049999999999883e-01 -1.007340999999999983e-05 9.910000000000000519e+37 2.284365999999999985e+04 2.150800000000000000e+04 1.400000000000000000e+01 2.300000000000000000e+02 4.347826086956521792e-03 1.007340999999999983e-05
-2.000049999999999883e-01 -2.018762999999999835e-05 9.910000000000000519e+37 2.333038000000000102e+04 2.150800000000000000e+04 1.500000000000000000e+01 2.400000000000000000e+02 4.166666666666666609e-03 2.018762999999999835e-05
-2.000049999999999883e-01 -2.813173999999999978e-05 9.910000000000000519e+37 2.360754999999999927e+04 2.150800000000000000e+04 1.600000000000000000e+01 2.500000000000000000e+02 4.000000000000000083e-03 2.813173999999999978e-05
-2.000049999999999883e-01 -4.957494000000000142e-05 9.910000000000000519e+37 2.401940999999999985e+04 2.150800000000000000e+04 1.700000000000000000e+01 2.600000000000000000e+02 3.846153846153846367e-03 4.957494000000000142e-05
-2.000049999999999883e-01 -7.537963000000000118e-05 9.910000000000000519e+37 2.436897999999999956e+04 2.150800000000000000e+04 1.800000000000000000e+01 2.700000000000000000e+02 3.703703703703703845e-03 7.537963000000000118e-05
-2.000049999999999883e-01 -1.167021999999999954e-04 9.910000000000000519e+37 2.479675999999999840e+04 2.150800000000000000e+04 1.900000000000000000e+01 2.800000000000000000e+02 3.571428571428571317e-03 1.167021999999999954e-04
-2.000049999999999883e-01 -1.535933999999999921e-04 9.910000000000000519e+37 2.517299000000000160e+04 2.150800000000000000e+04 2.000000000000000000e+01 2.900000000000000000e+02 3.448275862068965469e-03 1.535933999999999921e-04
-2.000049999999999883e-01 -2.176709000000000033e-04 9.910000000000000519e+37 2.568827000000000044e+04 2.150800000000000000e+04 2.100000000000000000e+01 3.000000000000000000e+02 3.333333333333333547e-03 2.176709000000000033e-04
