-2.000049999999999883e-01 -1.372559999999999983e-08 9.910000000000000519e+37 1.791923999999999921e+02 2.150800000000000000e+04 0.000000000000000000e+00 9.400000000000000000e+01 1.063829787234042527e-02 1.372559999999999983e-08
-2.000049999999999883e-01 -5.521903999999999753e-09 9.910000000000000519e+37 1.712378999999999905e+03 2.150800000000000000e+04 1.000000000000000000e+00 1.000000000000000000e+02 1.000000000000000021e-02 5.521903999999999753e-09
-2.000049999999999883e-01 -2.234943999999999846e-08 9.910000000000000519e+37 2.590971000000000004e+03 2.150800000000000000e+04 2.000000000000000000e+00 1.100000000000000000e+02 9.090909090909090468e-03 2.234943999999999846e-08
-2.000049999999999883e-01 -2.164726999999999860e-08 9.910000000000000519e+37 3.262847999999999956e+03 2.150800000000000000e+04 3.000000000000000000e+00 1.200000000000000000e+02 8.333333333333333218e-03 2.164726999999999860e-08
-2.000049999999999883e-01 -3.595760000000000164e-08 9.910000000000000519e+37 3.904630999999999858e+03 2.150800000000000000e+04 4.000000000000000000e+00 1.300000000000000000e+02 7.692307692307692735e-03 3.595760000000000164e-08
-2.000049999999999883e-01 -3.887589000000000150e-08 9.910000000000000519e+37 5.607617000000000189e+03 2.150800000000000000e+04 5.000000000000000000e+00 1.400000000000000000e+02 7.142857142857142634e-03 3.887589000000000150e-08
-2.000049999999999883e-01 -6.857309999999999350e-08 9.910000000000000519e+37 6.248911000000000058e+03 2.150800000000000000e+04 6.000000000000000000e+00 1.500000000000000000e+02 6.666666666666667095e-03 6.857309999999999350e-08
-2.000049999999999883e-01 -9.911842999999999931e-08 9.910000000000000519e+37 6.945188000000000102e+03 2.150800000000000000e+04 7.000000000000000000e+00 1.600000000000000000e+02 6.250000000000000347e-03 9.911842999999999931e-08
-2.000049999999999883e-01 -2.725518999999999989e-07 9.910000000000000519e+37 8.846332000000000335e+03 2.150800000000000000e+04 8.000000000000000000e+00 1.700000000000000000e+02 5.882352941176470507e-03 2.725518999999999989e-07
-2.000049999999999883e-01 -4.675848999999999957e-07 9.910000000000000519e+37 9.549498999999999796e+03 2.150800000000000000e+04 9.000000000000000000e+00 1.800000000000000000e+02 5.555555555555555768e-03 4.675848999999999957e-07
-2.000049999999999883e-01 -8.683770000000000208e-07 9.910000000000000519e+37 1.017875000000000000e+04 2.150800000000000000e+04 1.000000000000000000e+01 1.900000000000000000e+02 5.263157894736841987e-03 8.683770000000000208e-07
-2.000049999999999883e-01 -1.675011999999999964e-06 9.910000000000000519e+37 1.086802000000000044e+04 2.150800000000000000e+04 1.100000000000000000e+01 2.000000000000000000e+02 5.000000000000000104e-03 1.675011999999999964e-06
-2.000049999999999883e-01 -2.956486000000000021e-06 9.910000000000000519e+37 1.153232999999999993e+04 2.150800000000000000e+04 1.200000000000000000e+01 2.100000000000000000e+02 4.761904761904762334e-03 2.956486000000000021e-06
-2.000049999999999883e-01 -6.068974000000000383e-06 9.910000000000000519e+37 1.236476000000000022e+04 2.150800000000000000e+04 1.300000000000000000e+01 2.200000000000000000e+02 4.545454545454545234e-03 6.068974000000000383e-06
-2.000049999999999883e-01 -1.233264000000000056e-05 9.910000000000000519e+37 1.314142000000000007e+04 2.150800000000000000e+04 1.400000000000000000e+01 2.300000000000000000e+02 4.347826086956521792e-03 1.233264000000000056e-05
-2.000049999999999883e-01 -2.157154999999999847e-05 9.910000000000000519e+37 1.363154999999999927e+04 2.150800000000000000e+04 1.500000000000000000e+01 2.400000000000000000e+02 4.166666666666666609e-03 2.157154999999999847e-05
-2.000049999999999883e-01 -3.671522999999999914e-05 9.910000000000000519e+37 1.410507999999999993e+04 2.150800000000000000e+04 1.600000000000000000e+01 2.500000000000000000e+02 4.000000000000000083e-03 3.671522999999999914e-05
-2.000049999999999883e-01 -5.880300999999999996e-05 9.910000000000000519e+37 1.454738999999999942e+04 2.150800000000000000e+04 1.700000000000000000e+01 2.600000000000000000e+02 3.846153846153846367e-03 5.880300999999999996e-05
-2.000049999999999883e-01 -8.979159999999999594e-05 9.910000000000000519e+37 1.510054000000000087e+04 2.150800000000000000e+04 1.800000000000000000e+01 2.700000000000000000e+02 3.703703703703703845e-03 8.979159999999999594e-05
-2.000049999999999883e-01 -1.378667999999999994e-04 9.910000000000000519e+37 1.548737999999999920e+04 2.150800000000000000e+04 1.900000000000000000e+01 2.800000000000000000e+02 3.571428571428571317e-03 1.378667999999999994e-04
-2.000049999999999883e-01 -1.966845999999999905e-04 9.910000000000000519e+37 1.603815999999999985e+04 2.150800000000000000e+04 2.000000000000000000e+01 2.900000000000000000e+02 3.448275862068965469e-03 1.966845999999999905e-04
-2.000049999999999883e-01 -2.861801999999999879e-04 9.910000000000000519e+37 1.646225999999999840e+04 2.150800000000000000e+04 2.100000000000000000e+01 3.000000000000000000e+02 3.333333333333333547e-03 2.861801999999999879e-04
