-2.000049999999999883e-01 -7.014375000000000234e-08 9.910000000000000519e+37 1.996718999999999869e+04 2.150800000000000000e+04 1.000000000000000000e+00 9.300000000000000000e+01 1.075268817204301161e-02 7.014375000000000234e-08
-2.000049999999999883e-01 -6.793636000000000258e-08 9.910000000000000519e+37 2.054388999999999942e+04 2.150800000000000000e+04 2.000000000000000000e+00 1.000000000000000000e+02 1.000000000000000021e-02 6.793636000000000258e-08
-2.000049999999999883e-01 -6.170173000000000547e-08 9.910000000000000519e+37 2.135734999999999854e+04 2.150800000000000000e+04 3.000000000000000000e+00 1.100000000000000000e+02 9.090909090909090468e-03 6.170173000000000547e-08
-2.000049999999999883e-01 -7.675982999999999920e-08 9.910000000000000519e+37 2.209281000000000131e+04 2.150800000000000000e+04 4.000000000000000000e+00 1.200000000000000000e+02 8.333333333333333218e-03 7.675982999999999920e-08
-2.000049999999999883e-01 -7.422620000000000327e-08 9.910000000000000519e+37 2.280220000000000073e+04 2.150800000000000000e+04 5.000000000000000000e+00 1.300000000000000000e+02 7.692307692307692735e-03 7.422620000000000327e-08
-2.000049999999999883e-01 -9.336744999999999608e-08 9.910000000000000519e+37 2.337290000000000146e+04 2.150800000000000000e+04 6.000000000000000000e+00 1.400000000000000000e+02 7.142857142857142634e-03 9.336744999999999608e-08
-2.000049999999999883e-01 -1.309668999999999920e-07 9.910000000000000519e+37 2.403486999999999898e+04 2.150800000000000000e+04 7.000000000000000000e+00 1.500000000000000000e+02 6.666666666666667095e-03 1.309668999999999920e-07
-2.000049999999999883e-01 -2.092601999999999934e-07 9.910000000000000519e+37 2.464213999999999942e+04 2.150800000000000000e+04 8.000000000000000000e+00 1.600000000000000000e+02 6.250000000000000347e-03 2.092601999999999934e-07
-2.000049999999999883e-01 -3.543090000000000263e-07 9.910000000000000519e+37 2.538154000000000087e+04 2.150800000000000000e+04 9.000000000000000000e+00 1.700000000000000000e+02 5.882352941176470507e-03 3.543090000000000263e-07
-2.000049999999999883e-01 -4.814889000000000387e-07 9.910000000000000519e+37 2.604990000000000146e+04 2.150800000000000000e+04 1.000000000000000000e+01 1.800000000000000000e+02 5.555555555555555768e-03 4.814889000000000387e-07
-2.000049999999999883e-01 -6.203568000000000165e-07 9.910000000000000519e+37 2.669293000000000029e+04 2.150800000000000000e+04 1.100000000000000000e+01 1.900000000000000000e+02 5.263157894736841987e-03 6.203568000000000165e-07
-2.000049999999999883e-01 -8.981575000000000273e-07 9.910000000000000519e+37 2.736000000000000000e+04 2.150800000000000000e+04 1.200000000000000000e+01 2.000000000000000000e+02 5.000000000000000104e-03 8.981575000000000273e-07
-2.000049999999999883e-01 -1.336356000000000085e-06 9.910000000000000519e+37 2.786002000000000044e+04 2.150800000000000000e+04 1.300000000000000000e+01 2.100000000000000000e+02 4.761904761904762334e-03 1.336356000000000085e-06
-2.000049999999999883e-01 -2.166110000000000171e-06 9.910000000000000519e+37 2.830240000000000146e+04 2.150800000000000000e+04 1.400000000000000000e+01 2.200000000000000000e+02 4.545454545454545234e-03 2.166110000000000171e-06
-2.000049999999999883e-01 -4.104011000000000101e-06 9.910000000000000519e+37 2.875734999999999854e+04 2.150800000000000000e+04 1.500000000000000000e+01 2.300000000000000000e+02 4.347826086956521792e-03 4.104011000000000101e-06
-2.000049999999999883e-01 -9.597813999999999787e-06 9.910000000000000519e+37 2.925313999999999942e+04 2.150800000000000000e+04 1.600000000000000000e+01 2.400000000000000000e+02 4.166666666666666609e-03 9.597813999999999787e-06
-2.000049999999999883e-01 -1.863244000000000079e-05 9.910000000000000519e+37 3.078600000000000000e+04 2.150800000000000000e+04 1.700000000000000000e+01 2.500000000000000000e+02 4.000000000000000083e-03 1.863244000000000079e-05
-2.000049999999999883e-01 -3.504790000000000032e-05 9.910000000000000519e+37 3.129952999999999884e+04 2.150800000000000000e+04 1.800000000000000000e+01 2.600000000000000000e+02 3.846153846153846367e-03 3.504790000000000032e-05
-2.000049999999999883e-01 -6.065186999999999906e-05 9.910000000000000519e+37 3.170493000000000029e+04 2.150800000000000000e+04 1.900000000000000000e+01 2.700000000000000000e+02 3.703703703703703845e-03 6.065186999999999906e-05
-2.000049999999999883e-01 -9.800696999999999653e-05 9.910000000000000519e+37 3.211250000000000000e+04 2.150800000000000000e+04 2.000000000000000000e+01 2.800000000000000000e+02 3.571428571428571317e-03 9.800696999999999653e-05
-2.000049999999999883e-01 -1.555569999999999880e-04 9.910000000000000519e+37 3.250149000000000160e+04 2.150800000000000000e+04 2.100000000000000000e+01 2.900000000000000000e+02 3.448275862068965469e-03 1.555569999999999880e-04
-2.000049999999999883e-01 -2.347213999999999919e-04 9.910000000000000519e+37 3.285930999999999767e+04 2.150800000000000000e+04 0.000000000000000000e+00 3.000000000000000000e+02 3.333333333333333547e-03 2.347213999999999919e-04
