9.999500000000000055e-02 1.977116000000000010e-10 9.910000000000000519e+37 1.228410000000000082e+03 2.150800000000000000e+04 2.100000000000000000e+01 8.000000000000000000e+01 1.250000000000000069e-02 1.977116000000000010e-10
9.999500000000000055e-02 2.419655000000000057e-10 9.910000000000000519e+37 2.557965999999999894e+03 2.150800000000000000e+04 0.000000000000000000e+00 9.000000000000000000e+01 1.111111111111111154e-02 2.419655000000000057e-10
9.999500000000000055e-02 2.400002999999999906e-10 9.910000000000000519e+37 4.691037000000000262e+03 2.150800000000000000e+04 1.000000000000000000e+00 1.000000000000000000e+02 1.000000000000000021e-02 2.400002999999999906e-10
9.999500000000000055e-02 3.375532000000000250e-10 9.910000000000000519e+37 5.933161000000000058e+03 2.150800000000000000e+04 2.000000000000000000e+00 1.100000000000000000e+02 9.090909090909090468e-03 3.375532000000000250e-10
9.999500000000000055e-02 6.245557000000000377e-10 9.910000000000000519e+37 6.773926000000000386e+03 2.150800000000000000e+04 3.000000000000000000e+00 1.200000000000000000e+02 8.333333333333333218e-03 6.245557000000000377e-10
9.999500000000000055e-02 1.441057000000000062e-09 9.910000000000000519e+37 7.611947000000000116e+03 2.150800000000000000e+04 4.000000000000000000e+00 1.300000000000000000e+02 7.692307692307692735e-03 1.441057000000000062e-09
9.999500000000000055e-02 4.629295999999999686e-09 9.910000000000000519e+37 8.724806000000000495e+03 2.150800000000000000e+04 5.000000000000000000e+00 1.400000000000000000e+02 7.142857142857142634e-03 4.629295999999999686e-09
9.999500000000000055e-02 1.336209999999999959e-08 9.910000000000000519e+37 1.000203000000000065e+04 2.150800000000000000e+04 6.000000000000000000e+00 1.500000000000000000e+02 6.666666666666667095e-03 1.336209999999999959e-08
9.999500000000000055e-02 3.318143000000000253e-08 9.910000000000000519e+37 1.195887999999999920e+04 2.150800000000000000e+04 7.000000000000000000e+00 1.600000000000000000e+02 6.250000000000000347e-03 3.318143000000000253e-08
9.999500000000000055e-02 6.439113000000000572e-08 9.910000000000000519e+37 1.282089999999999964e+04 2.150800000000000000e+04 8.000000000000000000e+00 1.700000000000000000e+02 5.882352941176470507e-03 6.439113000000000572e-08
9.999500000000000055e-02 1.515155000000000044e-07 9.910000000000000519e+37 1.454386000000000058e+04 2.150800000000000000e+04 9.000000000000000000e+00 1.800000000000000000e+02 5.555555555555555768e-03 1.515155000000000044e-07
9.999500000000000055e-02 3.249203999999999956e-07 9.910000000000000519e+37 1.521723999999999978e+04 2.150800000000000000e+04 1.000000000000000000e+01 1.900000000000000000e+02 5.263157894736841987e-03 3.249203999999999956e-07
9.999500000000000055e-02 7.025021000000000447e-07 9.910000000000000519e+37 1.589443000000000029e+04 2.150800000000000000e+04 1.100000000000000000e+01 2.000000000000000000e+02 5.000000000000000104e-03 7.025021000000000447e-07
9.999500000000000055e-02 1.327681999999999937e-06 9.910000000000000519e+37 1.647508000000000175e+04 2.150800000000000000e+04 1.200000000000000000e+01 2.100000000000000000e+02 4.761904761904762334e-03 1.327681999999999937e-06
9.999500000000000055e-02 2.472748000000000114e-06 9.910000000000000519e+37 1.708483000000000175e+04 2.150800000000000000e+04 1.300000000000000000e+01 2.200000000000000000e+02 4.545454545454545234e-03 2.472748000000000114e-06
9.999500000000000055e-02 4.801566999999999627e-06 9.910000000000000519e+37 1.770181000000000131e+04 2.150800000000000000e+04 1.400000000000000000e+01 2.300000000000000000e+02 4.347826086956521792e-03 4.801566999999999627e-06
9.999500000000000055e-02 8.780457000000000761e-06 9.910000000000000519e+37 1.817711000000000058e+04 2.150800000000000000e+04 1.500000000000000000e+01 2.400000000000000000e+02 4.166666666666666609e-03 8.780457000000000761e-06
9.999500000000000055e-02 1.664124999999999928e-05 9.910000000000000519e+37 1.876081999999999971e+04 2.150800000000000000e+04 1.600000000000000000e+01 2.500000000000000000e+02 4.000000000000000083e-03 1.664124999999999928e-05
9.999500000000000055e-02 2.716572999999999850e-05 9.910000000000000519e+37 1.938004000000000087e+04 2.150800000000000000e+04 1.700000000000000000e+01 2.600000000000000000e+02 3.846153846153846367e-03 2.716572999999999850e-05
9.999500000000000055e-02 4.255634000000000055e-05 9.910000000000000519e+37 1.998761000000000058e+04 2.150800000000000000e+04 1.800000000000000000e+01 2.700000000000000000e+02 3.703703703703703845e-03 4.255634000000000055e-05
9.999500000000000055e-02 6.178831000000000676e-05 9.910000000000000519e+37 2.082804999999999927e+04 2.150800000000000000e+04 1.900000000000000000e+01 2.800000000000000000e+02 3.571428571428571317e-03 6.178831000000000676e-05
9.999500000000000055e-02 1.358975000000000113e-04 9.910000000000000519e+37 2.239886000000000058e+04 2.150800000000000000e+04 2.000000000000000000e+01 2.900000000000000000e+02 3.448275862068965469e-03 1.358975000000000113e-04
