-5.000000000000000409e-06 -8.128524000000000312e-11 9.910000000000000519e+37 9.791357000000000426e+02 2.150800000000000000e+04 2.000000000000000000e+01 9.000000000000000000e+01 1.111111111111111154e-02 8.128524000000000312e-11
-5.000000000000000409e-06 -1.503086999999999951e-10 9.910000000000000519e+37 3.758001999999999953e+03 2.150800000000000000e+04 0.000000000000000000e+00 1.000000000000000000e+02 1.000000000000000021e-02 1.503086999999999951e-10
-5.000000000000000409e-06 -2.171940000000000134e-12 9.910000000000000519e+37 4.645730999999999767e+03 2.150800000000000000e+04 1.000000000000000000e+00 1.100000000000000000e+02 9.090909090909090468e-03 2.171940000000000134e-12
-5.000000000000000409e-06 -1.159938000000000012e-10 9.910000000000000519e+37 6.662237000000000080e+03 2.150800000000000000e+04 2.000000000000000000e+00 1.200000000000000000e+02 8.333333333333333218e-03 1.159938000000000012e-10
-5.000000000000000409e-06 -1.342729999999999922e-10 9.910000000000000519e+37 7.957003999999999905e+03 2.150800000000000000e+04 3.000000000000000000e+00 1.300000000000000000e+02 7.692307692307692735e-03 1.342729999999999922e-10
-5.000000000000000409e-06 -1.321408999999999981e-10 9.910000000000000519e+37 8.873608000000000175e+03 2.150800000000000000e+04 4.000000000000000000e+00 1.400000000000000000e+02 7.142857142857142634e-03 1.321408999999999981e-10
-5.000000000000000409e-06 -1.935421999999999885e-10 9.910000000000000519e+37 9.816046000000000276e+03 2.150800000000000000e+04 5.000000000000000000e+00 1.500000000000000000e+02 6.666666666666667095e-03 1.935421999999999885e-10
-5.000000000000000409e-06 -1.999090000000000021e-10 9.910000000000000519e+37 1.104968000000000029e+04 2.150800000000000000e+04 6.000000000000000000e+00 1.600000000000000000e+02 6.250000000000000347e-03 1.999090000000000021e-10
-5.000000000000000409e-06 -2.585414000000000002e-10 9.910000000000000519e+37 1.285701000000000022e+04 2.150800000000000000e+04 7.000000000000000000e+00 1.700000000000000000e+02 5.882352941176470507e-03 2.585414000000000002e-10
-5.000000000000000409e-06 -1.780609000000000060e-10 9.910000000000000519e+37 1.435392000000000007e+04 2.150800000000000000e+04 8.000000000000000000e+00 1.800000000000000000e+02 5.555555555555555768e-03 1.780609000000000060e-10
-5.000000000000000409e-06 -3.324584999999999951e-10 9.910000000000000519e+37 1.544446999999999935e+04 2.150800000000000000e+04 9.000000000000000000e+00 1.900000000000000000e+02 5.263157894736841987e-03 3.324584999999999951e-10
-5.000000000000000409e-06 -1.736726999999999932e-09 9.910000000000000519e+37 1.642395000000000073e+04 2.150800000000000000e+04 1.000000000000000000e+01 2.050000000000000000e+02 4.878048780487804874e-03 1.736726999999999932e-09
-5.000000000000000409e-06 -2.900719000000000062e-08 9.910000000000000519e+37 1.697693999999999869e+04 2.150800000000000000e+04 1.100000000000000000e+01 2.200000000000000000e+02 4.545454545454545234e-03 2.900719000000000062e-08
-5.000000000000000409e-06 1.509437000000000151e-08 9.910000000000000519e+37 1.744325000000000000e+04 2.150800000000000000e+04 1.200000000000000000e+01 2.300000000000000000e+02 4.347826086956521792e-03 1.509437000000000151e-08
-5.000000000000000409e-06 -3.467964999999999780e-08 9.910000000000000519e+37 1.787336999999999898e+04 2.150800000000000000e+04 1.300000000000000000e+01 2.400000000000000000e+02 4.166666666666666609e-03 3.467964999999999780e-08
-5.000000000000000409e-06 5.079926999999999719e-09 9.910000000000000519e+37 1.809968999999999869e+04 2.150800000000000000e+04 1.400000000000000000e+01 2.500000000000000000e+02 4.000000000000000083e-03 5.079926999999999719e-09
-5.000000000000000409e-06 -2.318652000000000029e-08 9.910000000000000519e+37 1.844947000000000116e+04 2.150800000000000000e+04 1.500000000000000000e+01 2.600000000000000000e+02 3.846153846153846367e-03 2.318652000000000029e-08
-5.000000000000000409e-06 -1.556722000000000035e-08 9.910000000000000519e+37 1.888034000000000015e+04 2.150800000000000000e+04 1.600000000000000000e+01 2.700000000000000000e+02 3.703703703703703845e-03 1.556722000000000035e-08
-5.000000000000000409e-06 -4.804101000000000304e-08 9.910000000000000519e+37 1.945693000000000029e+04 2.150800000000000000e+04 1.700000000000000000e+01 2.800000000000000000e+02 3.571428571428571317e-03 4.804101000000000304e-08
-5.000000000000000409e-06 -3.270089000000000080e-08 9.910000000000000519e+37 1.995661999999999898e+04 2.150800000000000000e+04 1.800000000000000000e+01 2.900000000000000000e+02 3.448275862068965469e-03 3.270089000000000080e-08
-5.000000000000000409e-06 -5.638767000000000242e-08 9.910000000000000519e+37 2.055940000000000146e+04 2.150800000000000000e+04 1.900000000000000000e+01 3.000000000000000000e+02 3.333333333333333547e-03 5.638767000000000242e-08
