-5.000000000000000409e-06 -3.635200000000000101e-12 9.910000000000000519e+37 1.225423999999999978e+03 2.150800000000000000e+04 2.100000000000000000e+01 8.000000000000000000e+01 1.250000000000000069e-02 3.635200000000000101e-12
-5.000000000000000409e-06 -7.950014000000000662e-12 9.910000000000000519e+37 2.554978999999999814e+03 2.150800000000000000e+04 0.000000000000000000e+00 9.000000000000000000e+01 1.111111111111111154e-02 7.950014000000000662e-12
-5.000000000000000409e-06 -4.417533000000000176e-11 9.910000000000000519e+37 4.688051000000000386e+03 2.150800000000000000e+04 1.000000000000000000e+00 1.000000000000000000e+02 1.000000000000000021e-02 4.417533000000000176e-11
-5.000000000000000409e-06 8.868866999999999433e-12 9.910000000000000519e+37 5.930176000000000386e+03 2.150800000000000000e+04 2.000000000000000000e+00 1.100000000000000000e+02 9.090909090909090468e-03 8.868866999999999433e-12
-5.000000000000000409e-06 -1.574060999999999870e-11 9.910000000000000519e+37 6.770939999999999600e+03 2.150800000000000000e+04 3.000000000000000000e+00 1.200000000000000000e+02 8.333333333333333218e-03 1.574060999999999870e-11
-5.000000000000000409e-06 -2.439327999999999923e-11 9.910000000000000519e+37 7.608962999999999738e+03 2.150800000000000000e+04 4.000000000000000000e+00 1.300000000000000000e+02 7.692307692307692735e-03 2.439327999999999923e-11
-5.000000000000000409e-06 -2.826728999999999920e-11 9.910000000000000519e+37 8.721819999999999709e+03 2.150800000000000000e+04 5.000000000000000000e+00 1.400000000000000000e+02 7.142857142857142634e-03 2.826728999999999920e-11
-5.000000000000000409e-06 -8.939166999999999244e-12 9.910000000000000519e+37 9.999048000000000684e+03 2.150800000000000000e+04 6.000000000000000000e+00 1.500000000000000000e+02 6.666666666666667095e-03 8.939166999999999244e-12
-5.000000000000000409e-06 -1.524646000000000085e-11 9.910000000000000519e+37 1.195589999999999964e+04 2.150800000000000000e+04 7.000000000000000000e+00 1.600000000000000000e+02 6.250000000000000347e-03 1.524646000000000085e-11
-5.000000000000000409e-06 -3.641208999999999818e-12 9.910000000000000519e+37 1.281790999999999985e+04 2.150800000000000000e+04 8.000000000000000000e+00 1.700000000000000000e+02 5.882352941176470507e-03 3.641208999999999818e-12
-5.000000000000000409e-06 -1.286147000000000026e-09 9.910000000000000519e+37 1.454351000000000022e+04 2.150800000000000000e+04 9.000000000000000000e+00 1.800000000000000000e+02 5.555555555555555768e-03 1.286147000000000026e-09
-5.000000000000000409e-06 4.170871000000000000e-09 9.910000000000000519e+37 1.521687999999999920e+04 2.150800000000000000e+04 1.000000000000000000e+01 1.900000000000000000e+02 5.263157894736841987e-03 4.170871000000000000e-09
-5.000000000000000409e-06 9.863572000000000316e-10 9.910000000000000519e+37 1.589406999999999971e+04 2.150800000000000000e+04 1.100000000000000000e+01 2.000000000000000000e+02 5.000000000000000104e-03 9.863572000000000316e-10
-5.000000000000000409e-06 -9.380163999999999208e-10 9.910000000000000519e+37 1.647458000000000175e+04 2.150800000000000000e+04 1.200000000000000000e+01 2.100000000000000000e+02 4.761904761904762334e-03 9.380163999999999208e-10
-5.000000000000000409e-06 4.707282999999999615e-09 9.910000000000000519e+37 1.708434000000000015e+04 2.150800000000000000e+04 1.300000000000000000e+01 2.200000000000000000e+02 4.545454545454545234e-03 4.707282999999999615e-09
-5.000000000000000409e-06 -1.534164999999999944e-09 9.910000000000000519e+37 1.770131999999999971e+04 2.150800000000000000e+04 1.400000000000000000e+01 2.300000000000000000e+02 4.347826086956521792e-03 1.534164999999999944e-09
-5.000000000000000409e-06 5.050162000000000081e-09 9.910000000000000519e+37 1.817661999999999898e+04 2.150800000000000000e+04 1.500000000000000000e+01 2.400000000000000000e+02 4.166666666666666609e-03 5.050162000000000081e-09
-5.000000000000000409e-06 3.722543999999999879e-10 9.910000000000000519e+37 1.876018000000000029e+04 2.150800000000000000e+04 1.600000000000000000e+01 2.500000000000000000e+02 4.000000000000000083e-03 3.722543999999999879e-10
-5.000000000000000409e-06 1.093530999999999954e-09 9.910000000000000519e+37 1.937940999999999985e+04 2.150800000000000000e+04 1.700000000000000000e+01 2.600000000000000000e+02 3.846153846153846367e-03 1.093530999999999954e-09
-5.000000000000000409e-06 9.935688000000000184e-11 9.910000000000000519e+37 1.998697999999999956e+04 2.150800000000000000e+04 1.800000000000000000e+01 2.700000000000000000e+02 3.703703703703703845e-03 9.935688000000000184e-11
-5.000000000000000409e-06 7.374573000000000234e-10 9.910000000000000519e+37 2.082754999999999927e+04 2.150800000000000000e+04 1.900000000000000000e+01 2.800000000000000000e+02 3.571428571428571317e-03 7.374573000000000234e-10
-5.000000000000000409e-06 4.040071000000000410e-09 9.910000000000000519e+37 2.239822000000000116e+04 2.150800000000000000e+04 2.000000000000000000e+01 2.900000000000000000e+02 3.448275862068965469e-03 4.040071000000000410e-09
