-1.000049999999999967e-01 -4.068084000000000073e-08 9.910000000000000519e+37 1.996752999999999884e+04 2.150800000000000000e+04 1.000000000000000000e+00 9.300000000000000000e+01 1.075268817204301161e-02 4.068084000000000073e-08
-1.000049999999999967e-01 -4.028849000000000053e-08 9.910000000000000519e+37 2.054422999999999956e+04 2.150800000000000000e+04 2.000000000000000000e+00 1.000000000000000000e+02 1.000000000000000021e-02 4.028849000000000053e-08
-1.000049999999999967e-01 -4.330462999999999752e-08 9.910000000000000519e+37 2.135770000000000073e+04 2.150800000000000000e+04 3.000000000000000000e+00 1.100000000000000000e+02 9.090909090909090468e-03 4.330462999999999752e-08
-1.000049999999999967e-01 -3.804552999999999776e-08 9.910000000000000519e+37 2.209315999999999985e+04 2.150800000000000000e+04 4.000000000000000000e+00 1.200000000000000000e+02 8.333333333333333218e-03 3.804552999999999776e-08
-1.000049999999999967e-01 -4.199584999999999948e-08 9.910000000000000519e+37 2.280254999999999927e+04 2.150800000000000000e+04 5.000000000000000000e+00 1.300000000000000000e+02 7.692307692307692735e-03 4.199584999999999948e-08
-1.000049999999999967e-01 -3.530462000000000211e-08 9.910000000000000519e+37 2.337325000000000000e+04 2.150800000000000000e+04 6.000000000000000000e+00 1.400000000000000000e+02 7.142857142857142634e-03 3.530462000000000211e-08
-1.000049999999999967e-01 -5.943610999999999898e-08 9.910000000000000519e+37 2.403520999999999913e+04 2.150800000000000000e+04 7.000000000000000000e+00 1.500000000000000000e+02 6.666666666666667095e-03 5.943610999999999898e-08
-1.000049999999999967e-01 -9.792664000000000503e-08 9.910000000000000519e+37 2.464249000000000160e+04 2.150800000000000000e+04 8.000000000000000000e+00 1.600000000000000000e+02 6.250000000000000347e-03 9.792664000000000503e-08
-1.000049999999999967e-01 -1.760161999999999903e-07 9.910000000000000519e+37 2.538188000000000102e+04 2.150800000000000000e+04 9.000000000000000000e+00 1.700000000000000000e+02 5.882352941176470507e-03 1.760161999999999903e-07
-1.000049999999999967e-01 -2.722408999999999903e-07 9.910000000000000519e+37 2.605024000000000160e+04 2.150800000000000000e+04 1.000000000000000000e+01 1.800000000000000000e+02 5.555555555555555768e-03 2.722408999999999903e-07
-1.000049999999999967e-01 -3.775215999999999889e-07 9.910000000000000519e+37 2.669327000000000044e+04 2.150800000000000000e+04 1.100000000000000000e+01 1.900000000000000000e+02 5.263157894736841987e-03 3.775215999999999889e-07
-1.000049999999999967e-01 -5.339388000000000166e-07 9.910000000000000519e+37 2.736036000000000058e+04 2.150800000000000000e+04 1.200000000000000000e+01 2.000000000000000000e+02 5.000000000000000104e-03 5.339388000000000166e-07
-1.000049999999999967e-01 -7.728967999999999782e-07 9.910000000000000519e+37 2.786043000000000029e+04 2.150800000000000000e+04 1.300000000000000000e+01 2.100000000000000000e+02 4.761904761904762334e-03 7.728967999999999782e-07
-1.000049999999999967e-01 -1.221273999999999981e-06 9.910000000000000519e+37 2.830275000000000000e+04 2.150800000000000000e+04 1.400000000000000000e+01 2.200000000000000000e+02 4.545454545454545234e-03 1.221273999999999981e-06
-1.000049999999999967e-01 -2.324878000000000206e-06 9.910000000000000519e+37 2.875770000000000073e+04 2.150800000000000000e+04 1.500000000000000000e+01 2.300000000000000000e+02 4.347826086956521792e-03 2.324878000000000206e-06
-1.000049999999999967e-01 -5.495989000000000312e-06 9.910000000000000519e+37 2.925349000000000160e+04 2.150800000000000000e+04 1.600000000000000000e+01 2.400000000000000000e+02 4.166666666666666609e-03 5.495989000000000312e-06
-1.000049999999999967e-01 -1.072978000000000046e-05 9.910000000000000519e+37 3.078634999999999854e+04 2.150800000000000000e+04 1.700000000000000000e+01 2.500000000000000000e+02 4.000000000000000083e-03 1.072978000000000046e-05
-1.000049999999999967e-01 -2.011549000000000008e-05 9.910000000000000519e+37 3.129988000000000102e+04 2.150800000000000000e+04 1.800000000000000000e+01 2.600000000000000000e+02 3.846153846153846367e-03 2.011549000000000008e-05
-1.000049999999999967e-01 -3.438041000000000106e-05 9.910000000000000519e+37 3.170527999999999884e+04 2.150800000000000000e+04 1.900000000000000000e+01 2.700000000000000000e+02 3.703703703703703845e-03 3.438041000000000106e-05
-1.000049999999999967e-01 -5.463870000000000255e-05 9.910000000000000519e+37 3.211284999999999854e+04 2.150800000000000000e+04 2.000000000000000000e+01 2.800000000000000000e+02 3.571428571428571317e-03 5.463870000000000255e-05
-1.000049999999999967e-01 -8.497122999999999926e-05 9.910000000000000519e+37 3.250190999999999985e+04 2.150800000000000000e+04 2.100000000000000000e+01 2.900000000000000000e+02 3.448275862068965469e-03 8.497122999999999926e-05
-1.000049999999999967e-01 -1.258173000000000125e-04 9.910000000000000519e+37 3.285966000000000349e+04 2.150800000000000000e+04 0.000000000000000000e+00 3.000000000000000000e+02 3.333333333333333547e-03 1.258173000000000125e-04
