-1.000049999999999967e-01 -1.935343000000000034e-10 9.910000000000000519e+37 2.502443000000000211e+03 2.150800000000000000e+04 0.000000000000000000e+00 8.700000000000000000e+01 1.149425287356321823e-02 1.935343000000000034e-10
-1.000049999999999967e-01 -6.236049000000000082e-10 9.910000000000000519e+37 6.088918999999999869e+03 2.150800000000000000e+04 1.000000000000000000e+00 1.000000000000000000e+02 1.000000000000000021e-02 6.236049000000000082e-10
-1.000049999999999967e-01 -1.220926000000000008e-09 9.910000000000000519e+37 9.213324000000000524e+03 2.150800000000000000e+04 2.000000000000000000e+00 1.100000000000000000e+02 9.090909090909090468e-03 1.220926000000000008e-09
-1.000049999999999967e-01 -2.717027999999999853e-09 9.910000000000000519e+37 1.289068000000000029e+04 2.150800000000000000e+04 3.000000000000000000e+00 1.200000000000000000e+02 8.333333333333333218e-03 2.717027999999999853e-09
-1.000049999999999967e-01 -5.610472999999999678e-09 9.910000000000000519e+37 1.465610000000000036e+04 2.150800000000000000e+04 4.000000000000000000e+00 1.300000000000000000e+02 7.692307692307692735e-03 5.610472999999999678e-09
-1.000049999999999967e-01 -8.710511000000000672e-09 9.910000000000000519e+37 1.548211000000000058e+04 2.150800000000000000e+04 5.000000000000000000e+00 1.400000000000000000e+02 7.142857142857142634e-03 8.710511000000000672e-09
-1.000049999999999967e-01 -2.355749000000000113e-08 9.910000000000000519e+37 1.704584000000000015e+04 2.150800000000000000e+04 6.000000000000000000e+00 1.500000000000000000e+02 6.666666666666667095e-03 2.355749000000000113e-08
-1.000049999999999967e-01 -4.297930000000000026e-08 9.910000000000000519e+37 1.780529999999999927e+04 2.150800000000000000e+04 7.000000000000000000e+00 1.600000000000000000e+02 6.250000000000000347e-03 4.297930000000000026e-08
-1.000049999999999967e-01 -1.308439000000000114e-07 9.910000000000000519e+37 1.955904000000000087e+04 2.150800000000000000e+04 8.000000000000000000e+00 1.700000000000000000e+02 5.882352941176470507e-03 1.308439000000000114e-07
-1.000049999999999967e-01 -1.976912999999999962e-07 9.910000000000000519e+37 2.021809000000000015e+04 2.150800000000000000e+04 9.000000000000000000e+00 1.800000000000000000e+02 5.555555555555555768e-03 1.976912999999999962e-07
-1.000049999999999967e-01 -3.961129000000000026e-07 9.910000000000000519e+37 2.092856999999999971e+04 2.150800000000000000e+04 1.000000000000000000e+01 1.900000000000000000e+02 5.263157894736841987e-03 3.961129000000000026e-07
-1.000049999999999967e-01 -7.730295999999999594e-07 9.910000000000000519e+37 2.154156000000000131e+04 2.150800000000000000e+04 1.100000000000000000e+01 2.000000000000000000e+02 5.000000000000000104e-03 7.730295999999999594e-07
-1.000049999999999967e-01 -1.451980999999999931e-06 9.910000000000000519e+37 2.202800000000000000e+04 2.150800000000000000e+04 1.200000000000000000e+01 2.100000000000000000e+02 4.761904761904762334e-03 1.451980999999999931e-06
-1.000049999999999967e-01 -2.511562999999999843e-06 9.910000000000000519e+37 2.246986999999999898e+04 2.150800000000000000e+04 1.300000000000000000e+01 2.200000000000000000e+02 4.545454545454545234e-03 2.511562999999999843e-06
-1.000049999999999967e-01 -4.429563999999999760e-06 9.910000000000000519e+37 2.284408000000000175e+04 2.150800000000000000e+04 1.400000000000000000e+01 2.300000000000000000e+02 4.347826086956521792e-03 4.429563999999999760e-06
-1.000049999999999967e-01 -9.183594999999999272e-06 9.910000000000000519e+37 2.333079000000000087e+04 2.150800000000000000e+04 1.500000000000000000e+01 2.400000000000000000e+02 4.166666666666666609e-03 9.183594999999999272e-06
-1.000049999999999967e-01 -1.294478000000000043e-05 9.910000000000000519e+37 2.360790000000000146e+04 2.150800000000000000e+04 1.600000000000000000e+01 2.500000000000000000e+02 4.000000000000000083e-03 1.294478000000000043e-05
-1.000049999999999967e-01 -2.333892999999999984e-05 9.910000000000000519e+37 2.401975999999999840e+04 2.150800000000000000e+04 1.700000000000000000e+01 2.600000000000000000e+02 3.846153846153846367e-03 2.333892999999999984e-05
-1.000049999999999967e-01 -3.594960999999999952e-05 9.910000000000000519e+37 2.436931999999999971e+04 2.150800000000000000e+04 1.800000000000000000e+01 2.700000000000000000e+02 3.703703703703703845e-03 3.594960999999999952e-05
-1.000049999999999967e-01 -5.634470000000000282e-05 9.910000000000000519e+37 2.479718000000000029e+04 2.150800000000000000e+04 1.900000000000000000e+01 2.800000000000000000e+02 3.571428571428571317e-03 5.634470000000000282e-05
-1.000049999999999967e-01 -7.474268000000000383e-05 9.910000000000000519e+37 2.517340999999999985e+04 2.150800000000000000e+04 2.000000000000000000e+01 2.900000000000000000e+02 3.448275862068965469e-03 7.474268000000000383e-05
-1.000049999999999967e-01 -1.066874000000000045e-04 9.910000000000000519e+37 2.568861000000000058e+04 2.150800000000000000e+04 2.100000000000000000e+01 3.000000000000000000e+02 3.333333333333333547e-03 1.066874000000000045e-04
