1.999950000000000061e-01 4.186886000000000099e-11 9.910000000000000519e+37 1.616491999999999962e+03 2.150800000000000000e+04 0.000000000000000000e+00 9.000000000000000000e+01 1.111111111111111154e-02 4.186886000000000099e-11
1.999950000000000061e-01 5.641692000000000312e-11 9.910000000000000519e+37 2.689215000000000146e+03 2.150800000000000000e+04 1.000000000000000000e+00 1.000000000000000000e+02 1.000000000000000021e-02 5.641692000000000312e-11
1.999950000000000061e-01 7.676184000000000404e-11 9.910000000000000519e+37 3.483193000000000211e+03 2.150800000000000000e+04 2.000000000000000000e+00 1.100000000000000000e+02 9.090909090909090468e-03 7.676184000000000404e-11
1.999950000000000061e-01 3.246099999999999782e-10 9.910000000000000519e+37 5.037541000000000167e+03 2.150800000000000000e+04 3.000000000000000000e+00 1.200000000000000000e+02 8.333333333333333218e-03 3.246099999999999782e-10
1.999950000000000061e-01 1.070198000000000072e-09 9.910000000000000519e+37 5.824560999999999694e+03 2.150800000000000000e+04 4.000000000000000000e+00 1.300000000000000000e+02 7.692307692307692735e-03 1.070198000000000072e-09
1.999950000000000061e-01 5.176789000000000372e-09 9.910000000000000519e+37 6.884220999999999549e+03 2.150800000000000000e+04 5.000000000000000000e+00 1.400000000000000000e+02 7.142857142857142634e-03 5.176789000000000372e-09
1.999950000000000061e-01 2.122673999999999860e-08 9.910000000000000519e+37 7.769698999999999614e+03 2.150800000000000000e+04 6.000000000000000000e+00 1.500000000000000000e+02 6.666666666666667095e-03 2.122673999999999860e-08
1.999950000000000061e-01 7.789263999999999914e-08 9.910000000000000519e+37 8.930209999999999127e+03 2.150800000000000000e+04 7.000000000000000000e+00 1.600000000000000000e+02 6.250000000000000347e-03 7.789263999999999914e-08
1.999950000000000061e-01 2.918250999999999997e-07 9.910000000000000519e+37 1.060820999999999913e+04 2.150800000000000000e+04 8.000000000000000000e+00 1.700000000000000000e+02 5.882352941176470507e-03 2.918250999999999997e-07
1.999950000000000061e-01 6.908526999999999695e-07 9.910000000000000519e+37 1.138039999999999964e+04 2.150800000000000000e+04 9.000000000000000000e+00 1.800000000000000000e+02 5.555555555555555768e-03 6.908526999999999695e-07
1.999950000000000061e-01 1.562890000000000041e-06 9.910000000000000519e+37 1.183720000000000073e+04 2.150800000000000000e+04 1.000000000000000000e+01 1.900000000000000000e+02 5.263157894736841987e-03 1.562890000000000041e-06
1.999950000000000061e-01 4.368409000000000005e-06 9.910000000000000519e+37 1.236975000000000000e+04 2.150800000000000000e+04 1.100000000000000000e+01 2.000000000000000000e+02 5.000000000000000104e-03 4.368409000000000005e-06
1.999950000000000061e-01 1.032127000000000020e-05 9.910000000000000519e+37 1.329886000000000058e+04 2.150800000000000000e+04 1.200000000000000000e+01 2.100000000000000000e+02 4.761904761904762334e-03 1.032127000000000020e-05
1.999950000000000061e-01 1.782157000000000020e-05 9.910000000000000519e+37 1.383102000000000044e+04 2.150800000000000000e+04 1.300000000000000000e+01 2.200000000000000000e+02 4.545454545454545234e-03 1.782157000000000020e-05
1.999950000000000061e-01 3.933431000000000118e-05 9.910000000000000519e+37 1.435915999999999985e+04 2.150800000000000000e+04 1.400000000000000000e+01 2.300000000000000000e+02 4.347826086956521792e-03 3.933431000000000118e-05
1.999950000000000061e-01 9.348857999999999658e-05 9.910000000000000519e+37 1.554954000000000087e+04 2.150800000000000000e+04 1.500000000000000000e+01 2.400000000000000000e+02 4.166666666666666609e-03 9.348857999999999658e-05
1.999950000000000061e-01 1.393172000000000084e-04 9.910000000000000519e+37 1.600055999999999949e+04 2.150800000000000000e+04 1.600000000000000000e+01 2.500000000000000000e+02 4.000000000000000083e-03 1.393172000000000084e-04
1.999950000000000061e-01 2.334756000000000114e-04 9.910000000000000519e+37 1.640286000000000058e+04 2.150800000000000000e+04 1.700000000000000000e+01 2.600000000000000000e+02 3.846153846153846367e-03 2.334756000000000114e-04
1.999950000000000061e-01 3.668769999999999909e-04 9.910000000000000519e+37 1.698561000000000058e+04 2.150800000000000000e+04 1.800000000000000000e+01 2.700000000000000000e+02 3.703703703703703845e-03 3.668769999999999909e-04
1.999950000000000061e-01 5.889540000000000400e-04 9.910000000000000519e+37 1.739152000000000044e+04 2.150800000000000000e+04 1.900000000000000000e+01 2.800000000000000000e+02 3.571428571428571317e-03 5.889540000000000400e-04
1.999950000000000061e-01 9.100494000000000422e-04 9.910000000000000519e+37 1.777079999999999927e+04 2.150800000000000000e+04 2.000000000000000000e+01 2.900000000000000000e+02 3.448275862068965469e-03 9.100494000000000422e-04
1.999950000000000061e-01 1.198045999999999920e-03 9.910000000000000519e+37 1.812193000000000029e+04 2.150800000000000000e+04 2.100000000000000000e+01 3.000000000000000000e+02 3.333333333333333547e-03 1.198045999999999920e-03
