-2.000049999999999883e-01 -6.846788000000000128e-11 9.910000000000000519e+37 6.761553000000000111e+02 2.150800000000000000e+04 0.000000000000000000e+00 9.000000000000000000e+01 1.111111111111111154e-02 6.846788000000000128e-11
-2.000049999999999883e-01 -1.968798999999999903e-10 9.910000000000000519e+37 1.936609999999999900e+03 2.150800000000000000e+04 1.000000000000000000e+00 1.000000000000000000e+02 1.000000000000000021e-02 1.968798999999999903e-10
-2.000049999999999883e-01 -1.073030999999999999e-10 9.910000000000000519e+37 4.978381999999999607e+03 2.150800000000000000e+04 2.000000000000000000e+00 1.100000000000000000e+02 9.090909090909090468e-03 1.073030999999999999e-10
-2.000049999999999883e-01 -1.893233000000000037e-11 9.910000000000000519e+37 5.725545000000000073e+03 2.150800000000000000e+04 3.000000000000000000e+00 1.200000000000000000e+02 8.333333333333333218e-03 1.893233000000000037e-11
-2.000049999999999883e-01 -3.315066000000000286e-11 9.910000000000000519e+37 6.542891999999999825e+03 2.150800000000000000e+04 4.000000000000000000e+00 1.300000000000000000e+02 7.692307692307692735e-03 3.315066000000000286e-11
-2.000049999999999883e-01 -1.032605999999999980e-10 9.910000000000000519e+37 7.321194999999999709e+03 2.150800000000000000e+04 5.000000000000000000e+00 1.400000000000000000e+02 7.142857142857142634e-03 1.032605999999999980e-10
-2.000049999999999883e-01 -2.879560000000000239e-10 9.910000000000000519e+37 8.094581000000000131e+03 2.150800000000000000e+04 6.000000000000000000e+00 1.500000000000000000e+02 6.666666666666667095e-03 2.879560000000000239e-10
-2.000049999999999883e-01 -1.426087000000000061e-09 9.910000000000000519e+37 9.083854999999999563e+03 2.150800000000000000e+04 7.000000000000000000e+00 1.600000000000000000e+02 6.250000000000000347e-03 1.426087000000000061e-09
-2.000049999999999883e-01 -1.708426999999999936e-08 9.910000000000000519e+37 1.389800000000000000e+04 2.150800000000000000e+04 8.000000000000000000e+00 1.700000000000000000e+02 5.882352941176470507e-03 1.708426999999999936e-08
-2.000049999999999883e-01 -3.228523000000000143e-08 9.910000000000000519e+37 1.449611000000000058e+04 2.150800000000000000e+04 9.000000000000000000e+00 1.800000000000000000e+02 5.555555555555555768e-03 3.228523000000000143e-08
-2.000049999999999883e-01 -7.761055000000000141e-08 9.910000000000000519e+37 1.508012999999999920e+04 2.150800000000000000e+04 1.000000000000000000e+01 1.900000000000000000e+02 5.263157894736841987e-03 7.761055000000000141e-08
-2.000049999999999883e-01 -2.241351000000000070e-07 9.910000000000000519e+37 1.555473999999999978e+04 2.150800000000000000e+04 1.100000000000000000e+01 2.000000000000000000e+02 5.000000000000000104e-03 2.241351000000000070e-07
-2.000049999999999883e-01 -6.349025999999999561e-07 9.910000000000000519e+37 1.601397999999999956e+04 2.150800000000000000e+04 1.200000000000000000e+01 2.100000000000000000e+02 4.761904761904762334e-03 6.349025999999999561e-07
-2.000049999999999883e-01 -1.559808999999999909e-06 9.910000000000000519e+37 1.643738000000000102e+04 2.150800000000000000e+04 1.300000000000000000e+01 2.200000000000000000e+02 4.545454545454545234e-03 1.559808999999999909e-06
-2.000049999999999883e-01 -3.600159000000000203e-06 9.910000000000000519e+37 1.679309000000000015e+04 2.150800000000000000e+04 1.400000000000000000e+01 2.300000000000000000e+02 4.347826086956521792e-03 3.600159000000000203e-06
-2.000049999999999883e-01 -8.845489000000000175e-06 9.910000000000000519e+37 1.718927000000000044e+04 2.150800000000000000e+04 1.500000000000000000e+01 2.400000000000000000e+02 4.166666666666666609e-03 8.845489000000000175e-06
-2.000049999999999883e-01 -1.968972000000000026e-05 9.910000000000000519e+37 1.759836000000000058e+04 2.150800000000000000e+04 1.600000000000000000e+01 2.500000000000000000e+02 4.000000000000000083e-03 1.968972000000000026e-05
-2.000049999999999883e-01 -3.827098999999999931e-05 9.910000000000000519e+37 1.797947000000000116e+04 2.150800000000000000e+04 1.700000000000000000e+01 2.600000000000000000e+02 3.846153846153846367e-03 3.827098999999999931e-05
-2.000049999999999883e-01 -7.522986000000000007e-05 9.910000000000000519e+37 1.841697000000000116e+04 2.150800000000000000e+04 1.800000000000000000e+01 2.700000000000000000e+02 3.703703703703703845e-03 7.522986000000000007e-05
-2.000049999999999883e-01 -1.256565000000000123e-04 9.910000000000000519e+37 1.873354999999999927e+04 2.150800000000000000e+04 1.900000000000000000e+01 2.800000000000000000e+02 3.571428571428571317e-03 1.256565000000000123e-04
-2.000049999999999883e-01 -2.218822000000000014e-04 9.910000000000000519e+37 1.905888000000000102e+04 2.150800000000000000e+04 2.000000000000000000e+01 2.900000000000000000e+02 3.448275862068965469e-03 2.218822000000000014e-04
-2.000049999999999883e-01 -3.892594999999999888e-04 9.910000000000000519e+37 1.942981999999999971e+04 2.150800000000000000e+04 2.100000000000000000e+01 3.000000000000000000e+02 3.333333333333333547e-03 3.892594999999999888e-04
