-1.000049999999999967e-01 9.912876000000000583e-11 9.910000000000000519e+37 3.779452999999999975e+03 2.150800000000000000e+04 0.000000000000000000e+00 9.000000000000000000e+01 1.111111111111111154e-02 9.912876000000000583e-11
-1.000049999999999967e-01 -1.908845000000000040e-10 9.910000000000000519e+37 4.640987000000000080e+03 2.150800000000000000e+04 1.000000000000000000e+00 1.000000000000000000e+02 1.000000000000000021e-02 1.908845000000000040e-10
-1.000049999999999967e-01 -1.718128000000000128e-10 9.910000000000000519e+37 5.560176000000000386e+03 2.150800000000000000e+04 2.000000000000000000e+00 1.100000000000000000e+02 9.090909090909090468e-03 1.718128000000000128e-10
-1.000049999999999967e-01 -2.132804000000000104e-10 9.910000000000000519e+37 6.475976999999999862e+03 2.150800000000000000e+04 3.000000000000000000e+00 1.200000000000000000e+02 8.333333333333333218e-03 2.132804000000000104e-10
-1.000049999999999967e-01 -1.705055000000000012e-10 9.910000000000000519e+37 7.094476999999999862e+03 2.150800000000000000e+04 4.000000000000000000e+00 1.300000000000000000e+02 7.692307692307692735e-03 1.705055000000000012e-10
-1.000049999999999967e-01 -4.152577999999999926e-10 9.910000000000000519e+37 7.912234999999999673e+03 2.150800000000000000e+04 5.000000000000000000e+00 1.400000000000000000e+02 7.142857142857142634e-03 4.152577999999999926e-10
-1.000049999999999967e-01 -3.855509000000000050e-10 9.910000000000000519e+37 1.083257999999999993e+04 2.150800000000000000e+04 6.000000000000000000e+00 1.500000000000000000e+02 6.666666666666667095e-03 3.855509000000000050e-10
-1.000049999999999967e-01 -7.331054000000000480e-10 9.910000000000000519e+37 1.167976000000000022e+04 2.150800000000000000e+04 7.000000000000000000e+00 1.600000000000000000e+02 6.250000000000000347e-03 7.331054000000000480e-10
-1.000049999999999967e-01 -2.545127000000000159e-09 9.910000000000000519e+37 1.245911000000000058e+04 2.150800000000000000e+04 8.000000000000000000e+00 1.700000000000000000e+02 5.882352941176470507e-03 2.545127000000000159e-09
-1.000049999999999967e-01 5.958293000000000241e-09 9.910000000000000519e+37 1.303465999999999985e+04 2.150800000000000000e+04 9.000000000000000000e+00 1.800000000000000000e+02 5.555555555555555768e-03 5.958293000000000241e-09
-1.000049999999999967e-01 -3.855479999999999925e-08 9.910000000000000519e+37 1.340805999999999949e+04 2.150800000000000000e+04 1.000000000000000000e+01 1.900000000000000000e+02 5.263157894736841987e-03 3.855479999999999925e-08
-1.000049999999999967e-01 -4.994282999999999803e-08 9.910000000000000519e+37 1.373786000000000058e+04 2.150800000000000000e+04 1.100000000000000000e+01 2.000000000000000000e+02 5.000000000000000104e-03 4.994282999999999803e-08
-1.000049999999999967e-01 -2.391988000000000124e-07 9.910000000000000519e+37 1.408857999999999993e+04 2.150800000000000000e+04 1.200000000000000000e+01 2.100000000000000000e+02 4.761904761904762334e-03 2.391988000000000124e-07
-1.000049999999999967e-01 -8.622536000000000177e-07 9.910000000000000519e+37 1.455019000000000051e+04 2.150800000000000000e+04 1.300000000000000000e+01 2.200000000000000000e+02 4.545454545454545234e-03 8.622536000000000177e-07
-1.000049999999999967e-01 -2.528713999999999994e-06 9.910000000000000519e+37 1.505325000000000000e+04 2.150800000000000000e+04 1.400000000000000000e+01 2.300000000000000000e+02 4.347826086956521792e-03 2.528713999999999994e-06
-1.000049999999999967e-01 -5.471197999999999756e-06 9.910000000000000519e+37 1.548505999999999949e+04 2.150800000000000000e+04 1.500000000000000000e+01 2.400000000000000000e+02 4.166666666666666609e-03 5.471197999999999756e-06
-1.000049999999999967e-01 -1.096201000000000010e-05 9.910000000000000519e+37 1.585146999999999935e+04 2.150800000000000000e+04 1.600000000000000000e+01 2.500000000000000000e+02 4.000000000000000083e-03 1.096201000000000010e-05
-1.000049999999999967e-01 -2.380252999999999994e-05 9.910000000000000519e+37 1.629497999999999956e+04 2.150800000000000000e+04 1.700000000000000000e+01 2.600000000000000000e+02 3.846153846153846367e-03 2.380252999999999994e-05
-1.000049999999999967e-01 -3.949833999999999697e-05 9.910000000000000519e+37 1.656595999999999913e+04 2.150800000000000000e+04 1.800000000000000000e+01 2.700000000000000000e+02 3.703703703703703845e-03 3.949833999999999697e-05
-1.000049999999999967e-01 -8.245420999999999469e-05 9.910000000000000519e+37 1.698227000000000044e+04 2.150800000000000000e+04 1.900000000000000000e+01 2.800000000000000000e+02 3.571428571428571317e-03 8.245420999999999469e-05
-1.000049999999999967e-01 -1.504627999999999988e-04 9.910000000000000519e+37 1.738538000000000102e+04 2.150800000000000000e+04 2.000000000000000000e+01 2.900000000000000000e+02 3.448275862068965469e-03 1.504627999999999988e-04
-1.000049999999999967e-01 -2.587682000000000003e-04 9.910000000000000519e+37 1.790118000000000029e+04 2.150800000000000000e+04 2.100000000000000000e+01 3.000000000000000000e+02 3.333333333333333547e-03 2.587682000000000003e-04
