-5.000000000000000409e-06 -7.048791999999999840e-12 9.910000000000000519e+37 6.821259999999999764e+02 2.150800000000000000e+04 0.000000000000000000e+00 9.000000000000000000e+01 1.111111111111111154e-02 7.048791999999999840e-12
-5.000000000000000409e-06 4.199773999999999791e-11 9.910000000000000519e+37 1.942582000000000107e+03 2.150800000000000000e+04 1.000000000000000000e+00 1.000000000000000000e+02 1.000000000000000021e-02 4.199773999999999791e-11
-5.000000000000000409e-06 -9.102581000000000591e-11 9.910000000000000519e+37 4.984354000000000269e+03 2.150800000000000000e+04 2.000000000000000000e+00 1.100000000000000000e+02 9.090909090909090468e-03 9.102581000000000591e-11
-5.000000000000000409e-06 -7.348264000000000323e-12 9.910000000000000519e+37 5.731516999999999825e+03 2.150800000000000000e+04 3.000000000000000000e+00 1.200000000000000000e+02 8.333333333333333218e-03 7.348264000000000323e-12
-5.000000000000000409e-06 1.759969000000000132e-11 9.910000000000000519e+37 6.548860999999999876e+03 2.150800000000000000e+04 4.000000000000000000e+00 1.300000000000000000e+02 7.692307692307692735e-03 1.759969000000000132e-11
-5.000000000000000409e-06 -2.523113999999999865e-11 9.910000000000000519e+37 7.327167999999999665e+03 2.150800000000000000e+04 5.000000000000000000e+00 1.400000000000000000e+02 7.142857142857142634e-03 2.523113999999999865e-11
-5.000000000000000409e-06 2.683406000000000047e-11 9.910000000000000519e+37 8.100551000000000386e+03 2.150800000000000000e+04 6.000000000000000000e+00 1.500000000000000000e+02 6.666666666666667095e-03 2.683406000000000047e-11
-5.000000000000000409e-06 3.681806999999999924e-11 9.910000000000000519e+37 9.089826999999999316e+03 2.150800000000000000e+04 7.000000000000000000e+00 1.600000000000000000e+02 6.250000000000000347e-03 3.681806999999999924e-11
-5.000000000000000409e-06 2.318262999999999938e-09 9.910000000000000519e+37 1.389870999999999913e+04 2.150800000000000000e+04 8.000000000000000000e+00 1.700000000000000000e+02 5.882352941176470507e-03 2.318262999999999938e-09
-5.000000000000000409e-06 6.770145000000000303e-09 9.910000000000000519e+37 1.449681999999999971e+04 2.150800000000000000e+04 9.000000000000000000e+00 1.800000000000000000e+02 5.555555555555555768e-03 6.770145000000000303e-09
-5.000000000000000409e-06 -8.519945000000000195e-09 9.910000000000000519e+37 1.508085000000000036e+04 2.150800000000000000e+04 1.000000000000000000e+01 1.900000000000000000e+02 5.263157894736841987e-03 8.519945000000000195e-09
-5.000000000000000409e-06 -4.563263999999999846e-09 9.910000000000000519e+37 1.555545999999999913e+04 2.150800000000000000e+04 1.100000000000000000e+01 2.000000000000000000e+02 5.000000000000000104e-03 4.563263999999999846e-09
-5.000000000000000409e-06 -3.842105000000000145e-09 9.910000000000000519e+37 1.601468000000000029e+04 2.150800000000000000e+04 1.200000000000000000e+01 2.100000000000000000e+02 4.761904761904762334e-03 3.842105000000000145e-09
-5.000000000000000409e-06 8.385069999999999459e-09 9.910000000000000519e+37 1.643815999999999985e+04 2.150800000000000000e+04 1.300000000000000000e+01 2.200000000000000000e+02 4.545454545454545234e-03 8.385069999999999459e-09
-5.000000000000000409e-06 3.361476999999999972e-08 9.910000000000000519e+37 1.679388000000000102e+04 2.150800000000000000e+04 1.400000000000000000e+01 2.300000000000000000e+02 4.347826086956521792e-03 3.361476999999999972e-08
-5.000000000000000409e-06 5.631686000000000233e-08 9.910000000000000519e+37 1.719004000000000087e+04 2.150800000000000000e+04 1.500000000000000000e+01 2.400000000000000000e+02 4.166666666666666609e-03 5.631686000000000233e-08
-5.000000000000000409e-06 9.508714999999999791e-08 9.910000000000000519e+37 1.759920999999999913e+04 2.150800000000000000e+04 1.600000000000000000e+01 2.500000000000000000e+02 4.000000000000000083e-03 9.508714999999999791e-08
-5.000000000000000409e-06 1.331035000000000113e-07 9.910000000000000519e+37 1.798033000000000175e+04 2.150800000000000000e+04 1.700000000000000000e+01 2.600000000000000000e+02 3.846153846153846367e-03 1.331035000000000113e-07
-5.000000000000000409e-06 1.876444999999999965e-07 9.910000000000000519e+37 1.841775999999999840e+04 2.150800000000000000e+04 1.800000000000000000e+01 2.700000000000000000e+02 3.703703703703703845e-03 1.876444999999999965e-07
-5.000000000000000409e-06 2.014932999999999928e-07 9.910000000000000519e+37 1.873440000000000146e+04 2.150800000000000000e+04 1.900000000000000000e+01 2.800000000000000000e+02 3.571428571428571317e-03 2.014932999999999928e-07
-5.000000000000000409e-06 2.698948999999999771e-07 9.910000000000000519e+37 1.905972999999999956e+04 2.150800000000000000e+04 2.000000000000000000e+01 2.900000000000000000e+02 3.448275862068965469e-03 2.698948999999999771e-07
-5.000000000000000409e-06 3.020691000000000218e-07 9.910000000000000519e+37 1.943066999999999825e+04 2.150800000000000000e+04 2.100000000000000000e+01 3.000000000000000000e+02 3.333333333333333547e-03 3.020691000000000218e-07
