9.999500000000000055e-02 7.020193000000000317e-11 9.910000000000000519e+37 3.785425999999999931e+03 2.150800000000000000e+04 0.000000000000000000e+00 9.000000000000000000e+01 1.111111111111111154e-02 7.020193000000000317e-11
9.999500000000000055e-02 -1.826997999999999878e-10 9.910000000000000519e+37 4.646960000000000036e+03 2.150800000000000000e+04 1.000000000000000000e+00 1.000000000000000000e+02 1.000000000000000021e-02 1.826997999999999878e-10
9.999500000000000055e-02 2.698081999999999852e-11 9.910000000000000519e+37 5.566146999999999935e+03 2.150800000000000000e+04 2.000000000000000000e+00 1.100000000000000000e+02 9.090909090909090468e-03 2.698081999999999852e-11
9.999500000000000055e-02 -1.059579999999999974e-10 9.910000000000000519e+37 6.481949999999999818e+03 2.150800000000000000e+04 3.000000000000000000e+00 1.200000000000000000e+02 8.333333333333333218e-03 1.059579999999999974e-10
9.999500000000000055e-02 -1.602174999999999885e-11 9.910000000000000519e+37 7.100447000000000116e+03 2.150800000000000000e+04 4.000000000000000000e+00 1.300000000000000000e+02 7.692307692307692735e-03 1.602174999999999885e-11
9.999500000000000055e-02 5.352067000000000394e-10 9.910000000000000519e+37 7.918207000000000335e+03 2.150800000000000000e+04 5.000000000000000000e+00 1.400000000000000000e+02 7.142857142857142634e-03 5.352067000000000394e-10
9.999500000000000055e-02 3.735473999999999750e-09 9.910000000000000519e+37 1.083854999999999927e+04 2.150800000000000000e+04 6.000000000000000000e+00 1.500000000000000000e+02 6.666666666666667095e-03 3.735473999999999750e-09
9.999500000000000055e-02 1.619068999999999964e-08 9.910000000000000519e+37 1.168572999999999956e+04 2.150800000000000000e+04 7.000000000000000000e+00 1.600000000000000000e+02 6.250000000000000347e-03 1.619068999999999964e-08
9.999500000000000055e-02 5.863487000000000020e-08 9.910000000000000519e+37 1.246507999999999993e+04 2.150800000000000000e+04 8.000000000000000000e+00 1.700000000000000000e+02 5.882352941176470507e-03 5.863487000000000020e-08
9.999500000000000055e-02 1.209643000000000001e-07 9.910000000000000519e+37 1.303537000000000080e+04 2.150800000000000000e+04 9.000000000000000000e+00 1.800000000000000000e+02 5.555555555555555768e-03 1.209643000000000001e-07
9.999500000000000055e-02 4.135390000000000080e-07 9.910000000000000519e+37 1.340878000000000065e+04 2.150800000000000000e+04 1.000000000000000000e+01 1.900000000000000000e+02 5.263157894736841987e-03 4.135390000000000080e-07
9.999500000000000055e-02 9.867440999999998976e-07 9.910000000000000519e+37 1.373856999999999971e+04 2.150800000000000000e+04 1.100000000000000000e+01 2.000000000000000000e+02 5.000000000000000104e-03 9.867440999999998976e-07
9.999500000000000055e-02 2.716293000000000168e-06 9.910000000000000519e+37 1.408943000000000029e+04 2.150800000000000000e+04 1.200000000000000000e+01 2.100000000000000000e+02 4.761904761904762334e-03 2.716293000000000168e-06
9.999500000000000055e-02 7.137303000000000129e-06 9.910000000000000519e+37 1.455111000000000058e+04 2.150800000000000000e+04 1.300000000000000000e+01 2.200000000000000000e+02 4.545454545454545234e-03 7.137303000000000129e-06
9.999500000000000055e-02 1.637583999999999939e-05 9.910000000000000519e+37 1.505430999999999949e+04 2.150800000000000000e+04 1.400000000000000000e+01 2.300000000000000000e+02 4.347826086956521792e-03 1.637583999999999939e-05
9.999500000000000055e-02 3.087923000000000284e-05 9.910000000000000519e+37 1.548612000000000080e+04 2.150800000000000000e+04 1.500000000000000000e+01 2.400000000000000000e+02 4.166666666666666609e-03 3.087923000000000284e-05
9.999500000000000055e-02 5.477544000000000016e-05 9.910000000000000519e+37 1.585259000000000015e+04 2.150800000000000000e+04 1.600000000000000000e+01 2.500000000000000000e+02 4.000000000000000083e-03 5.477544000000000016e-05
9.999500000000000055e-02 1.010729999999999994e-04 9.910000000000000519e+37 1.629596999999999935e+04 2.150800000000000000e+04 1.700000000000000000e+01 2.600000000000000000e+02 3.846153846153846367e-03 1.010729999999999994e-04
9.999500000000000055e-02 1.506714000000000089e-04 9.910000000000000519e+37 1.656702999999999884e+04 2.150800000000000000e+04 1.800000000000000000e+01 2.700000000000000000e+02 3.703703703703703845e-03 1.506714000000000089e-04
9.999500000000000055e-02 2.718077000000000167e-04 9.910000000000000519e+37 1.698331999999999971e+04 2.150800000000000000e+04 1.900000000000000000e+01 2.800000000000000000e+02 3.571428571428571317e-03 2.718077000000000167e-04
9.999500000000000055e-02 4.337195000000000069e-04 9.910000000000000519e+37 1.738650999999999840e+04 2.150800000000000000e+04 2.000000000000000000e+01 2.900000000000000000e+02 3.448275862068965469e-03 4.337195000000000069e-04
9.999500000000000055e-02 6.562354000000000494e-04 9.910000000000000519e+37 1.790231999999999971e+04 2.150800000000000000e+04 2.100000000000000000e+01 3.000000000000000000e+02 3.333333333333333547e-03 6.562354000000000494e-04
