-1.000049999999999967e-01 -5.371361999999999706e-11 9.910000000000000519e+37 1.607534000000000106e+03 2.150800000000000000e+04 0.000000000000000000e+00 9.000000000000000000e+01 1.111111111111111154e-02 5.371361999999999706e-11
-1.000049999999999967e-01 -1.328650999999999913e-10 9.910000000000000519e+37 2.680257999999999811e+03 2.150800000000000000e+04 1.000000000000000000e+00 1.000000000000000000e+02 1.000000000000000021e-02 1.328650999999999913e-10
-1.000049999999999967e-01 -8.884853000000000007e-11 9.910000000000000519e+37 3.474235999999999876e+03 2.150800000000000000e+04 2.000000000000000000e+00 1.100000000000000000e+02 9.090909090909090468e-03 8.884853000000000007e-11
-1.000049999999999967e-01 -8.688764999999999722e-11 9.910000000000000519e+37 5.028587000000000444e+03 2.150800000000000000e+04 3.000000000000000000e+00 1.200000000000000000e+02 8.333333333333333218e-03 8.688764999999999722e-11
-1.000049999999999967e-01 -6.372386999999999876e-11 9.910000000000000519e+37 5.815604000000000269e+03 2.150800000000000000e+04 4.000000000000000000e+00 1.300000000000000000e+02 7.692307692307692735e-03 6.372386999999999876e-11
-1.000049999999999967e-01 -2.848935999999999888e-11 9.910000000000000519e+37 6.875265999999999622e+03 2.150800000000000000e+04 5.000000000000000000e+00 1.400000000000000000e+02 7.142857142857142634e-03 2.848935999999999888e-11
-1.000049999999999967e-01 -1.237983000000000025e-10 9.910000000000000519e+37 7.760742000000000189e+03 2.150800000000000000e+04 6.000000000000000000e+00 1.500000000000000000e+02 6.666666666666667095e-03 1.237983000000000025e-10
-1.000049999999999967e-01 -4.490013999999999815e-10 9.910000000000000519e+37 8.921253000000000611e+03 2.150800000000000000e+04 7.000000000000000000e+00 1.600000000000000000e+02 6.250000000000000347e-03 4.490013999999999815e-10
-1.000049999999999967e-01 -2.815684999999999878e-09 9.910000000000000519e+37 1.059926000000000022e+04 2.150800000000000000e+04 8.000000000000000000e+00 1.700000000000000000e+02 5.882352941176470507e-03 2.815684999999999878e-09
-1.000049999999999967e-01 2.703688000000000063e-08 9.910000000000000519e+37 1.137932999999999993e+04 2.150800000000000000e+04 9.000000000000000000e+00 1.800000000000000000e+02 5.555555555555555768e-03 2.703688000000000063e-08
-1.000049999999999967e-01 -4.833203999999999846e-08 9.910000000000000519e+37 1.183598999999999978e+04 2.150800000000000000e+04 1.000000000000000000e+01 1.900000000000000000e+02 5.263157894736841987e-03 4.833203999999999846e-08
-1.000049999999999967e-01 -1.090704999999999972e-07 9.910000000000000519e+37 1.236854999999999927e+04 2.150800000000000000e+04 1.100000000000000000e+01 2.000000000000000000e+02 5.000000000000000104e-03 1.090704999999999972e-07
-1.000049999999999967e-01 -3.380343999999999898e-07 9.910000000000000519e+37 1.329765999999999985e+04 2.150800000000000000e+04 1.200000000000000000e+01 2.100000000000000000e+02 4.761904761904762334e-03 3.380343999999999898e-07
-1.000049999999999967e-01 -7.158459999999999899e-07 9.910000000000000519e+37 1.382969000000000051e+04 2.150800000000000000e+04 1.300000000000000000e+01 2.200000000000000000e+02 4.545454545454545234e-03 7.158459999999999899e-07
-1.000049999999999967e-01 -2.013085000000000056e-06 9.910000000000000519e+37 1.435775000000000000e+04 2.150800000000000000e+04 1.400000000000000000e+01 2.300000000000000000e+02 4.347826086956521792e-03 2.013085000000000056e-06
-1.000049999999999967e-01 -6.506000000000000051e-06 9.910000000000000519e+37 1.554812999999999920e+04 2.150800000000000000e+04 1.500000000000000000e+01 2.400000000000000000e+02 4.166666666666666609e-03 6.506000000000000051e-06
-1.000049999999999967e-01 -1.112008999999999978e-05 9.910000000000000519e+37 1.599893000000000029e+04 2.150800000000000000e+04 1.600000000000000000e+01 2.500000000000000000e+02 4.000000000000000083e-03 1.112008999999999978e-05
-1.000049999999999967e-01 -2.253065000000000086e-05 9.910000000000000519e+37 1.640138000000000102e+04 2.150800000000000000e+04 1.700000000000000000e+01 2.600000000000000000e+02 3.846153846153846367e-03 2.253065000000000086e-05
-1.000049999999999967e-01 -4.170876000000000011e-05 9.910000000000000519e+37 1.698420000000000073e+04 2.150800000000000000e+04 1.800000000000000000e+01 2.700000000000000000e+02 3.703703703703703845e-03 4.170876000000000011e-05
-1.000049999999999967e-01 -7.938072999999999917e-05 9.910000000000000519e+37 1.739011999999999898e+04 2.150800000000000000e+04 1.900000000000000000e+01 2.800000000000000000e+02 3.571428571428571317e-03 7.938072999999999917e-05
-1.000049999999999967e-01 -1.444372999999999935e-04 9.910000000000000519e+37 1.776931000000000131e+04 2.150800000000000000e+04 2.000000000000000000e+01 2.900000000000000000e+02 3.448275862068965469e-03 1.444372999999999935e-04
-1.000049999999999967e-01 -2.113843000000000015e-04 9.910000000000000519e+37 1.812029999999999927e+04 2.150800000000000000e+04 2.100000000000000000e+01 3.000000000000000000e+02 3.333333333333333547e-03 2.113843000000000015e-04
