-2.000049999999999883e-01 -1.194960999999999985e-10 9.910000000000000519e+37 1.604548000000000002e+03 2.150800000000000000e+04 0.000000000000000000e+00 9.000000000000000000e+01 1.111111111111111154e-02 1.194960999999999985e-10
-2.000049999999999883e-01 -1.442126999999999936e-10 9.910000000000000519e+37 2.677273000000000138e+03 2.150800000000000000e+04 1.000000000000000000e+00 1.000000000000000000e+02 1.000000000000000021e-02 1.442126999999999936e-10
-2.000049999999999883e-01 -1.646485999999999881e-10 9.910000000000000519e+37 3.471251999999999953e+03 2.150800000000000000e+04 2.000000000000000000e+00 1.100000000000000000e+02 9.090909090909090468e-03 1.646485999999999881e-10
-2.000049999999999883e-01 -1.214363000000000059e-10 9.910000000000000519e+37 5.025601999999999862e+03 2.150800000000000000e+04 3.000000000000000000e+00 1.200000000000000000e+02 8.333333333333333218e-03 1.214363000000000059e-10
-2.000049999999999883e-01 -1.175782999999999971e-10 9.910000000000000519e+37 5.812618999999999687e+03 2.150800000000000000e+04 4.000000000000000000e+00 1.300000000000000000e+02 7.692307692307692735e-03 1.175782999999999971e-10
-2.000049999999999883e-01 -2.386740999999999772e-10 9.910000000000000519e+37 6.872279000000000451e+03 2.150800000000000000e+04 5.000000000000000000e+00 1.400000000000000000e+02 7.142857142857142634e-03 2.386740999999999772e-10
-2.000049999999999883e-01 -3.597819999999999886e-10 9.910000000000000519e+37 7.757756999999999607e+03 2.150800000000000000e+04 6.000000000000000000e+00 1.500000000000000000e+02 6.666666666666667095e-03 3.597819999999999886e-10
-2.000049999999999883e-01 -1.327042999999999922e-09 9.910000000000000519e+37 8.918268000000000029e+03 2.150800000000000000e+04 7.000000000000000000e+00 1.600000000000000000e+02 6.250000000000000347e-03 1.327042999999999922e-09
-2.000049999999999883e-01 -7.096828000000000383e-09 9.910000000000000519e+37 1.059628000000000065e+04 2.150800000000000000e+04 8.000000000000000000e+00 1.700000000000000000e+02 5.882352941176470507e-03 7.096828000000000383e-09
-2.000049999999999883e-01 -2.834609999999999996e-08 9.910000000000000519e+37 1.137896999999999935e+04 2.150800000000000000e+04 9.000000000000000000e+00 1.800000000000000000e+02 5.555555555555555768e-03 2.834609999999999996e-08
-2.000049999999999883e-01 -7.206752999999999629e-08 9.910000000000000519e+37 1.183562999999999920e+04 2.150800000000000000e+04 1.000000000000000000e+01 1.900000000000000000e+02 5.263157894736841987e-03 7.206752999999999629e-08
-2.000049999999999883e-01 -2.512895000000000083e-07 9.910000000000000519e+37 1.236819000000000051e+04 2.150800000000000000e+04 1.100000000000000000e+01 2.000000000000000000e+02 5.000000000000000104e-03 2.512895000000000083e-07
-2.000049999999999883e-01 -6.886063999999999873e-07 9.910000000000000519e+37 1.329730999999999949e+04 2.150800000000000000e+04 1.200000000000000000e+01 2.100000000000000000e+02 4.761904761904762334e-03 6.886063999999999873e-07
-2.000049999999999883e-01 -1.295382000000000052e-06 9.910000000000000519e+37 1.382882999999999993e+04 2.150800000000000000e+04 1.300000000000000000e+01 2.200000000000000000e+02 4.545454545454545234e-03 1.295382000000000052e-06
-2.000049999999999883e-01 -3.687444999999999810e-06 9.910000000000000519e+37 1.435738999999999942e+04 2.150800000000000000e+04 1.400000000000000000e+01 2.300000000000000000e+02 4.347826086956521792e-03 3.687444999999999810e-06
-2.000049999999999883e-01 -1.160159000000000017e-05 9.910000000000000519e+37 1.554770000000000073e+04 2.150800000000000000e+04 1.500000000000000000e+01 2.400000000000000000e+02 4.166666666666666609e-03 1.160159000000000017e-05
-2.000049999999999883e-01 -1.958007000000000039e-05 9.910000000000000519e+37 1.599857999999999993e+04 2.150800000000000000e+04 1.600000000000000000e+01 2.500000000000000000e+02 4.000000000000000083e-03 1.958007000000000039e-05
-2.000049999999999883e-01 -3.861418999999999968e-05 9.910000000000000519e+37 1.640102000000000044e+04 2.150800000000000000e+04 1.700000000000000000e+01 2.600000000000000000e+02 3.846153846153846367e-03 3.861418999999999968e-05
-2.000049999999999883e-01 -7.011858999999999573e-05 9.910000000000000519e+37 1.698384000000000015e+04 2.150800000000000000e+04 1.800000000000000000e+01 2.700000000000000000e+02 3.703703703703703845e-03 7.011858999999999573e-05
-2.000049999999999883e-01 -1.308833000000000078e-04 9.910000000000000519e+37 1.738968999999999869e+04 2.150800000000000000e+04 1.900000000000000000e+01 2.800000000000000000e+02 3.571428571428571317e-03 1.308833000000000078e-04
-2.000049999999999883e-01 -2.345381999999999968e-04 9.910000000000000519e+37 1.776895000000000073e+04 2.150800000000000000e+04 2.000000000000000000e+01 2.900000000000000000e+02 3.448275862068965469e-03 2.345381999999999968e-04
-2.000049999999999883e-01 -3.404244000000000063e-04 9.910000000000000519e+37 1.811995000000000073e+04 2.150800000000000000e+04 2.100000000000000000e+01 3.000000000000000000e+02 3.333333333333333547e-03 3.404244000000000063e-04
