-2.000049999999999883e-01 -1.119988999999999993e-10 9.910000000000000519e+37 3.776469000000000051e+03 2.150800000000000000e+04 0.000000000000000000e+00 9.000000000000000000e+01 1.111111111111111154e-02 1.119988999999999993e-10
-2.000049999999999883e-01 -2.105980999999999970e-11 9.910000000000000519e+37 4.638001000000000204e+03 2.150800000000000000e+04 1.000000000000000000e+00 1.000000000000000000e+02 1.000000000000000021e-02 2.105980999999999970e-11
-2.000049999999999883e-01 -3.583309000000000204e-10 9.910000000000000519e+37 5.557189999999999600e+03 2.150800000000000000e+04 2.000000000000000000e+00 1.100000000000000000e+02 9.090909090909090468e-03 3.583309000000000204e-10
-2.000049999999999883e-01 -2.296457000000000024e-10 9.910000000000000519e+37 6.472989999999999782e+03 2.150800000000000000e+04 3.000000000000000000e+00 1.200000000000000000e+02 8.333333333333333218e-03 2.296457000000000024e-10
-2.000049999999999883e-01 -3.593562000000000168e-10 9.910000000000000519e+37 7.091489999999999782e+03 2.150800000000000000e+04 4.000000000000000000e+00 1.300000000000000000e+02 7.692307692307692735e-03 3.593562000000000168e-10
-2.000049999999999883e-01 -3.565370999999999971e-10 9.910000000000000519e+37 7.909248999999999796e+03 2.150800000000000000e+04 5.000000000000000000e+00 1.400000000000000000e+02 7.142857142857142634e-03 3.565370999999999971e-10
-2.000049999999999883e-01 -3.999139000000000204e-10 9.910000000000000519e+37 1.082960000000000036e+04 2.150800000000000000e+04 6.000000000000000000e+00 1.500000000000000000e+02 6.666666666666667095e-03 3.999139000000000204e-10
-2.000049999999999883e-01 -1.562662000000000078e-09 9.910000000000000519e+37 1.167678000000000065e+04 2.150800000000000000e+04 7.000000000000000000e+00 1.600000000000000000e+02 6.250000000000000347e-03 1.562662000000000078e-09
-2.000049999999999883e-01 -6.571342999999999897e-09 9.910000000000000519e+37 1.245612999999999920e+04 2.150800000000000000e+04 8.000000000000000000e+00 1.700000000000000000e+02 5.882352941176470507e-03 6.571342999999999897e-09
-2.000049999999999883e-01 -7.287784999999999768e-08 9.910000000000000519e+37 1.303429999999999927e+04 2.150800000000000000e+04 9.000000000000000000e+00 1.800000000000000000e+02 5.555555555555555768e-03 7.287784999999999768e-08
-2.000049999999999883e-01 -1.136299000000000003e-07 9.910000000000000519e+37 1.340770999999999913e+04 2.150800000000000000e+04 1.000000000000000000e+01 1.900000000000000000e+02 5.263157894736841987e-03 1.136299000000000003e-07
-2.000049999999999883e-01 -2.037750000000000099e-07 9.910000000000000519e+37 1.373750000000000000e+04 2.150800000000000000e+04 1.100000000000000000e+01 2.000000000000000000e+02 5.000000000000000104e-03 2.037750000000000099e-07
-2.000049999999999883e-01 -5.273003999999999854e-07 9.910000000000000519e+37 1.408822999999999956e+04 2.150800000000000000e+04 1.200000000000000000e+01 2.100000000000000000e+02 4.761904761904762334e-03 5.273003999999999854e-07
-2.000049999999999883e-01 -1.726339999999999933e-06 9.910000000000000519e+37 1.454962000000000080e+04 2.150800000000000000e+04 1.300000000000000000e+01 2.200000000000000000e+02 4.545454545454545234e-03 1.726339999999999933e-06
-2.000049999999999883e-01 -4.730643999999999595e-06 9.910000000000000519e+37 1.505288999999999942e+04 2.150800000000000000e+04 1.400000000000000000e+01 2.300000000000000000e+02 4.347826086956521792e-03 4.730643999999999595e-06
-2.000049999999999883e-01 -1.001465000000000075e-05 9.910000000000000519e+37 1.548463999999999942e+04 2.150800000000000000e+04 1.500000000000000000e+01 2.400000000000000000e+02 4.166666666666666609e-03 1.001465000000000075e-05
-2.000049999999999883e-01 -1.989422999999999875e-05 9.910000000000000519e+37 1.585111000000000058e+04 2.150800000000000000e+04 1.600000000000000000e+01 2.500000000000000000e+02 4.000000000000000083e-03 1.989422999999999875e-05
-2.000049999999999883e-01 -4.166056999999999676e-05 9.910000000000000519e+37 1.629462000000000080e+04 2.150800000000000000e+04 1.700000000000000000e+01 2.600000000000000000e+02 3.846153846153846367e-03 4.166056999999999676e-05
-2.000049999999999883e-01 -6.806446999999999649e-05 9.910000000000000519e+37 1.656561999999999898e+04 2.150800000000000000e+04 1.800000000000000000e+01 2.700000000000000000e+02 3.703703703703703845e-03 6.806446999999999649e-05
-2.000049999999999883e-01 -1.390014999999999870e-04 9.910000000000000519e+37 1.698184000000000015e+04 2.150800000000000000e+04 1.900000000000000000e+01 2.800000000000000000e+02 3.571428571428571317e-03 1.390014999999999870e-04
-2.000049999999999883e-01 -2.491764999999999952e-04 9.910000000000000519e+37 1.738502000000000044e+04 2.150800000000000000e+04 2.000000000000000000e+01 2.900000000000000000e+02 3.448275862068965469e-03 2.491764999999999952e-04
-2.000049999999999883e-01 -4.225556999999999903e-04 9.910000000000000519e+37 1.790083000000000175e+04 2.150800000000000000e+04 2.100000000000000000e+01 3.000000000000000000e+02 3.333333333333333547e-03 4.225556999999999903e-04
