-5.000000000000000409e-06 -1.055230999999999941e-10 9.910000000000000519e+37 3.782438999999999851e+03 2.150800000000000000e+04 0.000000000000000000e+00 9.000000000000000000e+01 1.111111111111111154e-02 1.055230999999999941e-10
-5.000000000000000409e-06 -2.545738000000000024e-10 9.910000000000000519e+37 4.643974000000000160e+03 2.150800000000000000e+04 1.000000000000000000e+00 1.000000000000000000e+02 1.000000000000000021e-02 2.545738000000000024e-10
-5.000000000000000409e-06 -6.244190999999999722e-11 9.910000000000000519e+37 5.563161000000000058e+03 2.150800000000000000e+04 2.000000000000000000e+00 1.100000000000000000e+02 9.090909090909090468e-03 6.244190999999999722e-11
-5.000000000000000409e-06 -1.754943000000000068e-10 9.910000000000000519e+37 6.478962999999999738e+03 2.150800000000000000e+04 3.000000000000000000e+00 1.200000000000000000e+02 8.333333333333333218e-03 1.754943000000000068e-10
-5.000000000000000409e-06 -1.904477999999999955e-10 9.910000000000000519e+37 7.097461000000000240e+03 2.150800000000000000e+04 4.000000000000000000e+00 1.300000000000000000e+02 7.692307692307692735e-03 1.904477999999999955e-10
-5.000000000000000409e-06 -3.632430999999999841e-10 9.910000000000000519e+37 7.915220000000000255e+03 2.150800000000000000e+04 5.000000000000000000e+00 1.400000000000000000e+02 7.142857142857142634e-03 3.632430999999999841e-10
-5.000000000000000409e-06 -8.947533999999999586e-11 9.910000000000000519e+37 1.083556999999999971e+04 2.150800000000000000e+04 6.000000000000000000e+00 1.500000000000000000e+02 6.666666666666667095e-03 8.947533999999999586e-11
-5.000000000000000409e-06 -2.342439000000000125e-10 9.910000000000000519e+37 1.168273999999999978e+04 2.150800000000000000e+04 7.000000000000000000e+00 1.600000000000000000e+02 6.250000000000000347e-03 2.342439000000000125e-10
-5.000000000000000409e-06 -1.476557999999999897e-10 9.910000000000000519e+37 1.246210000000000036e+04 2.150800000000000000e+04 8.000000000000000000e+00 1.700000000000000000e+02 5.882352941176470507e-03 1.476557999999999897e-10
-5.000000000000000409e-06 2.971993000000000161e-08 9.910000000000000519e+37 1.303501000000000022e+04 2.150800000000000000e+04 9.000000000000000000e+00 1.800000000000000000e+02 5.555555555555555768e-03 2.971993000000000161e-08
-5.000000000000000409e-06 3.918161000000000114e-08 9.910000000000000519e+37 1.340842000000000007e+04 2.150800000000000000e+04 1.000000000000000000e+01 1.900000000000000000e+02 5.263157894736841987e-03 3.918161000000000114e-08
-5.000000000000000409e-06 -4.301383999999999919e-08 9.910000000000000519e+37 1.373820999999999913e+04 2.150800000000000000e+04 1.100000000000000000e+01 2.000000000000000000e+02 5.000000000000000104e-03 4.301383999999999919e-08
-5.000000000000000409e-06 1.630039999999999884e-08 9.910000000000000519e+37 1.408894000000000051e+04 2.150800000000000000e+04 1.200000000000000000e+01 2.100000000000000000e+02 4.761904761904762334e-03 1.630039999999999884e-08
-5.000000000000000409e-06 -3.116149000000000093e-08 9.910000000000000519e+37 1.455061000000000058e+04 2.150800000000000000e+04 1.300000000000000000e+01 2.200000000000000000e+02 4.545454545454545234e-03 3.116149000000000093e-08
-5.000000000000000409e-06 7.562385000000000040e-10 9.910000000000000519e+37 1.505367000000000007e+04 2.150800000000000000e+04 1.400000000000000000e+01 2.300000000000000000e+02 4.347826086956521792e-03 7.562385000000000040e-10
-5.000000000000000409e-06 3.997580000000000251e-08 9.910000000000000519e+37 1.548548999999999978e+04 2.150800000000000000e+04 1.500000000000000000e+01 2.400000000000000000e+02 4.166666666666666609e-03 3.997580000000000251e-08
-5.000000000000000409e-06 2.587717000000000063e-07 9.910000000000000519e+37 1.585195999999999913e+04 2.150800000000000000e+04 1.600000000000000000e+01 2.500000000000000000e+02 4.000000000000000083e-03 2.587717000000000063e-07
-5.000000000000000409e-06 3.853429000000000194e-07 9.910000000000000519e+37 1.629547999999999956e+04 2.150800000000000000e+04 1.700000000000000000e+01 2.600000000000000000e+02 3.846153846153846367e-03 3.853429000000000194e-07
-5.000000000000000409e-06 5.245695999999999700e-07 9.910000000000000519e+37 1.656640000000000146e+04 2.150800000000000000e+04 1.800000000000000000e+01 2.700000000000000000e+02 3.703703703703703845e-03 5.245695999999999700e-07
-5.000000000000000409e-06 1.003551999999999959e-06 9.910000000000000519e+37 1.698268999999999869e+04 2.150800000000000000e+04 1.900000000000000000e+01 2.800000000000000000e+02 3.571428571428571317e-03 1.003551999999999959e-06
-5.000000000000000409e-06 1.109757000000000029e-06 9.910000000000000519e+37 1.738586999999999898e+04 2.150800000000000000e+04 2.000000000000000000e+01 2.900000000000000000e+02 3.448275862068965469e-03 1.109757000000000029e-06
-5.000000000000000409e-06 6.489100000000000052e-07 9.910000000000000519e+37 1.790168000000000029e+04 2.150800000000000000e+04 2.100000000000000000e+01 3.000000000000000000e+02 3.333333333333333547e-03 6.489100000000000052e-07
