9.999500000000000055e-02 -1.038756999999999937e-10 9.910000000000000519e+37 1.613506000000000085e+03 2.150800000000000000e+04 0.000000000000000000e+00 9.000000000000000000e+01 1.111111111111111154e-02 1.038756999999999937e-10
9.999500000000000055e-02 3.598300000000000127e-11 9.910000000000000519e+37 2.686228999999999814e+03 2.150800000000000000e+04 1.000000000000000000e+00 1.000000000000000000e+02 1.000000000000000021e-02 3.598300000000000127e-11
9.999500000000000055e-02 3.884739999999999863e-12 9.910000000000000519e+37 3.480208000000000084e+03 2.150800000000000000e+04 2.000000000000000000e+00 1.100000000000000000e+02 9.090909090909090468e-03 3.884739999999999863e-12
9.999500000000000055e-02 3.395460000000000236e-11 9.910000000000000519e+37 5.034556999999999789e+03 2.150800000000000000e+04 3.000000000000000000e+00 1.200000000000000000e+02 8.333333333333333218e-03 3.395460000000000236e-11
9.999500000000000055e-02 2.237146999999999947e-10 9.910000000000000519e+37 5.821574999999999818e+03 2.150800000000000000e+04 4.000000000000000000e+00 1.300000000000000000e+02 7.692307692307692735e-03 2.237146999999999947e-10
9.999500000000000055e-02 1.052581999999999912e-09 9.910000000000000519e+37 6.881234999999999673e+03 2.150800000000000000e+04 5.000000000000000000e+00 1.400000000000000000e+02 7.142857142857142634e-03 1.052581999999999912e-09
9.999500000000000055e-02 4.675702999999999606e-09 9.910000000000000519e+37 7.766715000000000146e+03 2.150800000000000000e+04 6.000000000000000000e+00 1.500000000000000000e+02 6.666666666666667095e-03 4.675702999999999606e-09
9.999500000000000055e-02 1.829644999999999838e-08 9.910000000000000519e+37 8.927225000000000364e+03 2.150800000000000000e+04 7.000000000000000000e+00 1.600000000000000000e+02 6.250000000000000347e-03 1.829644999999999838e-08
9.999500000000000055e-02 7.389337000000000412e-08 9.910000000000000519e+37 1.060522999999999956e+04 2.150800000000000000e+04 8.000000000000000000e+00 1.700000000000000000e+02 5.882352941176470507e-03 7.389337000000000412e-08
9.999500000000000055e-02 1.478623999999999993e-07 9.910000000000000519e+37 1.138004000000000087e+04 2.150800000000000000e+04 9.000000000000000000e+00 1.800000000000000000e+02 5.555555555555555768e-03 1.478623999999999993e-07
9.999500000000000055e-02 4.518203000000000082e-07 9.910000000000000519e+37 1.183670000000000073e+04 2.150800000000000000e+04 1.000000000000000000e+01 1.900000000000000000e+02 5.263157894736841987e-03 4.518203000000000082e-07
9.999500000000000055e-02 1.262844999999999977e-06 9.910000000000000519e+37 1.236940999999999985e+04 2.150800000000000000e+04 1.100000000000000000e+01 2.000000000000000000e+02 5.000000000000000104e-03 1.262844999999999977e-06
9.999500000000000055e-02 3.232499999999999968e-06 9.910000000000000519e+37 1.329851000000000022e+04 2.150800000000000000e+04 1.200000000000000000e+01 2.100000000000000000e+02 4.761904761904762334e-03 3.232499999999999968e-06
9.999500000000000055e-02 5.727177999999999802e-06 9.910000000000000519e+37 1.383053000000000065e+04 2.150800000000000000e+04 1.300000000000000000e+01 2.200000000000000000e+02 4.545454545454545234e-03 5.727177999999999802e-06
9.999500000000000055e-02 1.331905999999999983e-05 9.910000000000000519e+37 1.435880999999999949e+04 2.150800000000000000e+04 1.400000000000000000e+01 2.300000000000000000e+02 4.347826086956521792e-03 1.331905999999999983e-05
9.999500000000000055e-02 3.361463999999999772e-05 9.910000000000000519e+37 1.554919000000000051e+04 2.150800000000000000e+04 1.500000000000000000e+01 2.400000000000000000e+02 4.166666666666666609e-03 3.361463999999999772e-05
9.999500000000000055e-02 5.144150999999999937e-05 9.910000000000000519e+37 1.600005999999999949e+04 2.150800000000000000e+04 1.600000000000000000e+01 2.500000000000000000e+02 4.000000000000000083e-03 5.144150999999999937e-05
9.999500000000000055e-02 8.920193999999999996e-05 9.910000000000000519e+37 1.640236999999999898e+04 2.150800000000000000e+04 1.700000000000000000e+01 2.600000000000000000e+02 3.846153846153846367e-03 8.920193999999999996e-05
9.999500000000000055e-02 1.442511000000000054e-04 9.910000000000000519e+37 1.698525999999999840e+04 2.150800000000000000e+04 1.800000000000000000e+01 2.700000000000000000e+02 3.703703703703703845e-03 1.442511000000000054e-04
9.999500000000000055e-02 2.383925999999999916e-04 9.910000000000000519e+37 1.739118000000000029e+04 2.150800000000000000e+04 1.900000000000000000e+01 2.800000000000000000e+02 3.571428571428571317e-03 2.383925999999999916e-04
9.999500000000000055e-02 3.783152000000000129e-04 9.910000000000000519e+37 1.777045000000000073e+04 2.150800000000000000e+04 2.000000000000000000e+01 2.900000000000000000e+02 3.448275862068965469e-03 3.783152000000000129e-04
9.999500000000000055e-02 5.066133000000000441e-04 9.910000000000000519e+37 1.812143999999999869e+04 2.150800000000000000e+04 2.100000000000000000e+01 3.000000000000000000e+02 3.333333333333333547e-03 5.066133000000000441e-04
