-5.000000000000000409e-06 -9.937264000000000055e-11 9.910000000000000519e+37 1.610519999999999982e+03 2.150800000000000000e+04 0.000000000000000000e+00 9.000000000000000000e+01 1.111111111111111154e-02 9.937264000000000055e-11
-5.000000000000000409e-06 -3.836961000000000012e-11 9.910000000000000519e+37 2.683242999999999938e+03 2.150800000000000000e+04 1.000000000000000000e+00 1.000000000000000000e+02 1.000000000000000021e-02 3.836961000000000012e-11
-5.000000000000000409e-06 -3.877588999999999988e-11 9.910000000000000519e+37 3.477222000000000207e+03 2.150800000000000000e+04 2.000000000000000000e+00 1.100000000000000000e+02 9.090909090909090468e-03 3.877588999999999988e-11
-5.000000000000000409e-06 -6.696185000000000229e-11 9.910000000000000519e+37 5.031572000000000116e+03 2.150800000000000000e+04 3.000000000000000000e+00 1.200000000000000000e+02 8.333333333333333218e-03 6.696185000000000229e-11
-5.000000000000000409e-06 -4.616475000000000077e-11 9.910000000000000519e+37 5.818588999999999942e+03 2.150800000000000000e+04 4.000000000000000000e+00 1.300000000000000000e+02 7.692307692307692735e-03 4.616475000000000077e-11
-5.000000000000000409e-06 2.950245999999999988e-11 9.910000000000000519e+37 6.878250000000000000e+03 2.150800000000000000e+04 5.000000000000000000e+00 1.400000000000000000e+02 7.142857142857142634e-03 2.950245999999999988e-11
-5.000000000000000409e-06 9.089890999999999521e-11 9.910000000000000519e+37 7.763729000000000269e+03 2.150800000000000000e+04 6.000000000000000000e+00 1.500000000000000000e+02 6.666666666666667095e-03 9.089890999999999521e-11
-5.000000000000000409e-06 1.171453000000000049e-10 9.910000000000000519e+37 8.924237999999999374e+03 2.150800000000000000e+04 7.000000000000000000e+00 1.600000000000000000e+02 6.250000000000000347e-03 1.171453000000000049e-10
-5.000000000000000409e-06 1.575344000000000045e-10 9.910000000000000519e+37 1.060225000000000000e+04 2.150800000000000000e+04 8.000000000000000000e+00 1.700000000000000000e+02 5.882352941176470507e-03 1.575344000000000045e-10
-5.000000000000000409e-06 -9.733810000000000325e-09 9.910000000000000519e+37 1.137969000000000051e+04 2.150800000000000000e+04 9.000000000000000000e+00 1.800000000000000000e+02 5.555555555555555768e-03 9.733810000000000325e-09
-5.000000000000000409e-06 3.493784000000000019e-08 9.910000000000000519e+37 1.183635000000000036e+04 2.150800000000000000e+04 1.000000000000000000e+01 1.900000000000000000e+02 5.263157894736841987e-03 3.493784000000000019e-08
-5.000000000000000409e-06 3.328992999999999983e-08 9.910000000000000519e+37 1.236890999999999985e+04 2.150800000000000000e+04 1.100000000000000000e+01 2.000000000000000000e+02 5.000000000000000104e-03 3.328992999999999983e-08
-5.000000000000000409e-06 -2.075383000000000049e-08 9.910000000000000519e+37 1.329801000000000022e+04 2.150800000000000000e+04 1.200000000000000000e+01 2.100000000000000000e+02 4.761904761904762334e-03 2.075383000000000049e-08
-5.000000000000000409e-06 -2.696124000000000026e-09 9.910000000000000519e+37 1.383004000000000087e+04 2.150800000000000000e+04 1.300000000000000000e+01 2.200000000000000000e+02 4.545454545454545234e-03 2.696124000000000026e-09
-5.000000000000000409e-06 1.638373999999999951e-08 9.910000000000000519e+37 1.435818000000000029e+04 2.150800000000000000e+04 1.400000000000000000e+01 2.300000000000000000e+02 4.347826086956521792e-03 1.638373999999999951e-08
-5.000000000000000409e-06 9.384700000000000649e-08 9.910000000000000519e+37 1.554854999999999927e+04 2.150800000000000000e+04 1.500000000000000000e+01 2.400000000000000000e+02 4.166666666666666609e-03 9.384700000000000649e-08
-5.000000000000000409e-06 1.167276999999999951e-07 9.910000000000000519e+37 1.599943000000000029e+04 2.150800000000000000e+04 1.600000000000000000e+01 2.500000000000000000e+02 4.000000000000000083e-03 1.167276999999999951e-07
-5.000000000000000409e-06 1.689748999999999972e-07 9.910000000000000519e+37 1.640188000000000102e+04 2.150800000000000000e+04 1.700000000000000000e+01 2.600000000000000000e+02 3.846153846153846367e-03 1.689748999999999972e-07
-5.000000000000000409e-06 1.608867999999999925e-07 9.910000000000000519e+37 1.698463000000000102e+04 2.150800000000000000e+04 1.800000000000000000e+01 2.700000000000000000e+02 3.703703703703703845e-03 1.608867999999999925e-07
-5.000000000000000409e-06 1.623962999999999968e-07 9.910000000000000519e+37 1.739054000000000087e+04 2.150800000000000000e+04 1.900000000000000000e+01 2.800000000000000000e+02 3.571428571428571317e-03 1.623962999999999968e-07
-5.000000000000000409e-06 1.871226000000000056e-07 9.910000000000000519e+37 1.776981000000000131e+04 2.150800000000000000e+04 2.000000000000000000e+01 2.900000000000000000e+02 3.448275862068965469e-03 1.871226000000000056e-07
-5.000000000000000409e-06 1.692358000000000099e-07 9.910000000000000519e+37 1.812079999999999927e+04 2.150800000000000000e+04 2.100000000000000000e+01 3.000000000000000000e+02 3.333333333333333547e-03 1.692358000000000099e-07
