-1.000049999999999967e-01 -3.312959000000000202e-11 9.910000000000000519e+37 6.791405999999999494e+02 2.150800000000000000e+04 0.000000000000000000e+00 9.000000000000000000e+01 1.111111111111111154e-02 3.312959000000000202e-11
-1.000049999999999967e-01 -1.315003000000000034e-10 9.910000000000000519e+37 1.939596999999999980e+03 2.150800000000000000e+04 1.000000000000000000e+00 1.000000000000000000e+02 1.000000000000000021e-02 1.315003000000000034e-10
-1.000049999999999967e-01 -7.630250999999999897e-11 9.910000000000000519e+37 4.981368000000000393e+03 2.150800000000000000e+04 2.000000000000000000e+00 1.100000000000000000e+02 9.090909090909090468e-03 7.630250999999999897e-11
-1.000049999999999967e-01 4.591771000000000105e-12 9.910000000000000519e+37 5.728530999999999949e+03 2.150800000000000000e+04 3.000000000000000000e+00 1.200000000000000000e+02 8.333333333333333218e-03 4.591771000000000105e-12
-1.000049999999999967e-01 -4.177987999999999706e-12 9.910000000000000519e+37 6.545876000000000204e+03 2.150800000000000000e+04 4.000000000000000000e+00 1.300000000000000000e+02 7.692307692307692735e-03 4.177987999999999706e-12
-1.000049999999999967e-01 2.784765999999999930e-11 9.910000000000000519e+37 7.324181999999999789e+03 2.150800000000000000e+04 5.000000000000000000e+00 1.400000000000000000e+02 7.142857142857142634e-03 2.784765999999999930e-11
-1.000049999999999967e-01 -1.014510000000000046e-10 9.910000000000000519e+37 8.097564999999999600e+03 2.150800000000000000e+04 6.000000000000000000e+00 1.500000000000000000e+02 6.666666666666667095e-03 1.014510000000000046e-10
-1.000049999999999967e-01 -5.040234000000000320e-10 9.910000000000000519e+37 9.086841000000000349e+03 2.150800000000000000e+04 7.000000000000000000e+00 1.600000000000000000e+02 6.250000000000000347e-03 5.040234000000000320e-10
-1.000049999999999967e-01 4.277777000000000375e-09 9.910000000000000519e+37 1.389836000000000058e+04 2.150800000000000000e+04 8.000000000000000000e+00 1.700000000000000000e+02 5.882352941176470507e-03 4.277777000000000375e-09
-1.000049999999999967e-01 -7.179200000000000189e-09 9.910000000000000519e+37 1.449645999999999913e+04 2.150800000000000000e+04 9.000000000000000000e+00 1.800000000000000000e+02 5.555555555555555768e-03 7.179200000000000189e-09
-1.000049999999999967e-01 -2.957330999999999907e-08 9.910000000000000519e+37 1.508048999999999978e+04 2.150800000000000000e+04 1.000000000000000000e+01 1.900000000000000000e+02 5.263157894736841987e-03 2.957330999999999907e-08
-1.000049999999999967e-01 -9.270194999999999585e-08 9.910000000000000519e+37 1.555510000000000036e+04 2.150800000000000000e+04 1.100000000000000000e+01 2.000000000000000000e+02 5.000000000000000104e-03 9.270194999999999585e-08
-1.000049999999999967e-01 -3.122748000000000243e-07 9.910000000000000519e+37 1.601432999999999993e+04 2.150800000000000000e+04 1.200000000000000000e+01 2.100000000000000000e+02 4.761904761904762334e-03 3.122748000000000243e-07
-1.000049999999999967e-01 -7.889506999999999788e-07 9.910000000000000519e+37 1.643781000000000131e+04 2.150800000000000000e+04 1.300000000000000000e+01 2.200000000000000000e+02 4.545454545454545234e-03 7.889506999999999788e-07
-1.000049999999999967e-01 -1.899635999999999925e-06 9.910000000000000519e+37 1.679345000000000073e+04 2.150800000000000000e+04 1.400000000000000000e+01 2.300000000000000000e+02 4.347826086956521792e-03 1.899635999999999925e-06
-1.000049999999999967e-01 -4.827157000000000004e-06 9.910000000000000519e+37 1.718961000000000058e+04 2.150800000000000000e+04 1.500000000000000000e+01 2.400000000000000000e+02 4.166666666666666609e-03 4.827157000000000004e-06
-1.000049999999999967e-01 -1.107952999999999995e-05 9.910000000000000519e+37 1.759870999999999913e+04 2.150800000000000000e+04 1.600000000000000000e+01 2.500000000000000000e+02 4.000000000000000083e-03 1.107952999999999995e-05
-1.000049999999999967e-01 -2.206022000000000069e-05 9.910000000000000519e+37 1.797983000000000175e+04 2.150800000000000000e+04 1.700000000000000000e+01 2.600000000000000000e+02 3.846153846153846367e-03 2.206022000000000069e-05
-1.000049999999999967e-01 -4.436223000000000233e-05 9.910000000000000519e+37 1.841731999999999971e+04 2.150800000000000000e+04 1.800000000000000000e+01 2.700000000000000000e+02 3.703703703703703845e-03 4.436223000000000233e-05
-1.000049999999999967e-01 -7.530039000000000090e-05 9.910000000000000519e+37 1.873397000000000116e+04 2.150800000000000000e+04 1.900000000000000000e+01 2.800000000000000000e+02 3.571428571428571317e-03 7.530039000000000090e-05
-1.000049999999999967e-01 -1.351133000000000130e-04 9.910000000000000519e+37 1.905922999999999956e+04 2.150800000000000000e+04 2.000000000000000000e+01 2.900000000000000000e+02 3.448275862068965469e-03 1.351133000000000130e-04
-1.000049999999999967e-01 -2.401953999999999873e-04 9.910000000000000519e+37 1.943016999999999825e+04 2.150800000000000000e+04 2.100000000000000000e+01 3.000000000000000000e+02 3.333333333333333547e-03 2.401953999999999873e-04
