1.999950000000000061e-01 1.543396999999999887e-10 9.910000000000000519e+37 3.788411000000000058e+03 2.150800000000000000e+04 0.000000000000000000e+00 9.000000000000000000e+01 1.111111111111111154e-02 1.543396999999999887e-10
1.999950000000000061e-01 -3.694953999999999848e-11 9.910000000000000519e+37 4.649944999999999709e+03 2.150800000000000000e+04 1.000000000000000000e+00 1.000000000000000000e+02 1.000000000000000021e-02 3.694953999999999848e-11
1.999950000000000061e-01 1.650344000000000045e-10 9.910000000000000519e+37 5.569132999999999811e+03 2.150800000000000000e+04 2.000000000000000000e+00 1.100000000000000000e+02 9.090909090909090468e-03 1.650344000000000045e-10
1.999950000000000061e-01 -5.568967999999999985e-11 9.910000000000000519e+37 6.484932999999999993e+03 2.150800000000000000e+04 3.000000000000000000e+00 1.200000000000000000e+02 8.333333333333333218e-03 5.568967999999999985e-11
1.999950000000000061e-01 1.876866000000000020e-10 9.910000000000000519e+37 7.103432999999999993e+03 2.150800000000000000e+04 4.000000000000000000e+00 1.300000000000000000e+02 7.692307692307692735e-03 1.876866000000000020e-10
1.999950000000000061e-01 2.106020000000000137e-09 9.910000000000000519e+37 7.921192000000000007e+03 2.150800000000000000e+04 5.000000000000000000e+00 1.400000000000000000e+02 7.142857142857142634e-03 2.106020000000000137e-09
1.999950000000000061e-01 1.119129000000000055e-08 9.910000000000000519e+37 1.084153000000000065e+04 2.150800000000000000e+04 6.000000000000000000e+00 1.500000000000000000e+02 6.666666666666667095e-03 1.119129000000000055e-08
1.999950000000000061e-01 4.832325999999999883e-08 9.910000000000000519e+37 1.168870999999999913e+04 2.150800000000000000e+04 7.000000000000000000e+00 1.600000000000000000e+02 6.250000000000000347e-03 4.832325999999999883e-08
1.999950000000000061e-01 1.709821999999999996e-07 9.910000000000000519e+37 1.246805999999999949e+04 2.150800000000000000e+04 8.000000000000000000e+00 1.700000000000000000e+02 5.882352941176470507e-03 1.709821999999999996e-07
1.999950000000000061e-01 4.644385999999999988e-07 9.910000000000000519e+37 1.303571999999999935e+04 2.150800000000000000e+04 9.000000000000000000e+00 1.800000000000000000e+02 5.555555555555555768e-03 4.644385999999999988e-07
1.999950000000000061e-01 1.243497999999999982e-06 9.910000000000000519e+37 1.340948999999999978e+04 2.150800000000000000e+04 1.000000000000000000e+01 1.900000000000000000e+02 5.263157894736841987e-03 1.243497999999999982e-06
1.999950000000000061e-01 3.124297000000000014e-06 9.910000000000000519e+37 1.373905999999999949e+04 2.150800000000000000e+04 1.100000000000000000e+01 2.000000000000000000e+02 5.000000000000000104e-03 3.124297000000000014e-06
1.999950000000000061e-01 7.583687999999999583e-06 9.910000000000000519e+37 1.408979000000000087e+04 2.150800000000000000e+04 1.200000000000000000e+01 2.100000000000000000e+02 4.761904761904762334e-03 7.583687999999999583e-06
1.999950000000000061e-01 1.952094000000000084e-05 9.910000000000000519e+37 1.455160000000000036e+04 2.150800000000000000e+04 1.300000000000000000e+01 2.200000000000000000e+02 4.545454545454545234e-03 1.952094000000000084e-05
1.999950000000000061e-01 4.393575999999999759e-05 9.910000000000000519e+37 1.505465999999999985e+04 2.150800000000000000e+04 1.400000000000000000e+01 2.300000000000000000e+02 4.347826086956521792e-03 4.393575999999999759e-05
1.999950000000000061e-01 8.160427000000000533e-05 9.910000000000000519e+37 1.548646999999999935e+04 2.150800000000000000e+04 1.500000000000000000e+01 2.400000000000000000e+02 4.166666666666666609e-03 8.160427000000000533e-05
1.999950000000000061e-01 1.421600999999999876e-04 9.910000000000000519e+37 1.585309000000000015e+04 2.150800000000000000e+04 1.600000000000000000e+01 2.500000000000000000e+02 4.000000000000000083e-03 1.421600999999999876e-04
1.999950000000000061e-01 2.578346999999999931e-04 9.910000000000000519e+37 1.629645999999999913e+04 2.150800000000000000e+04 1.700000000000000000e+01 2.600000000000000000e+02 3.846153846153846367e-03 2.578346999999999931e-04
1.999950000000000061e-01 3.793779999999999852e-04 9.910000000000000519e+37 1.656738000000000102e+04 2.150800000000000000e+04 1.800000000000000000e+01 2.700000000000000000e+02 3.703703703703703845e-03 3.793779999999999852e-04
1.999950000000000061e-01 6.711319000000000312e-04 9.910000000000000519e+37 1.698366999999999825e+04 2.150800000000000000e+04 1.900000000000000000e+01 2.800000000000000000e+02 3.571428571428571317e-03 6.711319000000000312e-04
1.999950000000000061e-01 1.049816000000000074e-03 9.910000000000000519e+37 1.738700000000000000e+04 2.150800000000000000e+04 2.000000000000000000e+01 2.900000000000000000e+02 3.448275862068965469e-03 1.049816000000000074e-03
1.999950000000000061e-01 1.557402999999999956e-03 9.910000000000000519e+37 1.790281000000000131e+04 2.150800000000000000e+04 2.100000000000000000e+01 3.000000000000000000e+02 3.333333333333333547e-03 1.557402999999999956e-03
