1.999950000000000061e-01 6.743660999999999653e-11 9.910000000000000519e+37 6.880977000000000317e+02 2.150800000000000000e+04 0.000000000000000000e+00 9.000000000000000000e+01 1.111111111111111154e-02 6.743660999999999653e-11
1.999950000000000061e-01 9.235630000000000139e-11 9.910000000000000519e+37 1.948554000000000087e+03 2.150800000000000000e+04 1.000000000000000000e+00 1.000000000000000000e+02 1.000000000000000021e-02 9.235630000000000139e-11
1.999950000000000061e-01 4.043268999999999823e-12 9.910000000000000519e+37 4.990324999999999818e+03 2.150800000000000000e+04 2.000000000000000000e+00 1.100000000000000000e+02 9.090909090909090468e-03 4.043268999999999823e-12
1.999950000000000061e-01 7.425529000000000560e-11 9.910000000000000519e+37 5.737487000000000080e+03 2.150800000000000000e+04 3.000000000000000000e+00 1.200000000000000000e+02 8.333333333333333218e-03 7.425529000000000560e-11
1.999950000000000061e-01 3.950192999999999803e-10 9.910000000000000519e+37 6.554833999999999833e+03 2.150800000000000000e+04 4.000000000000000000e+00 1.300000000000000000e+02 7.692307692307692735e-03 3.950192999999999803e-10
1.999950000000000061e-01 1.924312000000000168e-09 9.910000000000000519e+37 7.333136999999999716e+03 2.150800000000000000e+04 5.000000000000000000e+00 1.400000000000000000e+02 7.142857142857142634e-03 1.924312000000000168e-09
1.999950000000000061e-01 9.834253000000000161e-09 9.910000000000000519e+37 8.106521999999999935e+03 2.150800000000000000e+04 6.000000000000000000e+00 1.500000000000000000e+02 6.666666666666667095e-03 9.834253000000000161e-09
1.999950000000000061e-01 4.436260999999999969e-08 9.910000000000000519e+37 9.095799999999999272e+03 2.150800000000000000e+04 7.000000000000000000e+00 1.600000000000000000e+02 6.250000000000000347e-03 4.436260999999999969e-08
1.999950000000000061e-01 1.843287999999999982e-07 9.910000000000000519e+37 1.389943000000000029e+04 2.150800000000000000e+04 8.000000000000000000e+00 1.700000000000000000e+02 5.882352941176470507e-03 1.843287999999999982e-07
1.999950000000000061e-01 4.798159000000000210e-07 9.910000000000000519e+37 1.449753000000000065e+04 2.150800000000000000e+04 9.000000000000000000e+00 1.800000000000000000e+02 5.555555555555555768e-03 4.798159000000000210e-07
1.999950000000000061e-01 1.401303999999999933e-06 9.910000000000000519e+37 1.508170000000000073e+04 2.150800000000000000e+04 1.000000000000000000e+01 1.900000000000000000e+02 5.263157894736841987e-03 1.401303999999999933e-06
1.999950000000000061e-01 3.243407000000000133e-06 9.910000000000000519e+37 1.555629999999999927e+04 2.150800000000000000e+04 1.100000000000000000e+01 2.000000000000000000e+02 5.000000000000000104e-03 3.243407000000000133e-06
1.999950000000000061e-01 7.786183000000000259e-06 9.910000000000000519e+37 1.601553000000000065e+04 2.150800000000000000e+04 1.200000000000000000e+01 2.100000000000000000e+02 4.761904761904762334e-03 7.786183000000000259e-06
1.999950000000000061e-01 1.664908000000000154e-05 9.910000000000000519e+37 1.643913999999999942e+04 2.150800000000000000e+04 1.300000000000000000e+01 2.200000000000000000e+02 4.545454545454545234e-03 1.664908000000000154e-05
1.999950000000000061e-01 3.320992999999999732e-05 9.910000000000000519e+37 1.679486000000000058e+04 2.150800000000000000e+04 1.400000000000000000e+01 2.300000000000000000e+02 4.347826086956521792e-03 3.320992999999999732e-05
1.999950000000000061e-01 6.927388999999999346e-05 9.910000000000000519e+37 1.719102999999999884e+04 2.150800000000000000e+04 1.500000000000000000e+01 2.400000000000000000e+02 4.166666666666666609e-03 6.927388999999999346e-05
1.999950000000000061e-01 1.331783000000000120e-04 9.910000000000000519e+37 1.760034000000000015e+04 2.150800000000000000e+04 1.600000000000000000e+01 2.500000000000000000e+02 4.000000000000000083e-03 1.331783000000000120e-04
1.999950000000000061e-01 2.281790000000000120e-04 9.910000000000000519e+37 1.798131999999999971e+04 2.150800000000000000e+04 1.700000000000000000e+01 2.600000000000000000e+02 3.846153846153846367e-03 2.281790000000000120e-04
1.999950000000000061e-01 3.922772000000000260e-04 9.910000000000000519e+37 1.841874000000000160e+04 2.150800000000000000e+04 1.800000000000000000e+01 2.700000000000000000e+02 3.703703703703703845e-03 3.922772000000000260e-04
1.999950000000000061e-01 5.898578000000000024e-04 9.910000000000000519e+37 1.873538999999999942e+04 2.150800000000000000e+04 1.900000000000000000e+01 2.800000000000000000e+02 3.571428571428571317e-03 5.898578000000000024e-04
1.999950000000000061e-01 9.200754999999999698e-04 9.910000000000000519e+37 1.906072000000000116e+04 2.150800000000000000e+04 2.000000000000000000e+01 2.900000000000000000e+02 3.448275862068965469e-03 9.200754999999999698e-04
1.999950000000000061e-01 1.413521999999999956e-03 9.910000000000000519e+37 1.943179999999999927e+04 2.150800000000000000e+04 2.100000000000000000e+01 3.000000000000000000e+02 3.333333333333333547e-03 1.413521999999999956e-03
