9.999500000000000055e-02 4.971580000000000269e-11 9.910000000000000519e+37 6.851123000000000047e+02 2.150800000000000000e+04 0.000000000000000000e+00 9.000000000000000000e+01 1.111111111111111154e-02 4.971580000000000269e-11
9.999500000000000055e-02 -1.336700999999999952e-10 9.910000000000000519e+37 1.945567000000000007e+03 2.150800000000000000e+04 1.000000000000000000e+00 1.000000000000000000e+02 1.000000000000000021e-02 1.336700999999999952e-10
9.999500000000000055e-02 7.301565999999999263e-12 9.910000000000000519e+37 4.987338999999999942e+03 2.150800000000000000e+04 2.000000000000000000e+00 1.100000000000000000e+02 9.090909090909090468e-03 7.301565999999999263e-12
9.999500000000000055e-02 1.069009000000000030e-10 9.910000000000000519e+37 5.734502999999999702e+03 2.150800000000000000e+04 3.000000000000000000e+00 1.200000000000000000e+02 8.333333333333333218e-03 1.069009000000000030e-10
9.999500000000000055e-02 1.518799999999999966e-10 9.910000000000000519e+37 6.551849000000000160e+03 2.150800000000000000e+04 4.000000000000000000e+00 1.300000000000000000e+02 7.692307692307692735e-03 1.518799999999999966e-10
9.999500000000000055e-02 7.301722999999999809e-10 9.910000000000000519e+37 7.330153000000000247e+03 2.150800000000000000e+04 5.000000000000000000e+00 1.400000000000000000e+02 7.142857142857142634e-03 7.301722999999999809e-10
9.999500000000000055e-02 3.274611000000000036e-09 9.910000000000000519e+37 8.103537000000000262e+03 2.150800000000000000e+04 6.000000000000000000e+00 1.500000000000000000e+02 6.666666666666667095e-03 3.274611000000000036e-09
9.999500000000000055e-02 1.498316000000000061e-08 9.910000000000000519e+37 9.092814000000000306e+03 2.150800000000000000e+04 7.000000000000000000e+00 1.600000000000000000e+02 6.250000000000000347e-03 1.498316000000000061e-08
9.999500000000000055e-02 5.159526999999999982e-08 9.910000000000000519e+37 1.389906999999999971e+04 2.150800000000000000e+04 8.000000000000000000e+00 1.700000000000000000e+02 5.882352941176470507e-03 5.159526999999999982e-08
9.999500000000000055e-02 1.580406000000000103e-07 9.910000000000000519e+37 1.449718000000000029e+04 2.150800000000000000e+04 9.000000000000000000e+00 1.800000000000000000e+02 5.555555555555555768e-03 1.580406000000000103e-07
9.999500000000000055e-02 4.916529999999999623e-07 9.910000000000000519e+37 1.508120000000000073e+04 2.150800000000000000e+04 1.000000000000000000e+01 1.900000000000000000e+02 5.263157894736841987e-03 4.916529999999999623e-07
9.999500000000000055e-02 1.164776000000000027e-06 9.910000000000000519e+37 1.555595999999999913e+04 2.150800000000000000e+04 1.100000000000000000e+01 2.000000000000000000e+02 5.000000000000000104e-03 1.164776000000000027e-06
9.999500000000000055e-02 2.823963999999999836e-06 9.910000000000000519e+37 1.601518000000000029e+04 2.150800000000000000e+04 1.200000000000000000e+01 2.100000000000000000e+02 4.761904761904762334e-03 2.823963999999999836e-06
9.999500000000000055e-02 6.125349000000000330e-06 9.910000000000000519e+37 1.643865000000000146e+04 2.150800000000000000e+04 1.300000000000000000e+01 2.200000000000000000e+02 4.545454545454545234e-03 6.125349000000000330e-06
9.999500000000000055e-02 1.240180000000000042e-05 9.910000000000000519e+37 1.679452000000000044e+04 2.150800000000000000e+04 1.400000000000000000e+01 2.300000000000000000e+02 4.347826086956521792e-03 1.240180000000000042e-05
9.999500000000000055e-02 2.632972999999999838e-05 9.910000000000000519e+37 1.719068000000000029e+04 2.150800000000000000e+04 1.500000000000000000e+01 2.400000000000000000e+02 4.166666666666666609e-03 2.632972999999999838e-05
9.999500000000000055e-02 5.159031000000000039e-05 9.910000000000000519e+37 1.759984999999999854e+04 2.150800000000000000e+04 1.600000000000000000e+01 2.500000000000000000e+02 4.000000000000000083e-03 5.159031000000000039e-05
9.999500000000000055e-02 8.988408000000000086e-05 9.910000000000000519e+37 1.798081999999999971e+04 2.150800000000000000e+04 1.700000000000000000e+01 2.600000000000000000e+02 3.846153846153846367e-03 8.988408000000000086e-05
9.999500000000000055e-02 1.573599999999999977e-04 9.910000000000000519e+37 1.841838999999999942e+04 2.150800000000000000e+04 1.800000000000000000e+01 2.700000000000000000e+02 3.703703703703703845e-03 1.573599999999999977e-04
9.999500000000000055e-02 2.401425000000000001e-04 9.910000000000000519e+37 1.873504000000000087e+04 2.150800000000000000e+04 1.900000000000000000e+01 2.800000000000000000e+02 3.571428571428571317e-03 2.401425000000000001e-04
9.999500000000000055e-02 3.814212000000000201e-04 9.910000000000000519e+37 1.906036999999999898e+04 2.150800000000000000e+04 2.000000000000000000e+01 2.900000000000000000e+02 3.448275862068965469e-03 3.814212000000000201e-04
9.999500000000000055e-02 5.977622000000000144e-04 9.910000000000000519e+37 1.943131000000000131e+04 2.150800000000000000e+04 2.100000000000000000e+01 3.000000000000000000e+02 3.333333333333333547e-03 5.977622000000000144e-04
