-1.000049999999999967e-01 1.111111111111111154e-02 4.608101999999999826e-11
-1.000049999999999967e-01 1.000000000000000021e-02 6.371542999999999925e-11
-1.000049999999999967e-01 9.090909090909090468e-03 1.373651000000000016e-10
-1.000049999999999967e-01 8.333333333333333218e-03 4.095619999999999966e-10
-1.000049999999999967e-01 7.692307692307692735e-03 1.539516999999999948e-09
-1.000049999999999967e-01 7.142857142857142634e-03 4.547545000000000140e-09
-1.000049999999999967e-01 6.666666666666667095e-03 1.095200999999999928e-08
-1.000049999999999967e-01 6.250000000000000347e-03 2.534623000000000130e-08
-1.000049999999999967e-01 5.882352941176470507e-03 5.683980999999999710e-08
-1.000049999999999967e-01 5.555555555555555768e-03 1.100893000000000036e-07
-1.000049999999999967e-01 5.263157894736841987e-03 2.103013999999999934e-07
-1.000049999999999967e-01 5.000000000000000104e-03 4.208811000000000139e-07
-1.000049999999999967e-01 4.761904761904762334e-03 8.456496999999999758e-07
-1.000049999999999967e-01 4.545454545454545234e-03 1.795594000000000058e-06
-1.000049999999999967e-01 4.347826086956521792e-03 3.524536999999999845e-06
-1.000049999999999967e-01 4.166666666666666609e-03 4.953463999999999945e-06
-1.000049999999999967e-01 4.000000000000000083e-03 9.627425999999999801e-06
-1.000049999999999967e-01 3.846153846153846367e-03 1.601530999999999964e-05
-1.000049999999999967e-01 3.703703703703703845e-03 2.665785000000000092e-05
-1.000049999999999967e-01 3.571428571428571317e-03 4.530985000000000123e-05
-1.000049999999999967e-01 3.448275862068965469e-03 6.131742999999999883e-05
-1.000049999999999967e-01 3.333333333333333547e-03 1.298515999999999885e-04
