3.000000000000000000e+00 1.111111111111111154e-02 3.199973000000000195e-08
3.000000000000000000e+00 1.000000000000000021e-02 6.142887000000000524e-08
3.000000000000000000e+00 9.090909090909090468e-03 1.488695999999999873e-07
3.000000000000000000e+00 8.333333333333333218e-03 3.577091000000000092e-07
3.000000000000000000e+00 7.692307692307692735e-03 9.997811999999999290e-07
3.000000000000000000e+00 7.142857142857142634e-03 2.405098000000000008e-06
3.000000000000000000e+00 6.666666666666667095e-03 4.938429000000000181e-06
3.000000000000000000e+00 6.250000000000000347e-03 9.664115000000000560e-06
3.000000000000000000e+00 5.882352941176470507e-03 1.702235000000000144e-05
3.000000000000000000e+00 5.555555555555555768e-03 2.714125000000000039e-05
3.000000000000000000e+00 5.263157894736841987e-03 4.521611999999999696e-05
3.000000000000000000e+00 5.000000000000000104e-03 7.973347999999999677e-05
3.000000000000000000e+00 4.761904761904762334e-03 1.460265000000000087e-04
3.000000000000000000e+00 4.545454545454545234e-03 2.751806000000000195e-04
3.000000000000000000e+00 4.347826086956521792e-03 4.793643000000000209e-04
3.000000000000000000e+00 4.166666666666666609e-03 6.350175000000000437e-04
3.000000000000000000e+00 4.000000000000000083e-03 1.079866999999999980e-03
3.000000000000000000e+00 3.846153846153846367e-03 1.619874000000000097e-03
3.000000000000000000e+00 3.703703703703703845e-03 2.429750000000000052e-03
3.000000000000000000e+00 3.571428571428571317e-03 3.710642000000000107e-03
3.000000000000000000e+00 3.448275862068965469e-03 4.773789999999999978e-03
3.000000000000000000e+00 3.333333333333333547e-03 8.688048000000000298e-03
