9.999500000000000055e-02 1.111111111111111154e-02 7.339602999999999255e-12
9.999500000000000055e-02 1.000000000000000021e-02 1.519602999999999902e-11
9.999500000000000055e-02 9.090909090909090468e-03 4.887581000000000154e-11
9.999500000000000055e-02 8.333333333333333218e-03 3.801172000000000137e-10
9.999500000000000055e-02 7.692307692307692735e-03 1.482524999999999903e-09
9.999500000000000055e-02 7.142857142857142634e-03 4.542102999999999985e-09
9.999500000000000055e-02 6.666666666666667095e-03 1.141556999999999970e-08
9.999500000000000055e-02 6.250000000000000347e-03 2.856332999999999839e-08
9.999500000000000055e-02 5.882352941176470507e-03 6.950399999999999821e-08
9.999500000000000055e-02 5.555555555555555768e-03 1.339564000000000070e-07
9.999500000000000055e-02 5.263157894736841987e-03 2.713845000000000039e-07
9.999500000000000055e-02 5.000000000000000104e-03 5.586363000000000033e-07
9.999500000000000055e-02 4.761904761904762334e-03 1.117208000000000087e-06
9.999500000000000055e-02 4.545454545454545234e-03 2.324750999999999877e-06
9.999500000000000055e-02 4.347826086956521792e-03 4.473364000000000086e-06
9.999500000000000055e-02 4.166666666666666609e-03 6.265336000000000113e-06
9.999500000000000055e-02 4.000000000000000083e-03 1.198225000000000035e-05
9.999500000000000055e-02 3.846153846153846367e-03 1.971913000000000105e-05
9.999500000000000055e-02 3.703703703703703845e-03 3.235060000000000160e-05
9.999500000000000055e-02 3.571428571428571317e-03 5.402496000000000257e-05
9.999500000000000055e-02 3.448275862068965469e-03 7.241285000000000245e-05
9.999500000000000055e-02 3.333333333333333547e-03 1.486939999999999963e-04
