-3.000000000000000000e+00 1.111111111111111154e-02 1.411984000000000132e-07
-3.000000000000000000e+00 1.000000000000000021e-02 2.438752999999999815e-07
-3.000000000000000000e+00 9.090909090909090468e-03 5.182550000000000042e-07
-3.000000000000000000e+00 8.333333333333333218e-03 1.030026999999999989e-06
-3.000000000000000000e+00 7.692307692307692735e-03 2.388049999999999947e-06
-3.000000000000000000e+00 7.142857142857142634e-03 4.718644999999999780e-06
-3.000000000000000000e+00 6.666666666666667095e-03 8.071635999999999235e-06
-3.000000000000000000e+00 6.250000000000000347e-03 1.392365000000000009e-05
-3.000000000000000000e+00 5.882352941176470507e-03 2.465477999999999843e-05
-3.000000000000000000e+00 5.555555555555555768e-03 3.857638999999999811e-05
-3.000000000000000000e+00 5.263157894736841987e-03 6.385219999999999828e-05
-3.000000000000000000e+00 5.000000000000000104e-03 1.081105999999999945e-04
-3.000000000000000000e+00 4.761904761904762334e-03 1.855280999999999966e-04
-3.000000000000000000e+00 4.545454545454545234e-03 3.246368999999999817e-04
-3.000000000000000000e+00 4.347826086956521792e-03 5.295719000000000381e-04
-3.000000000000000000e+00 4.166666666666666609e-03 6.730205000000000388e-04
-3.000000000000000000e+00 4.000000000000000083e-03 1.078951999999999993e-03
-3.000000000000000000e+00 3.846153846153846367e-03 1.551714000000000045e-03
-3.000000000000000000e+00 3.703703703703703845e-03 2.239562000000000063e-03
-3.000000000000000000e+00 3.571428571428571317e-03 3.303308999999999933e-03
-3.000000000000000000e+00 3.448275862068965469e-03 4.109381999999999965e-03
-3.000000000000000000e+00 3.333333333333333547e-03 7.372545000000000313e-03
