4.000000000000000000e+00 1.111111111111111154e-02 1.297551000000000049e-07
4.000000000000000000e+00 1.000000000000000021e-02 2.385671000000000134e-07
4.000000000000000000e+00 9.090909090909090468e-03 5.507057000000000050e-07
4.000000000000000000e+00 8.333333333333333218e-03 1.213037000000000038e-06
4.000000000000000000e+00 7.692307692307692735e-03 2.973824999999999857e-06
4.000000000000000000e+00 7.142857142857142634e-03 6.418626000000000131e-06
4.000000000000000000e+00 6.666666666666667095e-03 1.198073999999999975e-05
4.000000000000000000e+00 6.250000000000000347e-03 2.135865999999999991e-05
4.000000000000000000e+00 5.882352941176470507e-03 3.513685000000000224e-05
4.000000000000000000e+00 5.555555555555555768e-03 5.513586999999999969e-05
4.000000000000000000e+00 5.263157894736841987e-03 9.296908000000000266e-05
4.000000000000000000e+00 5.000000000000000104e-03 1.627437999999999986e-04
4.000000000000000000e+00 4.761904761904762334e-03 2.894323999999999768e-04
4.000000000000000000e+00 4.545454545454545234e-03 5.260494000000000324e-04
4.000000000000000000e+00 4.347826086956521792e-03 8.883779999999999975e-04
4.000000000000000000e+00 4.166666666666666609e-03 1.161067000000000002e-03
4.000000000000000000e+00 4.000000000000000083e-03 1.922681999999999993e-03
4.000000000000000000e+00 3.846153846153846367e-03 2.833038999999999870e-03
4.000000000000000000e+00 3.703703703703703845e-03 4.184400999999999919e-03
4.000000000000000000e+00 3.571428571428571317e-03 6.310620000000000292e-03
4.000000000000000000e+00 3.448275862068965469e-03 8.097708000000000336e-03
4.000000000000000000e+00 3.333333333333333547e-03 1.464733000000000007e-02
