-1.000000000000000000e+00 1.111111111111111154e-02 1.984363000000000089e-09
-1.000000000000000000e+00 1.000000000000000021e-02 3.687145999999999998e-09
-1.000000000000000000e+00 9.090909090909090468e-03 8.510930000000000098e-09
-1.000000000000000000e+00 8.333333333333333218e-03 1.988917000000000154e-08
-1.000000000000000000e+00 7.692307692307692735e-03 6.031992999999999769e-08
-1.000000000000000000e+00 7.142857142857142634e-03 1.596240000000000005e-07
-1.000000000000000000e+00 6.666666666666667095e-03 3.573622999999999971e-07
-1.000000000000000000e+00 6.250000000000000347e-03 7.838688999999999710e-07
-1.000000000000000000e+00 5.882352941176470507e-03 1.621127999999999956e-06
-1.000000000000000000e+00 5.555555555555555768e-03 2.826780999999999880e-06
-1.000000000000000000e+00 5.263157894736841987e-03 5.096193999999999847e-06
-1.000000000000000000e+00 5.000000000000000104e-03 9.393362999999999328e-06
-1.000000000000000000e+00 4.761904761904762334e-03 1.759105999999999891e-05
-1.000000000000000000e+00 4.545454545454545234e-03 3.451963999999999667e-05
-1.000000000000000000e+00 4.347826086956521792e-03 6.275976999999999966e-05
-1.000000000000000000e+00 4.166666666666666609e-03 8.456057000000000276e-05
-1.000000000000000000e+00 4.000000000000000083e-03 1.510243000000000035e-04
-1.000000000000000000e+00 3.846153846153846367e-03 2.354935999999999911e-04
-1.000000000000000000e+00 3.703703703703703845e-03 3.674619999999999861e-04
-1.000000000000000000e+00 3.571428571428571317e-03 5.851632999999999748e-04
-1.000000000000000000e+00 3.448275862068965469e-03 7.621795999999999693e-04
-1.000000000000000000e+00 3.333333333333333547e-03 1.491640999999999931e-03
