-5.000000000000000409e-06 1.111111111111111154e-02 2.064925000000000110e-11
-5.000000000000000409e-06 1.000000000000000021e-02 9.416544000000000068e-12
-5.000000000000000409e-06 9.090909090909090468e-03 8.800026999999999415e-11
-5.000000000000000409e-06 8.333333333333333218e-03 5.337078000000000172e-12
-5.000000000000000409e-06 7.692307692307692735e-03 6.322396999999999682e-12
-5.000000000000000409e-06 7.142857142857142634e-03 4.220089999999999641e-12
-5.000000000000000409e-06 6.666666666666667095e-03 5.241998000000000137e-12
-5.000000000000000409e-06 6.250000000000000347e-03 6.448161000000000033e-12
-5.000000000000000409e-06 5.882352941176470507e-03 5.675986999999999830e-09
-5.000000000000000409e-06 5.555555555555555768e-03 5.725268000000000210e-09
-5.000000000000000409e-06 5.263157894736841987e-03 6.434457000000000004e-09
-5.000000000000000409e-06 5.000000000000000104e-03 4.139491000000000052e-09
-5.000000000000000409e-06 4.761904761904762334e-03 3.034893000000000001e-11
-5.000000000000000409e-06 4.545454545454545234e-03 7.286398999999999666e-09
-5.000000000000000409e-06 4.347826086956521792e-03 3.066775999999999998e-09
-5.000000000000000409e-06 4.166666666666666609e-03 8.676049000000000135e-09
-5.000000000000000409e-06 4.000000000000000083e-03 1.334884999999999987e-09
-5.000000000000000409e-06 3.846153846153846367e-03 1.493449000000000061e-08
-5.000000000000000409e-06 3.703703703703703845e-03 1.844647999999999936e-08
-5.000000000000000409e-06 3.571428571428571317e-03 2.837476000000000056e-08
-5.000000000000000409e-06 3.448275862068965469e-03 2.849277999999999846e-08
-5.000000000000000409e-06 3.333333333333333547e-03 3.479456999999999682e-08
