1.000000000000000000e+00 1.111111111111111154e-02 1.175230999999999992e-09
1.000000000000000000e+00 1.000000000000000021e-02 2.218206999999999803e-09
1.000000000000000000e+00 9.090909090909090468e-03 5.366871999999999911e-09
1.000000000000000000e+00 8.333333333333333218e-03 1.363795000000000004e-08
1.000000000000000000e+00 7.692307692307692735e-03 4.528848999999999898e-08
1.000000000000000000e+00 7.142857142857142634e-03 1.367365000000000015e-07
1.000000000000000000e+00 6.666666666666667095e-03 3.440239999999999841e-07
1.000000000000000000e+00 6.250000000000000347e-03 8.306946999999999852e-07
1.000000000000000000e+00 5.882352941176470507e-03 1.817284999999999957e-06
1.000000000000000000e+00 5.555555555555555768e-03 3.349963999999999966e-06
1.000000000000000000e+00 5.263157894736841987e-03 6.331690000000000021e-06
1.000000000000000000e+00 5.000000000000000104e-03 1.177424999999999997e-05
1.000000000000000000e+00 4.761904761904762334e-03 2.188175999999999834e-05
1.000000000000000000e+00 4.545454545454545234e-03 4.282514000000000042e-05
1.000000000000000000e+00 4.347826086956521792e-03 7.910909999999999785e-05
1.000000000000000000e+00 4.166666666666666609e-03 1.081183999999999981e-04
1.000000000000000000e+00 4.000000000000000083e-03 1.972091999999999888e-04
1.000000000000000000e+00 3.846153846153846367e-03 3.121021000000000082e-04
1.000000000000000000e+00 3.703703703703703845e-03 4.929916000000000116e-04
1.000000000000000000e+00 3.571428571428571317e-03 7.920196999999999481e-04
1.000000000000000000e+00 3.448275862068965469e-03 1.041341000000000098e-03
1.000000000000000000e+00 3.333333333333333547e-03 2.021995999999999863e-03
