-2.000049999999999883e-01 1.111111111111111154e-02 6.013005000000000630e-11
-2.000049999999999883e-01 1.000000000000000021e-02 1.243595999999999993e-10
-2.000049999999999883e-01 9.090909090909090468e-03 3.518303999999999869e-10
-2.000049999999999883e-01 8.333333333333333218e-03 9.994369000000000604e-10
-2.000049999999999883e-01 7.692307692307692735e-03 3.469287999999999901e-09
-2.000049999999999883e-01 7.142857142857142634e-03 1.020558000000000065e-08
-2.000049999999999883e-01 6.666666666666667095e-03 2.500572999999999901e-08
-2.000049999999999883e-01 6.250000000000000347e-03 6.000349000000000204e-08
-2.000049999999999883e-01 5.882352941176470507e-03 1.286642000000000041e-07
-2.000049999999999883e-01 5.555555555555555768e-03 2.581887999999999991e-07
-2.000049999999999883e-01 5.263157894736841987e-03 5.115031999999999556e-07
-2.000049999999999883e-01 5.000000000000000104e-03 1.006978000000000085e-06
-2.000049999999999883e-01 4.761904761904762334e-03 1.970495999999999912e-06
-2.000049999999999883e-01 4.545454545454545234e-03 4.040004000000000393e-06
-2.000049999999999883e-01 4.347826086956521792e-03 7.701595000000000587e-06
-2.000049999999999883e-01 4.166666666666666609e-03 1.068825000000000054e-05
-2.000049999999999883e-01 4.000000000000000083e-03 2.027019000000000048e-05
-2.000049999999999883e-01 3.846153846153846367e-03 3.318783000000000307e-05
-2.000049999999999883e-01 3.703703703703703845e-03 5.439109000000000104e-05
-2.000049999999999883e-01 3.571428571428571317e-03 9.105331000000000524e-05
-2.000049999999999883e-01 3.448275862068965469e-03 1.222715000000000032e-04
-2.000049999999999883e-01 3.333333333333333547e-03 2.553753000000000078e-04
