-4.000000000000000000e+00 1.111111111111111154e-02 8.885521000000000464e-07
-4.000000000000000000e+00 1.000000000000000021e-02 1.389778000000000045e-06
-4.000000000000000000e+00 9.090909090909090468e-03 2.482672999999999854e-06
-4.000000000000000000e+00 8.333333333333333218e-03 4.222697000000000374e-06
-4.000000000000000000e+00 7.692307692307692735e-03 8.398085000000000757e-06
-4.000000000000000000e+00 7.142857142857142634e-03 1.480901000000000071e-05
-4.000000000000000000e+00 6.666666666666667095e-03 2.359351000000000105e-05
-4.000000000000000000e+00 6.250000000000000347e-03 3.895007000000000298e-05
-4.000000000000000000e+00 5.882352941176470507e-03 6.892780000000000098e-05
-4.000000000000000000e+00 5.555555555555555768e-03 1.056970000000000012e-04
-4.000000000000000000e+00 5.263157894736841987e-03 1.699988000000000096e-04
-4.000000000000000000e+00 5.000000000000000104e-03 2.772119000000000080e-04
-4.000000000000000000e+00 4.761904761904762334e-03 4.558060999999999862e-04
-4.000000000000000000e+00 4.545454545454545234e-03 7.614768000000000274e-04
-4.000000000000000000e+00 4.347826086956521792e-03 1.190728000000000055e-03
-4.000000000000000000e+00 4.166666666666666609e-03 1.480123000000000072e-03
-4.000000000000000000e+00 4.000000000000000083e-03 2.276667999999999921e-03
-4.000000000000000000e+00 3.846153846153846367e-03 3.172928000000000207e-03
-4.000000000000000000e+00 3.703703703703703845e-03 4.439827000000000357e-03
-4.000000000000000000e+00 3.571428571428571317e-03 6.351090999999999681e-03
-4.000000000000000000e+00 3.448275862068965469e-03 7.755948000000000356e-03
-4.000000000000000000e+00 3.333333333333333547e-03 1.342866000000000025e-02
