-2.000000000000000000e+00 1.111111111111111154e-02 2.174614999999999981e-08
-2.000000000000000000e+00 1.000000000000000021e-02 3.688589999999999812e-08
-2.000000000000000000e+00 9.090909090909090468e-03 8.149068000000000216e-08
-2.000000000000000000e+00 8.333333333333333218e-03 1.816149000000000098e-07
-2.000000000000000000e+00 7.692307692307692735e-03 4.966565000000000110e-07
-2.000000000000000000e+00 7.142857142857142634e-03 1.141509000000000034e-06
-2.000000000000000000e+00 6.666666666666667095e-03 2.192811000000000087e-06
-2.000000000000000000e+00 6.250000000000000347e-03 4.140178999999999820e-06
-2.000000000000000000e+00 5.882352941176470507e-03 7.625804000000000011e-06
-2.000000000000000000e+00 5.555555555555555768e-03 1.222943999999999958e-05
-2.000000000000000000e+00 5.263157894736841987e-03 2.068135000000000147e-05
-2.000000000000000000e+00 5.000000000000000104e-03 3.616971000000000102e-05
-2.000000000000000000e+00 4.761904761904762334e-03 6.484096999999999593e-05
-2.000000000000000000e+00 4.545454545454545234e-03 1.198828000000000036e-04
-2.000000000000000000e+00 4.347826086956521792e-03 2.056287000000000121e-04
-2.000000000000000000e+00 4.166666666666666609e-03 2.684540999999999815e-04
-2.000000000000000000e+00 4.000000000000000083e-03 4.523857999999999742e-04
-2.000000000000000000e+00 3.846153846153846367e-03 6.754715999999999585e-04
-2.000000000000000000e+00 3.703703703703703845e-03 1.011097999999999988e-03
-2.000000000000000000e+00 3.571428571428571317e-03 1.546017999999999915e-03
-2.000000000000000000e+00 3.448275862068965469e-03 1.965207000000000065e-03
-2.000000000000000000e+00 3.333333333333333547e-03 3.674034999999999974e-03
