-5.000000000000000000e+00 1.111111111111111154e-02 4.884202000000000235e-06
-5.000000000000000000e+00 1.000000000000000021e-02 6.721233000000000401e-06
-5.000000000000000000e+00 9.090909090909090468e-03 9.896205000000000569e-06
-5.000000000000000000e+00 8.333333333333333218e-03 1.457452000000000052e-05
-5.000000000000000000e+00 7.692307692307692735e-03 2.542321999999999882e-05
-5.000000000000000000e+00 7.142857142857142634e-03 4.134726000000000026e-05
-5.000000000000000000e+00 6.666666666666667095e-03 6.378022000000000444e-05
-5.000000000000000000e+00 6.250000000000000347e-03 1.042578999999999967e-04
-5.000000000000000000e+00 5.882352941176470507e-03 1.827757000000000058e-04
-5.000000000000000000e+00 5.555555555555555768e-03 2.716789000000000053e-04
-5.000000000000000000e+00 5.263157894736841987e-03 4.187436000000000001e-04
-5.000000000000000000e+00 5.000000000000000104e-03 6.531853999999999482e-04
-5.000000000000000000e+00 4.761904761904762334e-03 1.026977000000000098e-03
-5.000000000000000000e+00 4.545454545454545234e-03 1.639976000000000021e-03
-5.000000000000000000e+00 4.347826086956521792e-03 2.463627999999999825e-03
-5.000000000000000000e+00 4.166666666666666609e-03 2.990870999999999981e-03
-5.000000000000000000e+00 4.000000000000000083e-03 4.416775000000000388e-03
-5.000000000000000000e+00 3.846153846153846367e-03 5.961417999999999578e-03
-5.000000000000000000e+00 3.703703703703703845e-03 8.071414000000000713e-03
-5.000000000000000000e+00 3.571428571428571317e-03 1.123231000000000056e-02
-5.000000000000000000e+00 3.448275862068965469e-03 1.341196000000000055e-02
-5.000000000000000000e+00 3.333333333333333547e-03 2.188075999999999910e-02
