5.000000000000000000e+00 1.111111111111111154e-02 4.954030000000000322e-07
5.000000000000000000e+00 1.000000000000000021e-02 8.481980999999999750e-07
5.000000000000000000e+00 9.090909090909090468e-03 1.732682999999999899e-06
5.000000000000000000e+00 8.333333333333333218e-03 3.528052999999999914e-06
5.000000000000000000e+00 7.692307692307692735e-03 7.710888999999999214e-06
5.000000000000000000e+00 7.142857142857142634e-03 1.475631999999999935e-05
5.000000000000000000e+00 6.666666666666667095e-03 2.511095000000000053e-05
5.000000000000000000e+00 6.250000000000000347e-03 4.240371000000000266e-05
5.000000000000000000e+00 5.882352941176470507e-03 6.877965000000000478e-05
5.000000000000000000e+00 5.555555555555555768e-03 1.081564999999999935e-04
5.000000000000000000e+00 5.263157894736841987e-03 1.790922000000000130e-04
5.000000000000000000e+00 5.000000000000000104e-03 3.046308999999999974e-04
5.000000000000000000e+00 4.761904761904762334e-03 5.254128000000000054e-04
5.000000000000000000e+00 4.545454545454545234e-03 9.260994999999999514e-04
5.000000000000000000e+00 4.347826086956521792e-03 1.525199999999999993e-03
5.000000000000000000e+00 4.166666666666666609e-03 1.973575999999999889e-03
5.000000000000000000e+00 4.000000000000000083e-03 3.203535999999999884e-03
5.000000000000000000e+00 3.846153846153846367e-03 4.663513999999999680e-03
5.000000000000000000e+00 3.703703703703703845e-03 6.829777000000000417e-03
5.000000000000000000e+00 3.571428571428571317e-03 1.026763999999999975e-02
5.000000000000000000e+00 3.448275862068965469e-03 1.324000999999999997e-02
5.000000000000000000e+00 3.333333333333333547e-03 2.443189999999999945e-02
