2.000000000000000000e+00 1.111111111111111154e-02 7.555696999999999329e-09
2.000000000000000000e+00 1.000000000000000021e-02 1.344232999999999984e-08
2.000000000000000000e+00 9.090909090909090468e-03 3.315533000000000073e-08
2.000000000000000000e+00 8.333333333333333218e-03 8.543634999999999728e-08
2.000000000000000000e+00 7.692307692307692735e-03 2.662864000000000014e-07
2.000000000000000000e+00 7.142857142857142634e-03 7.180650999999999836e-07
2.000000000000000000e+00 6.666666666666667095e-03 1.613124999999999908e-06
2.000000000000000000e+00 6.250000000000000347e-03 3.464985999999999896e-06
2.000000000000000000e+00 5.882352941176470507e-03 6.723377999999999683e-06
2.000000000000000000e+00 5.555555555555555768e-03 1.148490999999999979e-05
2.000000000000000000e+00 5.263157894736841987e-03 1.993492999999999990e-05
2.000000000000000000e+00 5.000000000000000104e-03 3.513457999999999929e-05
2.000000000000000000e+00 4.761904761904762334e-03 6.509154000000000123e-05
2.000000000000000000e+00 4.545454545454545234e-03 1.267945999999999939e-04
2.000000000000000000e+00 4.347826086956521792e-03 2.286498999999999943e-04
2.000000000000000000e+00 4.166666666666666609e-03 3.077298000000000229e-04
2.000000000000000000e+00 4.000000000000000083e-03 5.404140999999999459e-04
2.000000000000000000e+00 3.846153846153846367e-03 8.292080000000000067e-04
2.000000000000000000e+00 3.703703703703703845e-03 1.269469000000000066e-03
2.000000000000000000e+00 3.571428571428571317e-03 1.975370000000000164e-03
2.000000000000000000e+00 3.448275862068965469e-03 2.558584999999999939e-03
2.000000000000000000e+00 3.333333333333333547e-03 4.754363999999999639e-03
