9.999500000000000055e-02 1.149425287356321823e-02 2.803260000000000073e-11
9.999500000000000055e-02 1.000000000000000021e-02 2.518581999999999916e-10
9.999500000000000055e-02 9.090909090909090468e-03 5.174199999999999565e-10
9.999500000000000055e-02 8.333333333333333218e-03 1.189219999999999953e-09
9.999500000000000055e-02 7.692307692307692735e-03 1.819183999999999950e-09
9.999500000000000055e-02 7.142857142857142634e-03 2.589166000000000032e-09
9.999500000000000055e-02 6.666666666666667095e-03 4.829627000000000284e-09
9.999500000000000055e-02 6.250000000000000347e-03 7.716898999999999782e-09
9.999500000000000055e-02 5.882352941176470507e-03 2.338424999999999977e-08
9.999500000000000055e-02 5.555555555555555768e-03 3.829555999999999964e-08
9.999500000000000055e-02 5.263157894736841987e-03 6.667651000000000470e-08
9.999500000000000055e-02 5.000000000000000104e-03 2.352976999999999908e-07
9.999500000000000055e-02 4.761904761904762334e-03 4.931168999999999890e-07
9.999500000000000055e-02 4.545454545454545234e-03 1.006605999999999981e-06
9.999500000000000055e-02 4.347826086956521792e-03 2.221556000000000097e-06
9.999500000000000055e-02 4.166666666666666609e-03 5.607957999999999612e-06
9.999500000000000055e-02 4.000000000000000083e-03 8.594327999999999956e-06
9.999500000000000055e-02 3.846153846153846367e-03 1.751598000000000166e-05
9.999500000000000055e-02 3.703703703703703845e-03 2.925690999999999836e-05
9.999500000000000055e-02 3.571428571428571317e-03 4.924202000000000190e-05
9.999500000000000055e-02 3.448275862068965469e-03 6.771844999999999536e-05
9.999500000000000055e-02 3.333333333333333547e-03 1.002842000000000045e-04
