-1.000049999999999967e-01 1.149425287356321823e-02 1.935343000000000034e-10
-1.000049999999999967e-01 1.000000000000000021e-02 6.236049000000000082e-10
-1.000049999999999967e-01 9.090909090909090468e-03 1.220926000000000008e-09
-1.000049999999999967e-01 8.333333333333333218e-03 2.717027999999999853e-09
-1.000049999999999967e-01 7.692307692307692735e-03 5.610472999999999678e-09
-1.000049999999999967e-01 7.142857142857142634e-03 8.710511000000000672e-09
-1.000049999999999967e-01 6.666666666666667095e-03 2.355749000000000113e-08
-1.000049999999999967e-01 6.250000000000000347e-03 4.297930000000000026e-08
-1.000049999999999967e-01 5.882352941176470507e-03 1.308439000000000114e-07
-1.000049999999999967e-01 5.555555555555555768e-03 1.976912999999999962e-07
-1.000049999999999967e-01 5.263157894736841987e-03 3.961129000000000026e-07
-1.000049999999999967e-01 5.000000000000000104e-03 7.730295999999999594e-07
-1.000049999999999967e-01 4.761904761904762334e-03 1.451980999999999931e-06
-1.000049999999999967e-01 4.545454545454545234e-03 2.511562999999999843e-06
-1.000049999999999967e-01 4.347826086956521792e-03 4.429563999999999760e-06
-1.000049999999999967e-01 4.166666666666666609e-03 9.183594999999999272e-06
-1.000049999999999967e-01 4.000000000000000083e-03 1.294478000000000043e-05
-1.000049999999999967e-01 3.846153846153846367e-03 2.333892999999999984e-05
-1.000049999999999967e-01 3.703703703703703845e-03 3.594960999999999952e-05
-1.000049999999999967e-01 3.571428571428571317e-03 5.634470000000000282e-05
-1.000049999999999967e-01 3.448275862068965469e-03 7.474268000000000383e-05
-1.000049999999999967e-01 3.333333333333333547e-03 1.066874000000000045e-04
