-2.000049999999999883e-01 1.149425287356321823e-02 4.113143000000000258e-10
-2.000049999999999883e-01 1.000000000000000021e-02 1.079910000000000048e-09
-2.000049999999999883e-01 9.090909090909090468e-03 2.464973000000000148e-09
-2.000049999999999883e-01 8.333333333333333218e-03 5.879865000000000354e-09
-2.000049999999999883e-01 7.692307692307692735e-03 1.351486000000000062e-08
-2.000049999999999883e-01 7.142857142857142634e-03 2.324053999999999841e-08
-2.000049999999999883e-01 6.666666666666667095e-03 7.034958999999999963e-08
-2.000049999999999883e-01 6.250000000000000347e-03 1.292834999999999943e-07
-2.000049999999999883e-01 5.882352941176470507e-03 3.730728999999999763e-07
-2.000049999999999883e-01 5.555555555555555768e-03 5.471807000000000049e-07
-2.000049999999999883e-01 5.263157894736841987e-03 1.039390000000000098e-06
-2.000049999999999883e-01 5.000000000000000104e-03 1.867485999999999945e-06
-2.000049999999999883e-01 4.761904761904762334e-03 3.495170000000000029e-06
-2.000049999999999883e-01 4.545454545454545234e-03 5.834891999999999598e-06
-2.000049999999999883e-01 4.347826086956521792e-03 1.007340999999999983e-05
-2.000049999999999883e-01 4.166666666666666609e-03 2.018762999999999835e-05
-2.000049999999999883e-01 4.000000000000000083e-03 2.813173999999999978e-05
-2.000049999999999883e-01 3.846153846153846367e-03 4.957494000000000142e-05
-2.000049999999999883e-01 3.703703703703703845e-03 7.537963000000000118e-05
-2.000049999999999883e-01 3.571428571428571317e-03 1.167021999999999954e-04
-2.000049999999999883e-01 3.448275862068965469e-03 1.535933999999999921e-04
-2.000049999999999883e-01 3.333333333333333547e-03 2.176709000000000033e-04
