-1.000000000000000000e+00 1.149425287356321823e-02 2.635896999999999836e-09
-1.000000000000000000e+00 1.000000000000000021e-02 8.478557000000000421e-09
-1.000000000000000000e+00 9.090909090909090468e-03 1.975195000000000105e-08
-1.000000000000000000e+00 8.333333333333333218e-03 5.054590000000000265e-08
-1.000000000000000000e+00 7.692307692307692735e-03 1.253949999999999923e-07
-1.000000000000000000e+00 7.142857142857142634e-03 2.239567999999999875e-07
-1.000000000000000000e+00 6.666666666666667095e-03 6.948081999999999946e-07
-1.000000000000000000e+00 6.250000000000000347e-03 1.223820999999999984e-06
-1.000000000000000000e+00 5.882352941176470507e-03 3.289838000000000027e-06
-1.000000000000000000e+00 5.555555555555555768e-03 4.616481000000000295e-06
-1.000000000000000000e+00 5.263157894736841987e-03 8.358240999999999517e-06
-1.000000000000000000e+00 5.000000000000000104e-03 1.433919999999999986e-05
-1.000000000000000000e+00 4.761904761904762334e-03 2.533193999999999992e-05
-1.000000000000000000e+00 4.545454545454545234e-03 4.028207000000000310e-05
-1.000000000000000000e+00 4.347826086956521792e-03 6.679623000000000472e-05
-1.000000000000000000e+00 4.166666666666666609e-03 1.281827999999999885e-04
-1.000000000000000000e+00 4.000000000000000083e-03 1.745915999999999972e-04
-1.000000000000000000e+00 3.846153846153846367e-03 2.972024000000000193e-04
-1.000000000000000000e+00 3.703703703703703845e-03 4.398717000000000122e-04
-1.000000000000000000e+00 3.571428571428571317e-03 6.612668999999999622e-04
-1.000000000000000000e+00 3.448275862068965469e-03 8.539612000000000461e-04
-1.000000000000000000e+00 3.333333333333333547e-03 1.185995999999999925e-03
