2.000000000000000000e+00 1.149425287356321823e-02 1.588352000000000100e-08
2.000000000000000000e+00 1.000000000000000021e-02 4.670133000000000172e-08
2.000000000000000000e+00 9.090909090909090468e-03 1.002447000000000056e-07
2.000000000000000000e+00 8.333333333333333218e-03 2.161933000000000119e-07
2.000000000000000000e+00 7.692307692307692735e-03 4.147618000000000076e-07
2.000000000000000000e+00 7.142857142857142634e-03 6.574370999999999519e-07
2.000000000000000000e+00 6.666666666666667095e-03 1.606278000000000005e-06
2.000000000000000000e+00 6.250000000000000347e-03 2.722595999999999877e-06
2.000000000000000000e+00 5.882352941176470507e-03 6.428457000000000241e-06
2.000000000000000000e+00 5.555555555555555768e-03 9.061176999999999321e-06
2.000000000000000000e+00 5.263157894736841987e-03 1.503441000000000028e-05
2.000000000000000000e+00 5.000000000000000104e-03 2.553407000000000132e-05
2.000000000000000000e+00 4.761904761904762334e-03 4.505870000000000280e-05
2.000000000000000000e+00 4.545454545454545234e-03 7.123971999999999629e-05
2.000000000000000000e+00 4.347826086956521792e-03 1.176243000000000048e-04
2.000000000000000000e+00 4.166666666666666609e-03 2.193453999999999955e-04
2.000000000000000000e+00 4.000000000000000083e-03 2.969922000000000057e-04
2.000000000000000000e+00 3.846153846153846367e-03 4.949734000000000338e-04
2.000000000000000000e+00 3.703703703703703845e-03 7.252518999999999806e-04
2.000000000000000000e+00 3.571428571428571317e-03 1.085508000000000002e-03
2.000000000000000000e+00 3.448275862068965469e-03 1.431697999999999912e-03
2.000000000000000000e+00 3.333333333333333547e-03 1.965678000000000217e-03
