4.000000000000000000e+00 1.149425287356321823e-02 2.815180999999999856e-07
4.000000000000000000e+00 1.000000000000000021e-02 6.462697000000000527e-07
4.000000000000000000e+00 9.090909090909090468e-03 1.172496000000000099e-06
4.000000000000000000e+00 8.333333333333333218e-03 2.292231999999999876e-06
4.000000000000000000e+00 7.692307692307692735e-03 4.333359000000000230e-06
4.000000000000000000e+00 7.142857142857142634e-03 6.737376999999999648e-06
4.000000000000000000e+00 6.666666666666667095e-03 1.354682999999999918e-05
4.000000000000000000e+00 6.250000000000000347e-03 2.057914000000000030e-05
4.000000000000000000e+00 5.882352941176470507e-03 4.072203999999999679e-05
4.000000000000000000e+00 5.555555555555555768e-03 5.541492999999999902e-05
4.000000000000000000e+00 5.263157894736841987e-03 8.302209999999999917e-05
4.000000000000000000e+00 5.000000000000000104e-03 1.306272000000000086e-04
4.000000000000000000e+00 4.761904761904762334e-03 2.112549000000000024e-04
4.000000000000000000e+00 4.545454545454545234e-03 3.093880999999999932e-04
4.000000000000000000e+00 4.347826086956521792e-03 4.697707999999999984e-04
4.000000000000000000e+00 4.166666666666666609e-03 7.821126999999999767e-04
4.000000000000000000e+00 4.000000000000000083e-03 1.004312000000000043e-03
4.000000000000000000e+00 3.846153846153846367e-03 1.515856000000000104e-03
4.000000000000000000e+00 3.703703703703703845e-03 2.060096999999999883e-03
4.000000000000000000e+00 3.571428571428571317e-03 2.849149000000000039e-03
4.000000000000000000e+00 3.448275862068965469e-03 3.658701999999999788e-03
4.000000000000000000e+00 3.333333333333333547e-03 4.662516999999999703e-03
