1.000000000000000000e+00 1.149425287356321823e-02 2.561699999999999953e-09
1.000000000000000000e+00 1.000000000000000021e-02 7.625089999999999360e-09
1.000000000000000000e+00 9.090909090909090468e-03 1.722158999999999864e-08
1.000000000000000000e+00 8.333333333333333218e-03 4.101183999999999886e-08
1.000000000000000000e+00 7.692307692307692735e-03 9.181230000000000482e-08
1.000000000000000000e+00 7.142857142857142634e-03 1.555673000000000089e-07
1.000000000000000000e+00 6.666666666666667095e-03 3.831112000000000061e-07
1.000000000000000000e+00 6.250000000000000347e-03 6.452842999999999994e-07
1.000000000000000000e+00 5.882352941176470507e-03 1.653069000000000097e-06
1.000000000000000000e+00 5.555555555555555768e-03 2.416330999999999854e-06
1.000000000000000000e+00 5.263157894736841987e-03 4.300689000000000084e-06
1.000000000000000000e+00 5.000000000000000104e-03 7.665081999999999603e-06
1.000000000000000000e+00 4.761904761904762334e-03 1.414732000000000061e-05
1.000000000000000000e+00 4.545454545454545234e-03 2.335368000000000169e-05
1.000000000000000000e+00 4.347826086956521792e-03 4.041001000000000174e-05
1.000000000000000000e+00 4.166666666666666609e-03 8.032969000000000372e-05
1.000000000000000000e+00 4.000000000000000083e-03 1.119466000000000032e-04
1.000000000000000000e+00 3.846153846153846367e-03 1.968159999999999940e-04
1.000000000000000000e+00 3.703703703703703845e-03 3.000135000000000236e-04
1.000000000000000000e+00 3.571428571428571317e-03 4.683185999999999989e-04
1.000000000000000000e+00 3.448275862068965469e-03 6.228489999999999721e-04
1.000000000000000000e+00 3.333333333333333547e-03 8.975657000000000383e-04
