-3.000000000000000000e+00 1.149425287356321823e-02 3.949076000000000229e-08
-3.000000000000000000e+00 1.000000000000000021e-02 1.242729999999999905e-07
-3.000000000000000000e+00 9.090909090909090468e-03 2.693742000000000246e-07
-3.000000000000000000e+00 8.333333333333333218e-03 6.264173999999999590e-07
-3.000000000000000000e+00 7.692307692307692735e-03 1.389488999999999903e-06
-3.000000000000000000e+00 7.142857142857142634e-03 2.209807999999999799e-06
-3.000000000000000000e+00 6.666666666666667095e-03 5.925175999999999799e-06
-3.000000000000000000e+00 6.250000000000000347e-03 9.249260000000000278e-06
-3.000000000000000000e+00 5.882352941176470507e-03 2.132333999999999903e-05
-3.000000000000000000e+00 5.555555555555555768e-03 2.762094000000000121e-05
-3.000000000000000000e+00 5.263157894736841987e-03 4.662099999999999968e-05
-3.000000000000000000e+00 5.000000000000000104e-03 7.463281000000000212e-05
-3.000000000000000000e+00 4.761904761904762334e-03 1.239822000000000070e-04
-3.000000000000000000e+00 4.545454545454545234e-03 1.889995000000000054e-04
-3.000000000000000000e+00 4.347826086956521792e-03 2.971701000000000095e-04
-3.000000000000000000e+00 4.166666666666666609e-03 5.313336999999999574e-04
-3.000000000000000000e+00 4.000000000000000083e-03 6.954562999999999977e-04
-3.000000000000000000e+00 3.846153846153846367e-03 1.113110999999999962e-03
-3.000000000000000000e+00 3.703703703703703845e-03 1.576389000000000089e-03
-3.000000000000000000e+00 3.571428571428571317e-03 2.275740999999999962e-03
-3.000000000000000000e+00 3.448275862068965469e-03 2.875953000000000103e-03
-3.000000000000000000e+00 3.333333333333333547e-03 3.903119000000000033e-03
