1.999950000000000061e-01 1.149425287356321823e-02 2.422699999999999813e-10
1.999950000000000061e-01 1.000000000000000021e-02 5.600062000000000426e-10
1.999950000000000061e-01 9.090909090909090468e-03 1.239686000000000055e-09
1.999950000000000061e-01 8.333333333333333218e-03 2.591758999999999839e-09
1.999950000000000061e-01 7.692307692307692735e-03 4.883630999999999925e-09
1.999950000000000061e-01 7.142857142857142634e-03 7.134654999999999905e-09
1.999950000000000061e-01 6.666666666666667095e-03 1.388261000000000072e-08
1.999950000000000061e-01 6.250000000000000347e-03 2.135087999999999855e-08
1.999950000000000061e-01 5.882352941176470507e-03 5.804270000000000265e-08
1.999950000000000061e-01 5.555555555555555768e-03 9.075567999999999942e-08
1.999950000000000061e-01 5.263157894736841987e-03 1.785347000000000006e-07
1.999950000000000061e-01 5.000000000000000104e-03 4.666946000000000159e-07
1.999950000000000061e-01 4.761904761904762334e-03 9.556021999999999408e-07
1.999950000000000061e-01 4.545454545454545234e-03 1.971714999999999891e-06
1.999950000000000061e-01 4.347826086956521792e-03 3.988774000000000377e-06
1.999950000000000061e-01 4.166666666666666609e-03 9.750303000000000352e-06
1.999950000000000061e-01 4.000000000000000083e-03 1.488410000000000035e-05
1.999950000000000061e-01 3.846153846153846367e-03 3.042002999999999884e-05
1.999950000000000061e-01 3.703703703703703845e-03 5.167236000000000073e-05
1.999950000000000061e-01 3.571428571428571317e-03 8.942002999999999638e-05
1.999950000000000061e-01 3.448275862068965469e-03 1.257529000000000069e-04
1.999950000000000061e-01 3.333333333333333547e-03 1.910538000000000037e-04
