-5.000000000000000409e-06 1.149425287356321823e-02 6.224630999999999430e-11
-5.000000000000000409e-06 1.000000000000000021e-02 1.363200000000000007e-10
-5.000000000000000409e-06 9.090909090909090468e-03 1.250100999999999962e-10
-5.000000000000000409e-06 8.333333333333333218e-03 2.217750999999999976e-10
-5.000000000000000409e-06 7.692307692307692735e-03 3.319905000000000128e-10
-5.000000000000000409e-06 7.142857142857142634e-03 1.590273999999999910e-10
-5.000000000000000409e-06 6.666666666666667095e-03 2.437451999999999805e-10
-5.000000000000000409e-06 6.250000000000000347e-03 1.719328999999999885e-10
-5.000000000000000409e-06 5.882352941176470507e-03 1.813200000000000004e-10
-5.000000000000000409e-06 5.555555555555555768e-03 1.986364999999999944e-10
-5.000000000000000409e-06 5.263157894736841987e-03 6.282985000000000095e-09
-5.000000000000000409e-06 5.000000000000000104e-03 1.234830000000000046e-08
-5.000000000000000409e-06 4.761904761904762334e-03 1.457732999999999975e-08
-5.000000000000000409e-06 4.545454545454545234e-03 1.761538000000000126e-08
-5.000000000000000409e-06 4.347826086956521792e-03 1.868268999999999972e-08
-5.000000000000000409e-06 4.166666666666666609e-03 3.330220000000000025e-08
-5.000000000000000409e-06 4.000000000000000083e-03 3.384151999999999875e-08
-5.000000000000000409e-06 3.846153846153846367e-03 1.005636999999999967e-08
-5.000000000000000409e-06 3.703703703703703845e-03 2.790340000000000106e-09
-5.000000000000000409e-06 3.571428571428571317e-03 1.444904000000000039e-08
-5.000000000000000409e-06 3.448275862068965469e-03 2.394989000000000072e-08
-5.000000000000000409e-06 3.333333333333333547e-03 3.140832000000000182e-08
