-2.000000000000000000e+00 1.149425287356321823e-02 1.195421999999999969e-08
-2.000000000000000000e+00 1.000000000000000021e-02 3.819063000000000215e-08
-2.000000000000000000e+00 9.090909090909090468e-03 8.630725999999999670e-08
-2.000000000000000000e+00 8.333333333333333218e-03 2.128102999999999875e-07
-2.000000000000000000e+00 7.692307692307692735e-03 5.021659000000000061e-07
-2.000000000000000000e+00 7.142857142857142634e-03 8.459221000000000412e-07
-2.000000000000000000e+00 6.666666666666667095e-03 2.430765999999999996e-06
-2.000000000000000000e+00 6.250000000000000347e-03 4.015979000000000230e-06
-2.000000000000000000e+00 5.882352941176470507e-03 9.939141999999999308e-06
-2.000000000000000000e+00 5.555555555555555768e-03 1.335617999999999957e-05
-2.000000000000000000e+00 5.263157894736841987e-03 2.321956999999999832e-05
-2.000000000000000000e+00 5.000000000000000104e-03 3.834869000000000027e-05
-2.000000000000000000e+00 4.761904761904762334e-03 6.518453000000000116e-05
-2.000000000000000000e+00 4.545454545454545234e-03 1.012404000000000006e-04
-2.000000000000000000e+00 4.347826086956521792e-03 1.633034000000000059e-04
-2.000000000000000000e+00 4.166666666666666609e-03 3.019841000000000214e-04
-2.000000000000000000e+00 4.000000000000000083e-03 4.030605000000000147e-04
-2.000000000000000000e+00 3.846153846153846367e-03 6.657742000000000130e-04
-2.000000000000000000e+00 3.703703703703703845e-03 9.652121000000000485e-04
-2.000000000000000000e+00 3.571428571428571317e-03 1.425276999999999968e-03
-2.000000000000000000e+00 3.448275862068965469e-03 1.824171999999999990e-03
-2.000000000000000000e+00 3.333333333333333547e-03 2.511434999999999796e-03
