-4.000000000000000000e+00 1.149425287356321823e-02 1.181524000000000065e-07
-4.000000000000000000e+00 1.000000000000000021e-02 3.407681999999999822e-07
-4.000000000000000000e+00 9.090909090909090468e-03 7.043013000000000308e-07
-4.000000000000000000e+00 8.333333333333333218e-03 1.567111999999999905e-06
-4.000000000000000000e+00 7.692307692307692735e-03 3.272578999999999859e-06
-4.000000000000000000e+00 7.142857142857142634e-03 4.937956999999999858e-06
-4.000000000000000000e+00 6.666666666666667095e-03 1.243600999999999988e-05
-4.000000000000000000e+00 6.250000000000000347e-03 1.845480000000000159e-05
-4.000000000000000000e+00 5.882352941176470507e-03 4.004309000000000221e-05
-4.000000000000000000e+00 5.555555555555555768e-03 5.031385000000000279e-05
-4.000000000000000000e+00 5.263157894736841987e-03 8.372271000000000465e-05
-4.000000000000000000e+00 5.000000000000000104e-03 1.317993000000000105e-04
-4.000000000000000000e+00 4.761904761904762334e-03 2.146015000000000086e-04
-4.000000000000000000e+00 4.545454545454545234e-03 3.208066999999999993e-04
-4.000000000000000000e+00 4.347826086956521792e-03 4.913893999999999814e-04
-4.000000000000000000e+00 4.166666666666666609e-03 8.500196000000000227e-04
-4.000000000000000000e+00 4.000000000000000083e-03 1.091568000000000009e-03
-4.000000000000000000e+00 3.846153846153846367e-03 1.693550000000000047e-03
-4.000000000000000000e+00 3.703703703703703845e-03 2.339392000000000034e-03
-4.000000000000000000e+00 3.571428571428571317e-03 3.289612999999999825e-03
-4.000000000000000000e+00 3.448275862068965469e-03 4.087862000000000266e-03
-4.000000000000000000e+00 3.333333333333333547e-03 5.461332999999999639e-03
