3.000000000000000000e+00 1.149425287356321823e-02 7.225142000000000443e-08
3.000000000000000000e+00 1.000000000000000021e-02 2.031234999999999990e-07
3.000000000000000000e+00 9.090909090909090468e-03 3.811020999999999858e-07
3.000000000000000000e+00 8.333333333333333218e-03 7.108084999999999556e-07
3.000000000000000000e+00 7.692307692307692735e-03 1.380704000000000079e-06
3.000000000000000000e+00 7.142857142857142634e-03 2.247760000000000058e-06
3.000000000000000000e+00 6.666666666666667095e-03 5.094265999999999991e-06
3.000000000000000000e+00 6.250000000000000347e-03 8.143383000000000837e-06
3.000000000000000000e+00 5.882352941176470507e-03 1.715202999999999983e-05
3.000000000000000000e+00 5.555555555555555768e-03 2.358999999999999945e-05
3.000000000000000000e+00 5.263157894736841987e-03 3.691707999999999790e-05
3.000000000000000000e+00 5.000000000000000104e-03 6.015615000000000171e-05
3.000000000000000000e+00 4.761904761904762334e-03 1.014669000000000026e-04
3.000000000000000000e+00 4.545454545454545234e-03 1.542530000000000019e-04
3.000000000000000000e+00 4.347826086956521792e-03 2.440622999999999892e-04
3.000000000000000000e+00 4.166666666666666609e-03 4.302310999999999744e-04
3.000000000000000000e+00 4.000000000000000083e-03 5.677333999999999809e-04
3.000000000000000000e+00 3.846153846153846367e-03 9.024430999999999859e-04
3.000000000000000000e+00 3.703703703703703845e-03 1.276245000000000070e-03
3.000000000000000000e+00 3.571428571428571317e-03 1.840367999999999995e-03
3.000000000000000000e+00 3.448275862068965469e-03 2.387624999999999990e-03
3.000000000000000000e+00 3.333333333333333547e-03 3.169423000000000205e-03
