5.000000000000000000e+00 1.149425287356321823e-02 8.647352999999999969e-07
5.000000000000000000e+00 1.000000000000000021e-02 1.990296000000000129e-06
5.000000000000000000e+00 9.090909090909090468e-03 3.608436000000000191e-06
5.000000000000000000e+00 8.333333333333333218e-03 6.571835999999999635e-06
5.000000000000000000e+00 7.692307692307692735e-03 1.137515000000000069e-05
5.000000000000000000e+00 7.142857142857142634e-03 1.677282999999999845e-05
5.000000000000000000e+00 6.666666666666667095e-03 3.137353000000000250e-05
5.000000000000000000e+00 6.250000000000000347e-03 4.703555999999999796e-05
5.000000000000000000e+00 5.882352941176470507e-03 9.031526999999999698e-05
5.000000000000000000e+00 5.555555555555555768e-03 1.219918000000000066e-04
5.000000000000000000e+00 5.263157894736841987e-03 1.756004999999999936e-04
5.000000000000000000e+00 5.000000000000000104e-03 2.669910999999999856e-04
5.000000000000000000e+00 4.761904761904762334e-03 4.149762999999999998e-04
5.000000000000000000e+00 4.545454545454545234e-03 5.867936000000000462e-04
5.000000000000000000e+00 4.347826086956521792e-03 8.566164999999999934e-04
5.000000000000000000e+00 4.166666666666666609e-03 1.351053000000000063e-03
5.000000000000000000e+00 4.000000000000000083e-03 1.689823000000000019e-03
5.000000000000000000e+00 3.846153846153846367e-03 2.429151000000000053e-03
5.000000000000000000e+00 3.703703703703703845e-03 3.187182000000000209e-03
5.000000000000000000e+00 3.571428571428571317e-03 4.286739000000000348e-03
5.000000000000000000e+00 3.448275862068965469e-03 5.093900000000000164e-03
5.000000000000000000e+00 3.333333333333333547e-03 6.301661000000000068e-03
