-5.000000000000000000e+00 1.149425287356321823e-02 3.175328000000000043e-07
-5.000000000000000000e+00 1.000000000000000021e-02 8.681756000000000095e-07
-5.000000000000000000e+00 9.090909090909090468e-03 1.704299999999999928e-06
-5.000000000000000000e+00 8.333333333333333218e-03 3.605226000000000098e-06
-5.000000000000000000e+00 7.692307692307692735e-03 7.123867999999999638e-06
-5.000000000000000000e+00 7.142857142857142634e-03 1.021714000000000023e-05
-5.000000000000000000e+00 6.666666666666667095e-03 2.423612999999999863e-05
-5.000000000000000000e+00 6.250000000000000347e-03 3.426573000000000168e-05
-5.000000000000000000e+00 5.882352941176470507e-03 7.078156999999999797e-05
-5.000000000000000000e+00 5.555555555555555768e-03 8.711682000000000052e-05
-5.000000000000000000e+00 5.263157894736841987e-03 1.449028000000000046e-04
-5.000000000000000000e+00 5.000000000000000104e-03 2.245358999999999994e-04
-5.000000000000000000e+00 4.761904761904762334e-03 3.571013000000000160e-04
-5.000000000000000000e+00 4.545454545454545234e-03 5.227890999999999918e-04
-5.000000000000000000e+00 4.347826086956521792e-03 7.794828000000000173e-04
-5.000000000000000000e+00 4.166666666666666609e-03 1.304101999999999909e-03
-5.000000000000000000e+00 4.000000000000000083e-03 1.640226000000000054e-03
-5.000000000000000000e+00 3.846153846153846367e-03 2.463121999999999881e-03
-5.000000000000000000e+00 3.703703703703703845e-03 3.308585000000000172e-03
-5.000000000000000000e+00 3.571428571428571317e-03 4.508367999999999577e-03
-5.000000000000000000e+00 3.448275862068965469e-03 5.604493000000000322e-03
-5.000000000000000000e+00 3.333333333333333547e-03 6.906039999999999575e-03
