2.000000000000000000e+00 1.111111111111111154e-02 6.157680000000000185e-10
2.000000000000000000e+00 1.000000000000000021e-02 7.197809000000000492e-10
2.000000000000000000e+00 9.090909090909090468e-03 1.242813000000000100e-09
2.000000000000000000e+00 8.333333333333333218e-03 5.540971999999999961e-09
2.000000000000000000e+00 7.692307692307692735e-03 3.147689000000000255e-08
2.000000000000000000e+00 7.142857142857142634e-03 1.520100999999999882e-07
2.000000000000000000e+00 6.666666666666667095e-03 6.326228000000000021e-07
2.000000000000000000e+00 6.250000000000000347e-03 2.340554000000000088e-06
2.000000000000000000e+00 5.882352941176470507e-03 7.678976999999999239e-06
2.000000000000000000e+00 5.555555555555555768e-03 1.847726000000000069e-05
2.000000000000000000e+00 5.263157894736841987e-03 4.701906000000000244e-05
2.000000000000000000e+00 5.000000000000000104e-03 9.922121000000000543e-05
2.000000000000000000e+00 4.761904761904762334e-03 2.141114000000000114e-04
2.000000000000000000e+00 4.545454545454545234e-03 4.204766999999999988e-04
2.000000000000000000e+00 4.347826086956521792e-03 7.777809000000000328e-04
2.000000000000000000e+00 4.166666666666666609e-03 1.500489000000000033e-03
2.000000000000000000e+00 4.000000000000000083e-03 2.700257000000000178e-03
2.000000000000000000e+00 3.846153846153846367e-03 4.402632000000000073e-03
2.000000000000000000e+00 3.703703703703703845e-03 7.199399000000000423e-03
2.000000000000000000e+00 3.571428571428571317e-03 1.049263999999999926e-02
2.000000000000000000e+00 3.448275862068965469e-03 1.577500000000000083e-02
2.000000000000000000e+00 3.333333333333333547e-03 2.337962000000000026e-02
