-2.000000000000000000e+00 1.111111111111111154e-02 7.458389000000000434e-10
-2.000000000000000000e+00 1.000000000000000021e-02 7.957898000000000389e-10
-2.000000000000000000e+00 9.090909090909090468e-03 8.790777000000000196e-10
-2.000000000000000000e+00 8.333333333333333218e-03 1.474561999999999938e-09
-2.000000000000000000e+00 7.692307692307692735e-03 6.338535000000000384e-09
-2.000000000000000000e+00 7.142857142857142634e-03 3.113642999999999977e-08
-2.000000000000000000e+00 6.666666666666667095e-03 1.383400999999999988e-07
-2.000000000000000000e+00 6.250000000000000347e-03 5.691280999999999517e-07
-2.000000000000000000e+00 5.882352941176470507e-03 2.101017999999999948e-06
-2.000000000000000000e+00 5.555555555555555768e-03 5.320306999999999679e-06
-2.000000000000000000e+00 5.263157894736841987e-03 1.438759999999999926e-05
-2.000000000000000000e+00 5.000000000000000104e-03 3.162857000000000201e-05
-2.000000000000000000e+00 4.761904761904762334e-03 7.192223999999999666e-05
-2.000000000000000000e+00 4.545454545454545234e-03 1.474864000000000047e-04
-2.000000000000000000e+00 4.347826086956521792e-03 2.837563999999999993e-04
-2.000000000000000000e+00 4.166666666666666609e-03 5.739211999999999829e-04
-2.000000000000000000e+00 4.000000000000000083e-03 1.079712999999999940e-03
-2.000000000000000000e+00 3.846153846153846367e-03 1.820138999999999915e-03
-2.000000000000000000e+00 3.703703703703703845e-03 3.108965999999999900e-03
-2.000000000000000000e+00 3.571428571428571317e-03 4.646271000000000428e-03
-2.000000000000000000e+00 3.448275862068965469e-03 7.291597000000000356e-03
-2.000000000000000000e+00 3.333333333333333547e-03 1.139059000000000078e-02
