4.000000000000000000e+00 1.111111111111111154e-02 1.372192999999999916e-09
4.000000000000000000e+00 1.000000000000000021e-02 1.786429000000000098e-09
4.000000000000000000e+00 9.090909090909090468e-03 6.527897000000000045e-09
4.000000000000000000e+00 8.333333333333333218e-03 3.522482000000000162e-08
4.000000000000000000e+00 7.692307692307692735e-03 1.934111000000000027e-07
4.000000000000000000e+00 7.142857142857142634e-03 8.637607999999999904e-07
4.000000000000000000e+00 6.666666666666667095e-03 3.335548000000000137e-06
4.000000000000000000e+00 6.250000000000000347e-03 1.140891999999999986e-05
4.000000000000000000e+00 5.882352941176470507e-03 3.464983999999999756e-05
4.000000000000000000e+00 5.555555555555555768e-03 8.006156000000000329e-05
4.000000000000000000e+00 5.263157894736841987e-03 1.940238999999999907e-04
4.000000000000000000e+00 5.000000000000000104e-03 3.962351000000000241e-04
4.000000000000000000e+00 4.761904761904762334e-03 8.254233000000000360e-04
4.000000000000000000e+00 4.545454545454545234e-03 1.579972999999999924e-03
4.000000000000000000e+00 4.347826086956521792e-03 2.872322000000000070e-03
4.000000000000000000e+00 4.166666666666666609e-03 5.485567000000000221e-03
4.000000000000000000e+00 4.000000000000000083e-03 9.938106999999999844e-03
4.000000000000000000e+00 3.846153846153846367e-03 1.665590000000000126e-02
4.000000000000000000e+00 3.703703703703703845e-03 2.870015000000000066e-02
4.000000000000000000e+00 3.571428571428571317e-03 4.000298000000000048e-02
4.000000000000000000e+00 3.448275862068965469e-03 4.000283999999999784e-02
4.000000000000000000e+00 3.333333333333333547e-03 4.000304999999999833e-02
