-5.000000000000000000e+00 1.111111111111111154e-02 2.323322000000000014e-09
-5.000000000000000000e+00 1.000000000000000021e-02 2.872737000000000024e-09
-5.000000000000000000e+00 9.090909090909090468e-03 3.851307000000000295e-09
-5.000000000000000000e+00 8.333333333333333218e-03 1.127006000000000027e-08
-5.000000000000000000e+00 7.692307692307692735e-03 5.815747999999999674e-08
-5.000000000000000000e+00 7.142857142857142634e-03 2.582625999999999928e-07
-5.000000000000000000e+00 6.666666666666667095e-03 1.010238000000000076e-06
-5.000000000000000000e+00 6.250000000000000347e-03 3.897759999999999931e-06
-5.000000000000000000e+00 5.882352941176470507e-03 1.387212999999999927e-05
-5.000000000000000000e+00 5.555555555555555768e-03 3.250954000000000045e-05
-5.000000000000000000e+00 5.263157894736841987e-03 8.228388000000000542e-05
-5.000000000000000000e+00 5.000000000000000104e-03 1.706345000000000008e-04
-5.000000000000000000e+00 4.761904761904762334e-03 3.685571000000000224e-04
-5.000000000000000000e+00 4.545454545454545234e-03 7.232356000000000115e-04
-5.000000000000000000e+00 4.347826086956521792e-03 1.338386999999999910e-03
-5.000000000000000000e+00 4.166666666666666609e-03 2.620542999999999918e-03
-5.000000000000000000e+00 4.000000000000000083e-03 4.818059000000000404e-03
-5.000000000000000000e+00 3.846153846153846367e-03 8.100536000000000195e-03
-5.000000000000000000e+00 3.703703703703703845e-03 1.383899000000000067e-02
-5.000000000000000000e+00 3.571428571428571317e-03 2.071686999999999834e-02
-5.000000000000000000e+00 3.448275862068965469e-03 3.337447999999999804e-02
-5.000000000000000000e+00 3.333333333333333547e-03 4.000070000000000014e-02
