1.999950000000000061e-01 1.111111111111111154e-02 6.743660999999999653e-11
1.999950000000000061e-01 1.000000000000000021e-02 9.235630000000000139e-11
1.999950000000000061e-01 9.090909090909090468e-03 4.043268999999999823e-12
1.999950000000000061e-01 8.333333333333333218e-03 7.425529000000000560e-11
1.999950000000000061e-01 7.692307692307692735e-03 3.950192999999999803e-10
1.999950000000000061e-01 7.142857142857142634e-03 1.924312000000000168e-09
1.999950000000000061e-01 6.666666666666667095e-03 9.834253000000000161e-09
1.999950000000000061e-01 6.250000000000000347e-03 4.436260999999999969e-08
1.999950000000000061e-01 5.882352941176470507e-03 1.843287999999999982e-07
1.999950000000000061e-01 5.555555555555555768e-03 4.798159000000000210e-07
1.999950000000000061e-01 5.263157894736841987e-03 1.401303999999999933e-06
1.999950000000000061e-01 5.000000000000000104e-03 3.243407000000000133e-06
1.999950000000000061e-01 4.761904761904762334e-03 7.786183000000000259e-06
1.999950000000000061e-01 4.545454545454545234e-03 1.664908000000000154e-05
1.999950000000000061e-01 4.347826086956521792e-03 3.320992999999999732e-05
1.999950000000000061e-01 4.166666666666666609e-03 6.927388999999999346e-05
1.999950000000000061e-01 4.000000000000000083e-03 1.331783000000000120e-04
1.999950000000000061e-01 3.846153846153846367e-03 2.281790000000000120e-04
1.999950000000000061e-01 3.703703703703703845e-03 3.922772000000000260e-04
1.999950000000000061e-01 3.571428571428571317e-03 5.898578000000000024e-04
1.999950000000000061e-01 3.448275862068965469e-03 9.200754999999999698e-04
1.999950000000000061e-01 3.333333333333333547e-03 1.413521999999999956e-03
