3.000000000000000000e+00 1.111111111111111154e-02 1.018403000000000045e-09
3.000000000000000000e+00 1.000000000000000021e-02 1.062535999999999897e-09
3.000000000000000000e+00 9.090909090909090468e-03 2.963259999999999960e-09
3.000000000000000000e+00 8.333333333333333218e-03 1.470449999999999942e-08
3.000000000000000000e+00 7.692307692307692735e-03 8.296634000000000572e-08
3.000000000000000000e+00 7.142857142857142634e-03 3.857841000000000008e-07
3.000000000000000000e+00 6.666666666666667095e-03 1.547953000000000017e-06
3.000000000000000000e+00 6.250000000000000347e-03 5.504407000000000169e-06
3.000000000000000000e+00 5.882352941176470507e-03 1.736056999999999902e-05
3.000000000000000000e+00 5.555555555555555768e-03 4.096981000000000272e-05
3.000000000000000000e+00 5.263157894736841987e-03 1.017860000000000043e-04
3.000000000000000000e+00 5.000000000000000104e-03 2.113020999999999975e-04
3.000000000000000000e+00 4.761904761904762334e-03 4.478896000000000223e-04
3.000000000000000000e+00 4.545454545454545234e-03 8.678105999999999884e-04
3.000000000000000000e+00 4.347826086956521792e-03 1.588372000000000004e-03
3.000000000000000000e+00 4.166666666666666609e-03 3.036591999999999850e-03
3.000000000000000000e+00 4.000000000000000083e-03 5.444820000000000389e-03
3.000000000000000000e+00 3.846153846153846367e-03 8.907207999999999792e-03
3.000000000000000000e+00 3.703703703703703845e-03 1.469173000000000007e-02
3.000000000000000000e+00 3.571428571428571317e-03 2.173423999999999842e-02
3.000000000000000000e+00 3.448275862068965469e-03 3.331159000000000203e-02
3.000000000000000000e+00 3.333333333333333547e-03 4.000316000000000288e-02
