-3.000000000000000000e+00 1.111111111111111154e-02 1.206099000000000097e-09
-3.000000000000000000e+00 1.000000000000000021e-02 1.212682999999999916e-09
-3.000000000000000000e+00 9.090909090909090468e-03 1.397478000000000000e-09
-3.000000000000000000e+00 8.333333333333333218e-03 3.050254999999999824e-09
-3.000000000000000000e+00 7.692307692307692735e-03 1.373527000000000028e-08
-3.000000000000000000e+00 7.142857142857142634e-03 6.548396000000000638e-08
-3.000000000000000000e+00 6.666666666666667095e-03 2.792764000000000139e-07
-3.000000000000000000e+00 6.250000000000000347e-03 1.122448000000000099e-06
-3.000000000000000000e+00 5.882352941176470507e-03 4.101135000000000334e-06
-3.000000000000000000e+00 5.555555555555555768e-03 1.013909000000000019e-05
-3.000000000000000000e+00 5.263157894736841987e-03 2.696433000000000074e-05
-3.000000000000000000e+00 5.000000000000000104e-03 5.836013999999999991e-05
-3.000000000000000000e+00 4.761904761904762334e-03 1.310016999999999963e-04
-3.000000000000000000e+00 4.545454545454545234e-03 2.657348999999999822e-04
-3.000000000000000000e+00 4.347826086956521792e-03 5.069846999999999505e-04
-3.000000000000000000e+00 4.166666666666666609e-03 1.019228000000000061e-03
-3.000000000000000000e+00 4.000000000000000083e-03 1.913222999999999920e-03
-3.000000000000000000e+00 3.846153846153846367e-03 3.225703999999999811e-03
-3.000000000000000000e+00 3.703703703703703845e-03 5.547935999999999840e-03
-3.000000000000000000e+00 3.571428571428571317e-03 8.350388999999999728e-03
-3.000000000000000000e+00 3.448275862068965469e-03 1.334819999999999930e-02
-3.000000000000000000e+00 3.333333333333333547e-03 2.145723000000000075e-02
