1.000000000000000000e+00 1.111111111111111154e-02 3.381368999999999762e-10
1.000000000000000000e+00 1.000000000000000021e-02 3.046543999999999835e-10
1.000000000000000000e+00 9.090909090909090468e-03 3.593768000000000178e-10
1.000000000000000000e+00 8.333333333333333218e-03 1.515783999999999943e-09
1.000000000000000000e+00 7.692307692307692735e-03 7.913397000000000275e-09
1.000000000000000000e+00 7.142857142857142634e-03 3.922436999999999987e-08
1.000000000000000000e+00 6.666666666666667095e-03 1.690566000000000078e-07
1.000000000000000000e+00 6.250000000000000347e-03 6.517378000000000512e-07
1.000000000000000000e+00 5.882352941176470507e-03 2.234478000000000191e-06
1.000000000000000000e+00 5.555555555555555768e-03 5.504139999999999787e-06
1.000000000000000000e+00 5.263157894736841987e-03 1.439285999999999962e-05
1.000000000000000000e+00 5.000000000000000104e-03 3.100111999999999838e-05
1.000000000000000000e+00 4.761904761904762334e-03 6.854022000000000630e-05
1.000000000000000000e+00 4.545454545454545234e-03 1.374844000000000012e-04
1.000000000000000000e+00 4.347826086956521792e-03 2.592889000000000240e-04
1.000000000000000000e+00 4.166666666666666609e-03 5.111884000000000133e-04
1.000000000000000000e+00 4.000000000000000083e-03 9.379177000000000477e-04
1.000000000000000000e+00 3.846153846153846367e-03 1.551045000000000028e-03
1.000000000000000000e+00 3.703703703703703845e-03 2.575131000000000035e-03
1.000000000000000000e+00 3.571428571428571317e-03 3.785326999999999789e-03
1.000000000000000000e+00 3.448275862068965469e-03 5.756930000000000380e-03
1.000000000000000000e+00 3.333333333333333547e-03 8.646654999999999619e-03
