-1.000049999999999967e-01 1.111111111111111154e-02 3.312959000000000202e-11
-1.000049999999999967e-01 1.000000000000000021e-02 1.315003000000000034e-10
-1.000049999999999967e-01 9.090909090909090468e-03 7.630250999999999897e-11
-1.000049999999999967e-01 8.333333333333333218e-03 4.591771000000000105e-12
-1.000049999999999967e-01 7.692307692307692735e-03 4.177987999999999706e-12
-1.000049999999999967e-01 7.142857142857142634e-03 2.784765999999999930e-11
-1.000049999999999967e-01 6.666666666666667095e-03 1.014510000000000046e-10
-1.000049999999999967e-01 6.250000000000000347e-03 5.040234000000000320e-10
-1.000049999999999967e-01 5.882352941176470507e-03 4.277777000000000375e-09
-1.000049999999999967e-01 5.555555555555555768e-03 7.179200000000000189e-09
-1.000049999999999967e-01 5.263157894736841987e-03 2.957330999999999907e-08
-1.000049999999999967e-01 5.000000000000000104e-03 9.270194999999999585e-08
-1.000049999999999967e-01 4.761904761904762334e-03 3.122748000000000243e-07
-1.000049999999999967e-01 4.545454545454545234e-03 7.889506999999999788e-07
-1.000049999999999967e-01 4.347826086956521792e-03 1.899635999999999925e-06
-1.000049999999999967e-01 4.166666666666666609e-03 4.827157000000000004e-06
-1.000049999999999967e-01 4.000000000000000083e-03 1.107952999999999995e-05
-1.000049999999999967e-01 3.846153846153846367e-03 2.206022000000000069e-05
-1.000049999999999967e-01 3.703703703703703845e-03 4.436223000000000233e-05
-1.000049999999999967e-01 3.571428571428571317e-03 7.530039000000000090e-05
-1.000049999999999967e-01 3.448275862068965469e-03 1.351133000000000130e-04
-1.000049999999999967e-01 3.333333333333333547e-03 2.401953999999999873e-04
