-4.000000000000000000e+00 1.111111111111111154e-02 1.547801999999999987e-09
-4.000000000000000000e+00 1.000000000000000021e-02 1.822950999999999902e-09
-4.000000000000000000e+00 9.090909090909090468e-03 2.152593999999999939e-09
-4.000000000000000000e+00 8.333333333333333218e-03 6.070032000000000200e-09
-4.000000000000000000e+00 7.692307692307692735e-03 2.920815000000000072e-08
-4.000000000000000000e+00 7.142857142857142634e-03 1.354106999999999911e-07
-4.000000000000000000e+00 6.666666666666667095e-03 5.534757000000000226e-07
-4.000000000000000000e+00 6.250000000000000347e-03 2.170662000000000038e-06
-4.000000000000000000e+00 5.882352941176470507e-03 7.811856999999999566e-06
-4.000000000000000000e+00 5.555555555555555768e-03 1.876923999999999921e-05
-4.000000000000000000e+00 5.263157894736841987e-03 4.868323999999999774e-05
-4.000000000000000000e+00 5.000000000000000104e-03 1.031113000000000033e-04
-4.000000000000000000e+00 4.761904761904762334e-03 2.270101999999999971e-04
-4.000000000000000000e+00 4.545454545454545234e-03 4.528538000000000246e-04
-4.000000000000000000e+00 4.347826086956521792e-03 8.518265000000000342e-04
-4.000000000000000000e+00 4.166666666666666609e-03 1.692237000000000081e-03
-4.000000000000000000e+00 4.000000000000000083e-03 3.155667999999999928e-03
-4.000000000000000000e+00 3.846153846153846367e-03 5.308886999999999981e-03
-4.000000000000000000e+00 3.703703703703703845e-03 9.195553999999999881e-03
-4.000000000000000000e+00 3.571428571428571317e-03 1.398335000000000029e-02
-4.000000000000000000e+00 3.448275862068965469e-03 2.301983000000000154e-02
-4.000000000000000000e+00 3.333333333333333547e-03 3.838992000000000099e-02
