9.999500000000000055e-02 1.111111111111111154e-02 4.971580000000000269e-11
9.999500000000000055e-02 1.000000000000000021e-02 1.336700999999999952e-10
9.999500000000000055e-02 9.090909090909090468e-03 7.301565999999999263e-12
9.999500000000000055e-02 8.333333333333333218e-03 1.069009000000000030e-10
9.999500000000000055e-02 7.692307692307692735e-03 1.518799999999999966e-10
9.999500000000000055e-02 7.142857142857142634e-03 7.301722999999999809e-10
9.999500000000000055e-02 6.666666666666667095e-03 3.274611000000000036e-09
9.999500000000000055e-02 6.250000000000000347e-03 1.498316000000000061e-08
9.999500000000000055e-02 5.882352941176470507e-03 5.159526999999999982e-08
9.999500000000000055e-02 5.555555555555555768e-03 1.580406000000000103e-07
9.999500000000000055e-02 5.263157894736841987e-03 4.916529999999999623e-07
9.999500000000000055e-02 5.000000000000000104e-03 1.164776000000000027e-06
9.999500000000000055e-02 4.761904761904762334e-03 2.823963999999999836e-06
9.999500000000000055e-02 4.545454545454545234e-03 6.125349000000000330e-06
9.999500000000000055e-02 4.347826086956521792e-03 1.240180000000000042e-05
9.999500000000000055e-02 4.166666666666666609e-03 2.632972999999999838e-05
9.999500000000000055e-02 4.000000000000000083e-03 5.159031000000000039e-05
9.999500000000000055e-02 3.846153846153846367e-03 8.988408000000000086e-05
9.999500000000000055e-02 3.703703703703703845e-03 1.573599999999999977e-04
9.999500000000000055e-02 3.571428571428571317e-03 2.401425000000000001e-04
9.999500000000000055e-02 3.448275862068965469e-03 3.814212000000000201e-04
9.999500000000000055e-02 3.333333333333333547e-03 5.977622000000000144e-04
