-5.000000000000000409e-06 1.111111111111111154e-02 7.048791999999999840e-12
-5.000000000000000409e-06 1.000000000000000021e-02 4.199773999999999791e-11
-5.000000000000000409e-06 9.090909090909090468e-03 9.102581000000000591e-11
-5.000000000000000409e-06 8.333333333333333218e-03 7.348264000000000323e-12
-5.000000000000000409e-06 7.692307692307692735e-03 1.759969000000000132e-11
-5.000000000000000409e-06 7.142857142857142634e-03 2.523113999999999865e-11
-5.000000000000000409e-06 6.666666666666667095e-03 2.683406000000000047e-11
-5.000000000000000409e-06 6.250000000000000347e-03 3.681806999999999924e-11
-5.000000000000000409e-06 5.882352941176470507e-03 2.318262999999999938e-09
-5.000000000000000409e-06 5.555555555555555768e-03 6.770145000000000303e-09
-5.000000000000000409e-06 5.263157894736841987e-03 8.519945000000000195e-09
-5.000000000000000409e-06 5.000000000000000104e-03 4.563263999999999846e-09
-5.000000000000000409e-06 4.761904761904762334e-03 3.842105000000000145e-09
-5.000000000000000409e-06 4.545454545454545234e-03 8.385069999999999459e-09
-5.000000000000000409e-06 4.347826086956521792e-03 3.361476999999999972e-08
-5.000000000000000409e-06 4.166666666666666609e-03 5.631686000000000233e-08
-5.000000000000000409e-06 4.000000000000000083e-03 9.508714999999999791e-08
-5.000000000000000409e-06 3.846153846153846367e-03 1.331035000000000113e-07
-5.000000000000000409e-06 3.703703703703703845e-03 1.876444999999999965e-07
-5.000000000000000409e-06 3.571428571428571317e-03 2.014932999999999928e-07
-5.000000000000000409e-06 3.448275862068965469e-03 2.698948999999999771e-07
-5.000000000000000409e-06 3.333333333333333547e-03 3.020691000000000218e-07
