-1.000000000000000000e+00 1.111111111111111154e-02 3.891922999999999858e-10
-1.000000000000000000e+00 1.000000000000000021e-02 3.673537000000000195e-10
-1.000000000000000000e+00 9.090909090909090468e-03 4.953746999999999644e-10
-1.000000000000000000e+00 8.333333333333333218e-03 5.374403999999999797e-10
-1.000000000000000000e+00 7.692307692307692735e-03 2.237994000000000078e-09
-1.000000000000000000e+00 7.142857142857142634e-03 1.080659000000000042e-08
-1.000000000000000000e+00 6.666666666666667095e-03 4.778920999999999942e-08
-1.000000000000000000e+00 6.250000000000000347e-03 1.931905000000000119e-07
-1.000000000000000000e+00 5.882352941176470507e-03 6.896622999999999750e-07
-1.000000000000000000e+00 5.555555555555555768e-03 1.763161000000000101e-06
-1.000000000000000000e+00 5.263157894736841987e-03 4.719129999999999827e-06
-1.000000000000000000e+00 5.000000000000000104e-03 1.037571000000000031e-05
-1.000000000000000000e+00 4.761904761904762334e-03 2.357381999999999921e-05
-1.000000000000000000e+00 4.545454545454545234e-03 4.832781000000000240e-05
-1.000000000000000000e+00 4.347826086956521792e-03 9.310378999999999378e-05
-1.000000000000000000e+00 4.166666666666666609e-03 1.886148999999999888e-04
-1.000000000000000000e+00 4.000000000000000083e-03 3.556157000000000111e-04
-1.000000000000000000e+00 3.846153846153846367e-03 6.014355999999999782e-04
-1.000000000000000000e+00 3.703703703703703845e-03 1.028339999999999983e-03
-1.000000000000000000e+00 3.571428571428571317e-03 1.541014999999999963e-03
-1.000000000000000000e+00 3.448275862068965469e-03 2.415880999999999931e-03
-1.000000000000000000e+00 3.333333333333333547e-03 3.761346999999999954e-03
