-2.000049999999999883e-01 1.111111111111111154e-02 6.846788000000000128e-11
-2.000049999999999883e-01 1.000000000000000021e-02 1.968798999999999903e-10
-2.000049999999999883e-01 9.090909090909090468e-03 1.073030999999999999e-10
-2.000049999999999883e-01 8.333333333333333218e-03 1.893233000000000037e-11
-2.000049999999999883e-01 7.692307692307692735e-03 3.315066000000000286e-11
-2.000049999999999883e-01 7.142857142857142634e-03 1.032605999999999980e-10
-2.000049999999999883e-01 6.666666666666667095e-03 2.879560000000000239e-10
-2.000049999999999883e-01 6.250000000000000347e-03 1.426087000000000061e-09
-2.000049999999999883e-01 5.882352941176470507e-03 1.708426999999999936e-08
-2.000049999999999883e-01 5.555555555555555768e-03 3.228523000000000143e-08
-2.000049999999999883e-01 5.263157894736841987e-03 7.761055000000000141e-08
-2.000049999999999883e-01 5.000000000000000104e-03 2.241351000000000070e-07
-2.000049999999999883e-01 4.761904761904762334e-03 6.349025999999999561e-07
-2.000049999999999883e-01 4.545454545454545234e-03 1.559808999999999909e-06
-2.000049999999999883e-01 4.347826086956521792e-03 3.600159000000000203e-06
-2.000049999999999883e-01 4.166666666666666609e-03 8.845489000000000175e-06
-2.000049999999999883e-01 4.000000000000000083e-03 1.968972000000000026e-05
-2.000049999999999883e-01 3.846153846153846367e-03 3.827098999999999931e-05
-2.000049999999999883e-01 3.703703703703703845e-03 7.522986000000000007e-05
-2.000049999999999883e-01 3.571428571428571317e-03 1.256565000000000123e-04
-2.000049999999999883e-01 3.448275862068965469e-03 2.218822000000000014e-04
-2.000049999999999883e-01 3.333333333333333547e-03 3.892594999999999888e-04
