5.000000000000000000e+00 1.111111111111111154e-02 1.692440999999999905e-09
5.000000000000000000e+00 1.000000000000000021e-02 2.853415999999999817e-09
5.000000000000000000e+00 9.090909090909090468e-03 1.318124999999999933e-08
5.000000000000000000e+00 8.333333333333333218e-03 7.196206999999999529e-08
5.000000000000000000e+00 7.692307692307692735e-03 3.819915999999999753e-07
5.000000000000000000e+00 7.142857142857142634e-03 1.643448000000000066e-06
5.000000000000000000e+00 6.666666666666667095e-03 6.141790000000000365e-06
5.000000000000000000e+00 6.250000000000000347e-03 2.033650000000000087e-05
5.000000000000000000e+00 5.882352941176470507e-03 5.979526999999999781e-05
5.000000000000000000e+00 5.555555555555555768e-03 1.357433000000000120e-04
5.000000000000000000e+00 5.263157894736841987e-03 3.225386000000000225e-04
5.000000000000000000e+00 5.000000000000000104e-03 6.506278000000000322e-04
5.000000000000000000e+00 4.761904761904762334e-03 1.340017999999999895e-03
5.000000000000000000e+00 4.545454545454545234e-03 2.554598999999999846e-03
5.000000000000000000e+00 4.347826086956521792e-03 4.664648999999999879e-03
5.000000000000000000e+00 4.166666666666666609e-03 9.091561999999999213e-03
5.000000000000000000e+00 4.000000000000000083e-03 1.729264999999999969e-02
5.000000000000000000e+00 3.846153846153846367e-03 3.176426999999999723e-02
5.000000000000000000e+00 3.703703703703703845e-03 4.000304999999999833e-02
5.000000000000000000e+00 3.571428571428571317e-03 4.000296999999999881e-02
5.000000000000000000e+00 3.448275862068965469e-03 4.000291000000000263e-02
5.000000000000000000e+00 3.333333333333333547e-03 4.000298000000000048e-02
